,PM2.5,PM10,SO2,NO2,CO,O3,U(m/s),V(m/s),TEMP(K),RH(%),PSFC(Pa),lon,date,IAQI_SO2,IAQI_NO2,IAQI_PM10,IAQI_CO,IAQI_O3,IAQI_PM25,IAQI
0,2.59,4.62,0.6,0.62,0.18,67.54,1.49,3.4,300.89,84.34,99357.4,"109.25,18.34",2013-5-26,0.6,0.775,4.62,4.5,33.77,3.6999999999999997,33.77
10,3.45,5.37,1.65,2.32,0.18,60.47,3.13,3.36,300.76,83.1,99052.66,"109.67,18.46",2013-5-26,1.65,2.9,5.37,4.5,30.235,4.928571428571429,30.235
20,3.79,5.48,0.94,2.47,0.18,58.71,2.3,2.91,300.34,84.73,98941.68,"109.81,18.59",2013-5-26,0.94,3.0875000000000004,5.48,4.5,29.355,5.414285714285715,29.355
30,5.07,6.72,1.17,3.23,0.19,57.98,2.74,3.64,297.73,88.03,94346.48,"109.68,18.72",2013-5-26,1.17,4.0375,6.72,4.75,28.99,7.242857142857144,28.99
40,4.84,6.28,0.7,2.12,0.19,59.4,2.31,5.02,297.26,91.05,94559.27,"109.27,18.87",2013-5-26,0.7,2.6500000000000004,6.28,4.75,29.7,6.914285714285715,29.7
50,3.36,4.81,0.84,1.42,0.19,65.95,1.06,6.5,302.2,70.2,99932.55,"108.85,19.02",2013-5-26,0.84,1.775,4.81,4.75,32.975,4.8,32.975
60,3.41,5.74,1.03,2.51,0.19,51.82,2.32,6.12,301.18,80.72,98908.09,"110.25,18.96",2013-5-26,1.03,3.1374999999999997,5.74,4.75,25.91,4.871428571428572,25.91
70,3.67,5.16,0.78,2.56,0.2,53.49,3.35,5.7,300.61,71.56,96628.91,"109.84,19.11",2013-5-26,0.78,3.2,5.16,5.0,26.745,5.242857142857143,26.745
80,3.29,4.4,0.76,1.8,0.19,61.8,3.81,6.5,301.25,66.88,97024.7,"109.28,19.27",2013-5-26,0.76,2.25,4.4,4.75,30.9,4.7,30.9
90,3.86,5.75,1.38,2.26,0.2,64.38,2.7,7.9,301.96,72.09,100150.73,"108.87,19.42",2013-5-26,1.38,2.8249999999999997,5.75,5.0,32.19,5.514285714285714,32.19
100,4.49,7.67,1.22,4.6,0.24,39.97,0.76,5.07,301.39,78.73,99220.46,"110.27,19.36",2013-5-26,1.22,5.75,7.67,6.0,19.985,6.414285714285715,19.985
110,4.51,7.31,1.05,4.28,0.25,42.59,1.62,4.62,302.02,71.02,99288.2,"110.0,19.51",2013-5-26,1.05,5.3500000000000005,7.31,6.25,21.295,6.442857142857143,21.295
120,5.08,8.17,0.93,4.15,0.26,41.8,1.99,5.09,302.12,69.91,99433.81,"109.87,19.64",2013-5-26,0.93,5.1875,8.17,6.5,20.9,7.257142857142857,20.9
130,5.14,7.83,1.32,3.9,0.25,49.97,2.64,5.58,302.33,67.81,99631.58,"109.59,19.79",2013-5-26,1.32,4.875,7.83,6.25,24.985,7.3428571428571425,24.985
140,1.76,7.87,0.63,1.28,0.15,48.32,1.99,9.7,301.57,87.93,100550.9,"111.0,19.72",2013-5-26,0.63,1.6,7.87,3.75,24.16,2.5142857142857142,24.16
150,3.12,7.11,0.98,3.3,0.19,39.45,1.4,6.81,301.76,83.62,100390.6,"110.87,19.86",2013-5-26,0.98,4.125,7.11,4.75,19.725,4.457142857142857,19.725
160,7.68,14.06,3.96,10.83,0.35,38.11,2.64,6.17,301.69,76.3,99676.53,"110.33,20.42",2013-5-26,3.96,13.5375,14.06,8.75,19.055,10.971428571428572,19.055
170,6.32,10.37,2.52,6.36,0.27,46.29,3.02,6.97,302.07,72.93,99829.27,"110.2,20.69",2013-5-26,2.52,7.95,10.37,6.75,23.145,9.028571428571428,23.145
180,6.43,9.62,1.83,4.82,0.23,54.55,3.15,6.42,302.42,71.68,100209.41,"110.08,21.1",2013-5-26,1.83,6.025,9.62,5.75,27.275,9.185714285714285,27.275
190,5.5,10.02,3.15,5.18,0.2,57.85,2.6,6.89,302.25,76.67,100491.96,"110.52,21.21",2013-5-26,3.15,6.475,10.02,5.0,28.925,7.857142857142858,28.925
200,5.45,10.25,2.27,4.07,0.2,61.07,2.39,7.06,302.2,78.23,100482.75,"110.67,21.34",2013-5-26,2.27,5.0875,10.25,5.0,30.535,7.7857142857142865,30.535
210,5.26,10.39,2.34,2.49,0.22,70.73,2.92,8.16,301.47,83.96,100274.73,"109.24,21.54",2013-5-26,2.34,3.1125000000000003,10.39,5.5,35.365,7.514285714285714,35.365
220,6.98,11.66,3.12,5.51,0.21,58.43,2.44,6.43,302.13,77.6,100398.47,"110.67,21.47",2013-5-26,3.12,6.887499999999999,11.66,5.25,29.215,9.971428571428572,29.215
230,9.33,10.03,4.33,1.16,0.17,57.6,2.48,3.45,296.42,78.01,89359.05,"101.33,21.69",2013-5-26,4.33,1.45,10.03,4.25,28.8,13.32857142857143,28.8
240,6.85,12.35,1.9,2.08,0.3,71.22,4.5,7.27,300.79,83.79,99120.59,"108.09,21.71",2013-5-26,1.9,2.6,12.35,7.5,35.61,9.785714285714285,35.61
250,7.52,11.18,1.63,4.24,0.24,61.76,2.75,6.7,301.41,80.82,100262.4,"109.82,21.65",2013-5-26,1.63,5.300000000000001,11.18,6.0,30.88,10.742857142857142,30.88
260,3.64,9.73,1.06,1.84,0.15,61.45,1.75,7.48,300.68,90.62,99853.73,"111.26,21.58",2013-5-26,1.06,2.3000000000000003,9.73,3.75,30.725,5.2,30.725
270,8.03,8.65,4.0,1.11,0.18,58.36,3.56,4.25,299.59,64.99,92125.55,"101.04,21.81",2013-5-26,4.0,1.3875000000000002,8.65,4.5,29.18,11.471428571428572,29.18
280,9.45,14.16,2.99,2.23,0.32,69.83,4.13,8.36,300.16,74.72,95516.8,"107.67,21.85",2013-5-26,2.99,2.7875,14.16,8.0,34.915,13.5,34.915
290,7.22,12.0,2.71,3.72,0.27,67.41,3.05,7.64,301.36,81.89,100067.66,"109.25,21.8",2013-5-26,2.71,4.65,12.0,6.75,33.705,10.314285714285715,33.705
300,9.95,14.51,5.66,9.06,0.24,55.13,2.12,6.14,301.91,78.05,100320.38,"110.69,21.74",2013-5-26,5.66,11.325000000000001,14.51,6.0,27.565,14.214285714285714,27.565
310,12.32,12.96,2.03,1.0,0.18,58.99,4.03,2.44,294.53,74.8,85357.02,"100.17,21.91",2013-5-26,2.03,1.25,12.96,4.5,29.495,17.6,29.495
320,9.0,9.59,3.94,1.03,0.17,59.31,5.73,3.62,295.66,77.81,87374.3,"101.61,21.97",2013-5-26,3.94,1.2875,9.59,4.25,29.655,12.857142857142858,29.655
330,7.95,13.36,2.25,2.9,0.39,66.15,3.89,8.74,299.68,82.77,96520.15,"108.1,21.97",2013-5-26,2.25,3.625,13.36,9.75,33.075,11.357142857142858,33.075
340,8.2,12.45,2.03,4.17,0.27,64.51,2.59,7.54,301.0,82.75,99697.22,"109.55,21.93",2013-5-26,2.03,5.2125,12.45,6.75,32.255,11.714285714285714,32.255
350,8.97,13.99,6.29,8.71,0.22,57.53,0.4,5.69,300.63,86.18,99518.75,"110.99,21.86",2013-5-26,6.29,10.887500000000001,13.99,5.5,28.765,12.814285714285715,28.765
360,0.34,7.25,0.22,0.6,0.09,42.99,1.59,9.16,300.25,93.49,100212.41,"112.85,21.75",2013-5-26,0.22,0.75,7.25,2.25,21.495,0.48571428571428577,21.495
370,9.52,10.17,3.74,1.07,0.18,58.28,3.35,4.0,296.95,75.93,89604.2,"101.31,22.09",2013-5-26,3.74,1.3375000000000001,10.17,4.5,29.14,13.6,29.14
380,9.59,15.81,3.03,4.34,0.46,63.22,3.77,8.46,300.87,74.7,96975.56,"107.96,22.11",2013-5-26,3.03,5.425,15.81,11.5,31.61,13.7,31.61
390,8.5,12.85,2.17,4.07,0.3,64.62,2.88,7.9,300.95,81.39,99587.51,"109.41,22.07",2013-5-26,2.17,5.0875,12.85,7.5,32.31,12.142857142857142,32.31
400,10.21,15.07,6.57,9.94,0.24,55.3,0.64,6.27,301.38,82.11,100159.02,"110.85,22.0",2013-5-26,6.57,12.424999999999999,15.07,6.0,27.65,14.585714285714287,27.65
410,1.4,7.04,0.39,1.1,0.13,45.09,2.05,8.41,300.5,88.14,99796.8,"112.29,21.92",2013-5-26,0.39,1.375,7.04,3.25,22.545,2.0,22.545
420,11.51,12.16,1.85,0.93,0.18,61.5,4.6,1.42,295.94,69.21,86620.94,"100.01,22.18",2013-5-26,1.85,1.1625,12.16,4.5,30.75,16.442857142857143,30.75
430,9.42,10.02,3.59,0.95,0.17,59.9,4.44,4.34,296.19,77.1,88324.98,"101.45,22.23",2013-5-26,3.59,1.1875,10.02,4.25,29.95,13.457142857142857,29.95
440,8.88,15.47,2.7,4.57,0.46,60.92,4.32,8.77,301.54,72.51,97704.95,"108.11,22.24",2013-5-26,2.7,5.7125,15.47,11.5,30.46,12.685714285714287,30.46
450,8.83,12.8,2.05,4.33,0.29,63.48,2.71,8.05,300.27,83.3,98728.8,"109.56,22.19",2013-5-26,2.05,5.4125,12.8,7.249999999999999,31.74,12.614285714285714,31.74
460,9.29,13.83,4.94,7.92,0.23,57.59,0.34,6.72,299.69,88.05,98280.28,"111.0,22.13",2013-5-26,4.94,9.9,13.83,5.75,28.795,13.27142857142857,28.795
470,2.3,8.05,0.5,1.95,0.18,43.27,1.97,8.32,300.77,86.58,100041.16,"112.44,22.04",2013-5-26,0.5,2.4375,8.05,4.5,21.635,3.2857142857142856,21.635
480,12.18,12.88,1.92,1.05,0.18,62.06,3.59,0.5,295.03,73.61,86225.05,"100.0,22.31",2013-5-26,1.92,1.3125,12.88,4.5,31.03,17.4,31.03
490,9.67,10.26,3.53,0.96,0.18,60.73,4.21,4.19,296.74,73.85,88565.48,"101.45,22.36",2013-5-26,3.53,1.2,10.26,4.5,30.365,13.814285714285715,30.365
500,11.55,19.18,3.51,6.05,0.52,57.34,4.54,8.05,302.55,66.3,98095.22,"107.83,22.38",2013-5-26,3.51,7.5625,19.18,13.0,28.67,16.5,28.67
510,10.1,15.56,2.91,5.51,0.42,64.56,2.86,8.63,300.92,81.0,99241.9,"109.27,22.34",2013-5-26,2.91,6.887499999999999,15.56,10.5,32.28,14.428571428571429,32.28
520,11.53,15.69,4.36,8.97,0.26,53.5,1.31,6.56,300.47,83.82,99186.73,"110.72,22.28",2013-5-26,4.36,11.2125,15.69,6.5,26.75,16.47142857142857,26.75
530,4.01,8.46,1.08,3.34,0.2,45.57,2.32,7.49,299.04,92.16,98115.53,"112.17,22.19",2013-5-26,1.08,4.175,8.46,5.0,22.785,5.728571428571429,22.785
540,12.32,13.07,1.91,1.26,0.18,59.49,4.24,1.1,295.13,73.72,86441.23,"99.71,22.43",2013-5-26,1.91,1.575,13.07,4.5,29.745,17.6,29.745
550,12.34,13.05,3.55,1.49,0.19,60.37,3.66,3.37,295.56,75.37,86814.95,"101.15,22.49",2013-5-26,3.55,1.8625,13.05,4.75,30.185,17.62857142857143,30.185
560,13.68,16.25,4.84,3.28,0.28,64.99,4.59,5.48,302.16,64.95,96542.37,"106.67,22.54",2013-5-26,4.84,4.1,16.25,7.000000000000001,32.495,19.542857142857144,32.495
570,10.74,20.18,3.17,7.78,0.55,55.5,3.59,7.3,302.5,68.28,98601.48,"108.12,22.51",2013-5-26,3.17,9.725,20.18,13.750000000000002,27.75,15.342857142857143,27.75
580,9.14,13.11,2.38,4.37,0.31,64.29,3.22,9.47,300.2,81.99,98289.08,"109.57,22.46",2013-5-26,2.38,5.4625,13.11,7.75,32.145,13.057142857142859,32.145
590,9.22,13.26,4.29,6.96,0.23,58.91,1.52,8.47,298.47,89.4,96278.66,"111.02,22.39",2013-5-26,4.29,8.7,13.26,5.75,29.455,13.171428571428573,29.455
600,5.11,10.0,0.96,4.2,0.32,41.73,1.94,7.71,301.03,84.18,100430.75,"112.46,22.31",2013-5-26,0.96,5.25,10.0,8.0,20.865,7.300000000000001,20.865
610,12.99,13.78,2.13,1.34,0.19,62.5,4.06,0.34,293.74,79.63,85153.88,"99.7,22.56",2013-5-26,2.13,1.675,13.78,4.75,31.25,18.557142857142857,31.25
620,13.05,13.81,3.18,1.66,0.19,60.8,3.76,2.4,295.55,74.19,86599.6,"101.15,22.62",2013-5-26,3.18,2.0749999999999997,13.81,4.75,30.4,18.642857142857146,30.4
630,12.81,13.57,3.84,2.07,0.2,58.46,-1.05,0.19,297.53,73.7,90666.46,"103.04,22.67",2013-5-26,3.84,2.5875,13.57,5.0,29.23,18.3,29.23
640,13.33,21.6,4.03,7.91,0.55,53.46,4.53,6.27,302.91,65.05,98383.18,"107.69,22.65",2013-5-26,4.03,9.8875,21.6,13.750000000000002,26.73,19.042857142857144,26.73
650,10.51,17.06,2.84,6.81,0.52,64.35,3.3,9.42,301.29,78.76,99026.05,"109.14,22.61",2013-5-26,2.84,8.5125,17.06,13.0,32.175,15.014285714285714,32.175
660,10.77,13.58,3.41,6.09,0.24,58.04,1.83,9.42,298.62,87.0,96286.64,"110.59,22.55",2013-5-26,3.41,7.6125,13.58,6.0,29.02,15.385714285714286,29.02
670,6.15,10.11,1.58,4.78,0.26,47.41,2.12,8.72,299.65,86.26,98012.34,"112.04,22.47",2013-5-26,1.58,5.9750000000000005,10.11,6.5,23.705,8.785714285714286,23.705
680,4.23,10.64,3.4,7.61,0.39,38.11,1.06,8.47,300.25,88.31,100103.2,"113.49,22.37",2013-5-26,3.4,9.512500000000001,10.64,9.75,19.055,6.042857142857144,19.055
690,13.01,13.78,2.38,1.43,0.19,62.0,3.18,2.09,296.59,68.16,87276.22,"100.71,22.74",2013-5-26,2.38,1.7874999999999999,13.78,4.75,31.0,18.585714285714285,31.0
700,12.97,13.58,3.05,1.45,0.19,61.13,2.14,0.35,296.01,78.78,88756.2,"102.16,22.78",2013-5-26,3.05,1.8125,13.58,4.75,30.565,18.52857142857143,30.565
710,8.35,8.86,3.17,1.61,0.18,59.81,4.17,-2.03,300.37,61.15,92007.39,"103.76,22.81",2013-5-26,3.17,2.0125,8.86,4.5,29.905,11.928571428571429,29.905
720,13.78,22.11,4.04,8.06,0.55,52.8,4.75,6.73,301.75,68.79,96939.38,"107.69,22.79",2013-5-26,4.04,10.075000000000001,22.11,13.750000000000002,26.4,19.685714285714287,26.4
730,10.71,17.42,2.89,7.07,0.53,64.01,3.62,9.33,301.48,77.58,98977.77,"109.15,22.75",2013-5-26,2.89,8.8375,17.42,13.25,32.005,15.3,32.005
740,10.52,13.19,3.54,5.78,0.24,59.41,2.64,9.81,300.3,79.05,97854.57,"110.6,22.68",2013-5-26,3.54,7.2250000000000005,13.19,6.0,29.705,15.028571428571428,29.705
750,7.18,11.2,1.73,5.57,0.3,47.46,2.48,8.7,299.95,84.64,98253.1,"112.05,22.6",2013-5-26,1.73,6.9625,11.2,7.5,23.73,10.257142857142856,23.73
760,6.54,13.32,4.97,11.27,0.51,35.58,0.92,8.41,300.55,86.06,100266.74,"113.5,22.51",2013-5-26,4.97,14.087499999999999,13.32,12.75,17.79,9.342857142857143,17.79
770,12.88,13.65,2.17,1.31,0.19,62.0,2.75,1.39,297.15,68.16,88230.05,"100.56,22.87",2013-5-26,2.17,1.6375000000000002,13.65,4.75,31.0,18.400000000000002,31.0
780,13.8,14.42,2.91,1.53,0.19,61.27,3.22,1.1,294.23,83.81,86163.07,"102.01,22.92",2013-5-26,2.91,1.9125,14.42,4.75,30.635,19.714285714285715,30.635
790,8.96,9.44,3.23,1.56,0.18,60.86,5.13,0.22,299.6,63.08,91163.54,"103.47,22.94",2013-5-26,3.23,1.9500000000000002,9.44,4.5,30.43,12.8,30.43
800,13.72,14.97,5.05,2.73,0.24,62.96,4.96,3.98,300.17,64.78,91949.16,"105.95,22.95",2013-5-26,5.05,3.4125,14.97,6.0,31.48,19.6,31.48
810,13.37,20.97,4.04,7.67,0.53,54.82,4.31,6.78,302.11,67.43,97087.66,"107.7,22.92",2013-5-26,4.04,9.5875,20.97,13.25,27.41,19.099999999999998,27.41
820,11.86,19.02,3.07,7.88,0.57,63.33,3.44,8.62,301.08,79.27,98611.27,"109.15,22.88",2013-5-26,3.07,9.85,19.02,14.249999999999998,31.665,16.942857142857143,31.665
830,11.64,14.35,4.09,6.08,0.25,59.52,3.03,9.1,300.71,77.75,98548.47,"110.61,22.82",2013-5-26,4.09,7.6,14.35,6.25,29.76,16.62857142857143,29.76
840,8.12,12.24,1.89,6.43,0.34,47.47,2.43,8.64,299.86,84.49,97956.49,"112.06,22.74",2013-5-26,1.89,8.0375,12.24,8.5,23.735,11.6,23.735
850,8.72,16.11,6.6,14.42,0.59,33.58,0.66,8.16,300.73,85.12,100509.53,"113.51,22.64",2013-5-26,6.6,18.025,16.11,14.75,16.79,12.457142857142859,18.025
860,12.82,13.62,2.21,1.4,0.19,62.0,1.23,0.22,297.1,68.84,88441.4,"100.4,23.0",2013-5-26,2.21,1.75,13.62,4.75,31.0,18.314285714285717,31.0
870,14.07,14.68,2.81,1.71,0.19,60.82,2.89,1.65,293.71,84.42,85264.23,"101.86,23.05",2013-5-26,2.81,2.1375,14.68,4.75,30.41,20.1,30.41
880,10.48,11.0,2.91,1.66,0.19,61.78,5.72,0.16,297.19,71.74,88939.63,"103.32,23.08",2013-5-26,2.91,2.0749999999999997,11.0,4.75,30.89,14.971428571428572,30.89
890,10.55,11.3,3.24,2.26,0.19,59.5,7.64,1.75,296.29,68.9,85493.84,"104.78,23.09",2013-5-26,3.24,2.8249999999999997,11.3,4.75,29.75,15.071428571428573,29.75
900,14.52,18.25,4.74,4.09,0.32,63.09,5.05,7.2,300.13,70.9,93690.07,"106.97,23.07",2013-5-26,4.74,5.1125,18.25,8.0,31.545,20.742857142857144,31.545
910,23.83,44.37,17.36,35.98,1.06,48.64,2.36,7.7,301.39,74.35,97993.82,"108.43,23.04",2013-5-26,17.36,44.974999999999994,44.37,26.5,24.32,34.042857142857144,44.974999999999994
920,13.62,17.34,4.16,5.96,0.34,63.53,2.79,9.03,301.81,74.25,99634.84,"109.89,22.98",2013-5-26,4.16,7.45,17.34,8.5,31.765,19.457142857142856,31.765
930,10.67,15.88,3.02,7.42,0.29,54.87,2.39,7.61,300.36,76.2,97495.85,"111.34,22.91",2013-5-26,3.02,9.275,15.88,7.249999999999999,27.435,15.242857142857144,27.435
940,7.79,13.22,4.23,12.67,0.54,36.0,1.77,9.19,300.79,81.87,99447.49,"112.8,22.82",2013-5-26,4.23,15.8375,13.22,13.5,18.0,11.128571428571428,18.0
950,6.74,13.74,3.73,15.53,0.45,33.95,-0.93,7.88,299.58,90.86,99890.38,"114.39,22.71",2013-5-26,3.73,19.412499999999998,13.74,11.25,16.975,9.62857142857143,19.412499999999998
960,13.48,14.28,2.44,1.65,0.19,61.15,2.89,0.68,295.78,73.51,86956.65,"100.4,23.13",2013-5-26,2.44,2.0625,14.28,4.75,30.575,19.25714285714286,30.575
970,14.89,15.53,2.66,1.86,0.2,60.05,2.65,1.74,293.21,85.28,84687.38,"101.86,23.18",2013-5-26,2.66,2.325,15.53,5.0,30.025,21.271428571428572,30.025
980,12.49,13.14,2.74,1.74,0.19,61.28,7.31,2.04,292.8,86.23,83363.93,"103.32,23.21",2013-5-26,2.74,2.175,13.14,4.75,30.64,17.842857142857145,30.64
990,10.27,10.99,3.15,2.27,0.19,60.32,7.56,2.16,296.62,67.22,85665.27,"104.78,23.22",2013-5-26,3.15,2.8375,10.99,4.75,30.16,14.67142857142857,30.16
1000,13.94,16.07,4.81,3.11,0.27,64.31,6.12,6.89,299.7,69.8,92376.54,"106.68,23.21",2013-5-26,4.81,3.8874999999999997,16.07,6.75,32.155,19.914285714285715,32.155
1010,15.5,27.54,5.18,13.54,0.68,49.64,2.88,7.06,303.17,66.52,99254.08,"108.14,23.18",2013-5-26,5.18,16.924999999999997,27.54,17.0,24.82,22.142857142857142,27.54
1020,14.81,20.32,5.35,7.1,0.39,64.43,3.59,8.39,301.88,75.12,99732.13,"109.6,23.13",2013-5-26,5.35,8.875,20.32,9.75,32.215,21.15714285714286,32.215
1030,11.7,16.81,5.25,7.04,0.27,58.95,3.38,8.76,300.59,76.9,98058.41,"111.06,23.06",2013-5-26,5.25,8.8,16.81,6.75,29.475,16.714285714285715,29.475
1040,9.48,14.47,2.37,9.78,0.49,40.4,1.67,8.08,301.11,81.37,99939.55,"112.51,22.98",2013-5-26,2.37,12.225,14.47,12.25,20.2,13.542857142857144,20.2
1050,18.53,29.04,15.11,24.18,0.93,26.82,0.1,8.78,300.09,87.14,100145.3,"113.97,22.87",2013-5-26,15.11,30.225,29.04,23.25,13.41,26.471428571428575,30.225
1060,12.21,12.95,2.01,0.84,0.18,62.04,0.53,2.03,296.32,75.78,89417.37,"98.93,23.2",2013-5-26,2.01,1.05,12.95,4.5,31.02,17.442857142857143,31.02
1070,13.28,14.06,2.48,1.57,0.19,60.93,4.43,1.42,295.4,74.4,86171.1,"100.39,23.27",2013-5-26,2.48,1.9625000000000001,14.06,4.75,30.465,18.97142857142857,30.465
1080,15.43,16.21,2.79,2.1,0.2,61.71,3.23,2.3,292.37,87.22,83422.19,"101.85,23.31",2013-5-26,2.79,2.625,16.21,5.0,30.855,22.042857142857144,30.855
1090,13.68,14.9,4.92,3.07,0.21,62.39,8.03,3.49,293.25,80.01,82721.16,"103.32,23.34",2013-5-26,4.92,3.8375,14.9,5.25,31.195,19.542857142857144,31.195
1100,10.31,11.09,3.46,2.66,0.19,60.57,6.5,2.12,297.74,64.16,87014.88,"104.78,23.36",2013-5-26,3.46,3.325,11.09,4.75,30.285,14.72857142857143,30.285
1110,13.37,14.62,4.39,2.55,0.23,63.91,6.16,5.9,298.15,71.38,89734.66,"106.24,23.35",2013-5-26,4.39,3.1875,14.62,5.75,31.955,19.099999999999998,31.955
1120,15.88,23.69,5.06,10.08,0.59,56.32,2.77,5.71,302.4,67.14,97736.86,"107.71,23.33",2013-5-26,5.06,12.6,23.69,14.75,28.16,22.685714285714287,28.16
1130,12.98,19.92,3.89,7.39,0.54,65.36,3.91,9.01,301.7,75.08,98736.76,"109.17,23.28",2013-5-26,3.89,9.237499999999999,19.92,13.5,32.68,18.542857142857144,32.68
1140,12.04,14.51,4.29,5.68,0.25,61.81,3.61,9.3,301.13,75.68,98853.33,"110.63,23.22",2013-5-26,4.29,7.1,14.51,6.25,30.905,17.2,30.905
1150,10.07,14.29,2.78,10.84,0.39,45.5,1.56,7.45,300.99,79.01,99028.85,"112.09,23.14",2013-5-26,2.78,13.55,14.29,9.75,22.75,14.385714285714286,22.75
1160,18.6,31.05,13.56,28.54,0.79,26.49,0.02,8.03,300.48,85.94,100357.87,"113.54,23.04",2013-5-26,13.56,35.675,31.05,19.75,13.245,26.571428571428573,35.675
1170,2.86,6.34,1.05,2.43,0.16,43.08,-1.01,6.98,298.17,93.83,98182.36,"115.0,22.92",2013-5-26,1.05,3.0375,6.34,4.0,21.54,4.085714285714285,21.54
1180,13.65,14.38,2.17,1.17,0.18,61.94,4.18,2.6,291.67,89.0,82657.09,"99.22,23.35",2013-5-26,2.17,1.4625,14.38,4.5,30.97,19.5,30.97
1190,15.31,16.3,3.09,2.11,0.2,60.5,2.28,1.97,295.21,78.04,86818.11,"100.68,23.41",2013-5-26,3.09,2.6374999999999997,16.3,5.0,30.25,21.871428571428574,30.25
1200,12.63,13.71,2.82,2.56,0.21,63.17,4.34,0.28,297.36,66.45,87881.2,"102.14,23.46",2013-5-26,2.82,3.2,13.71,5.25,31.585,18.042857142857144,31.585
1210,14.74,16.42,5.89,3.77,0.22,62.51,8.02,2.19,290.7,89.16,79958.14,"103.61,23.48",2013-5-26,5.89,4.7125,16.42,5.5,31.255,21.057142857142857,31.255
1220,13.18,14.19,4.02,3.36,0.22,58.88,4.42,4.42,296.03,73.64,86400.33,"105.07,23.49",2013-5-26,4.02,4.2,14.19,5.5,29.44,18.82857142857143,29.44
1230,13.37,14.79,4.85,2.81,0.24,64.4,6.68,6.47,298.73,69.92,90401.09,"106.54,23.48",2013-5-26,4.85,3.5125,14.79,6.0,32.2,19.099999999999998,32.2
1240,16.73,25.98,4.97,11.31,0.66,54.16,2.56,6.38,302.01,69.74,97593.62,"108.0,23.45",2013-5-26,4.97,14.137500000000001,25.98,16.5,27.08,23.900000000000002,27.08
1250,12.92,17.93,3.87,5.6,0.37,66.9,3.02,8.38,301.06,77.68,98349.84,"109.47,23.41",2013-5-26,3.87,7.0,17.93,9.25,33.45,18.45714285714286,33.45
1260,12.64,17.3,4.41,6.52,0.27,59.82,3.76,8.19,301.47,74.0,99223.74,"110.93,23.34",2013-5-26,4.41,8.149999999999999,17.3,6.75,29.91,18.057142857142857,29.91
1270,12.18,17.08,4.03,13.22,0.47,40.96,1.89,8.0,299.56,86.06,97935.3,"112.39,23.26",2013-5-26,4.03,16.525000000000002,17.08,11.75,20.48,17.4,20.48
1280,18.8,30.17,10.89,24.15,0.82,26.42,-0.93,7.37,299.93,87.24,100115.81,"113.85,23.15",2013-5-26,10.89,30.1875,30.17,20.5,13.21,26.857142857142858,30.1875
1290,5.93,9.31,2.35,4.42,0.23,42.45,-0.15,5.92,298.38,93.33,98798.47,"115.3,23.03",2013-5-26,2.35,5.525,9.31,5.75,21.225,8.471428571428572,21.225
1300,13.6,14.43,2.1,1.26,0.19,60.23,1.67,1.6,295.88,77.5,88863.8,"98.92,23.47",2013-5-26,2.1,1.575,14.43,4.75,30.115,19.428571428571427,30.115
1310,12.55,13.31,2.4,1.52,0.19,59.8,3.44,1.55,296.55,70.46,87605.26,"100.38,23.53",2013-5-26,2.4,1.9,13.31,4.75,29.9,17.92857142857143,29.9
1320,13.02,14.09,2.92,2.27,0.2,64.77,6.93,3.61,295.11,72.7,85051.96,"101.85,23.58",2013-5-26,2.92,2.8375,14.09,5.0,32.385,18.6,32.385
1330,13.22,15.6,6.78,5.11,0.24,62.32,5.86,1.63,295.48,70.25,84858.51,"103.31,23.61",2013-5-26,6.78,6.3875,15.6,6.0,31.16,18.885714285714286,31.16
1340,11.85,12.71,4.06,3.05,0.2,62.66,6.3,2.25,295.76,70.3,85056.66,"104.78,23.63",2013-5-26,4.06,3.8125,12.71,5.0,31.33,16.928571428571427,31.33
1350,12.22,13.22,3.77,2.22,0.22,64.32,6.48,5.83,298.37,70.19,89769.34,"106.25,23.62",2013-5-26,3.77,2.7750000000000004,13.22,5.5,32.16,17.45714285714286,32.16
1360,17.25,24.16,5.57,8.32,0.53,59.67,3.32,6.17,301.17,71.04,96232.42,"107.71,23.59",2013-5-26,5.57,10.4,24.16,13.25,29.835,24.642857142857142,29.835
1370,14.12,20.4,5.02,6.99,0.45,66.42,3.74,7.96,301.78,74.76,98852.03,"109.18,23.55",2013-5-26,5.02,8.7375,20.4,11.25,33.21,20.17142857142857,33.21
1380,14.8,17.49,5.08,6.29,0.27,62.01,3.58,7.74,301.62,74.15,99458.67,"110.65,23.49",2013-5-26,5.08,7.8625,17.49,6.75,31.005,21.142857142857146,31.005
1390,10.83,14.51,2.46,9.74,0.35,46.48,2.11,7.63,299.38,85.01,97563.43,"112.11,23.41",2013-5-26,2.46,12.175,14.51,8.75,23.24,15.471428571428572,23.24
1400,22.99,36.27,17.25,31.18,0.73,25.31,-0.62,7.8,299.87,86.48,99480.01,"113.57,23.31",2013-5-26,17.25,38.975,36.27,18.25,12.655,32.84285714285714,38.975
1410,4.15,6.78,1.29,3.11,0.19,43.53,-0.52,7.92,298.61,88.16,98069.76,"115.02,23.19",2013-5-26,1.29,3.8874999999999997,6.78,4.75,21.765,5.928571428571429,21.765
1420,6.25,9.72,2.29,3.79,0.1,49.99,-0.91,6.49,299.7,90.09,100605.59,"116.48,23.06",2013-5-26,2.29,4.7375,9.72,2.5,24.995,8.928571428571429,24.995
1430,15.44,16.55,3.48,2.14,0.2,60.19,3.16,0.52,293.74,83.34,85975.08,"99.49,23.63",2013-5-26,3.48,2.6750000000000003,16.55,5.0,30.095,22.057142857142857,30.095
1440,14.99,16.18,2.5,1.49,0.19,61.32,4.96,2.69,292.67,83.89,83246.64,"100.96,23.69",2013-5-26,2.5,1.8625,16.18,4.75,30.66,21.414285714285715,30.66
1450,13.59,15.93,3.11,3.39,0.23,61.97,6.71,1.94,293.43,78.15,83141.89,"102.43,23.73",2013-5-26,3.11,4.2375,15.93,5.75,30.985,19.414285714285715,30.985
1460,12.06,13.95,5.52,3.89,0.22,65.44,8.02,0.09,295.81,67.62,84597.09,"103.9,23.76",2013-5-26,5.52,4.8625,13.95,5.5,32.72,17.22857142857143,32.72
1470,11.52,12.26,3.67,2.47,0.2,64.39,7.23,5.22,296.97,68.73,86750.11,"105.37,23.76",2013-5-26,3.67,3.0875000000000004,12.26,5.0,32.195,16.457142857142856,32.195
1480,16.87,19.59,6.69,5.72,0.3,68.54,0.47,1.85,303.5,60.74,97745.65,"106.84,23.75",2013-5-26,6.69,7.1499999999999995,19.59,7.5,34.27,24.1,34.27
1490,17.13,24.83,6.67,10.58,0.6,59.27,3.5,7.68,299.8,78.45,95659.12,"108.31,23.71",2013-5-26,6.67,13.225,24.83,15.0,29.635,24.47142857142857,29.635
1500,13.29,16.37,4.65,5.49,0.3,67.49,2.24,8.37,299.6,82.76,96992.93,"109.77,23.66",2013-5-26,4.65,6.862500000000001,16.37,7.5,33.745,18.985714285714284,33.745
1510,17.62,24.3,6.97,9.26,0.32,55.04,2.94,6.13,300.74,76.91,98859.91,"111.24,23.59",2013-5-26,6.97,11.575,24.3,8.0,27.52,25.171428571428574,27.52
1520,12.55,17.57,5.11,18.11,0.49,36.04,1.11,6.63,300.58,83.19,99653.54,"112.7,23.5",2013-5-26,5.11,22.6375,17.57,12.25,18.02,17.92857142857143,22.6375
1530,14.75,19.51,11.46,20.57,0.69,32.52,0.16,7.52,298.7,89.23,98125.05,"114.16,23.4",2013-5-26,11.46,25.7125,19.51,17.25,16.26,21.071428571428573,25.7125
1540,9.0,11.4,1.76,4.21,0.17,45.58,-0.08,6.31,297.24,94.61,97088.11,"115.62,23.27",2013-5-26,1.76,5.2625,11.4,4.25,22.79,12.857142857142858,22.79
1550,17.32,20.87,5.22,19.62,0.18,72.99,0.0,1.48,300.05,69.75,99743.06,"120.54,22.71",2013-5-26,5.22,24.525000000000002,20.87,4.5,36.495,24.742857142857144,36.495
1560,14.79,15.74,2.95,1.72,0.19,60.66,5.02,1.47,290.61,91.31,81207.92,"99.78,23.78",2013-5-26,2.95,2.15,15.74,4.75,30.33,21.128571428571426,30.33
1570,14.05,15.48,2.47,1.55,0.2,61.75,5.21,0.4,294.78,73.83,84896.97,"101.25,23.83",2013-5-26,2.47,1.9375,15.48,5.0,30.875,20.071428571428573,30.875
1580,12.54,15.07,2.78,2.86,0.24,62.55,8.66,1.73,294.07,72.56,82876.38,"102.72,23.87",2013-5-26,2.78,3.5749999999999997,15.07,6.0,31.275,17.914285714285715,31.275
1590,12.35,13.78,5.37,3.43,0.2,67.78,9.28,2.46,294.54,71.76,83072.92,"104.19,23.89",2013-5-26,5.37,4.2875000000000005,13.78,5.0,33.89,17.642857142857142,33.89
1600,11.56,12.25,3.83,2.63,0.2,66.55,5.03,2.89,298.06,67.38,88584.62,"105.66,23.89",2013-5-26,3.83,3.2874999999999996,12.25,5.0,33.275,16.514285714285716,33.275
1610,17.94,21.47,6.93,7.43,0.32,68.81,1.47,5.21,301.11,68.41,95066.09,"107.13,23.88",2013-5-26,6.93,9.2875,21.47,8.0,34.405,25.62857142857143,34.405
1620,15.91,22.44,6.7,8.74,0.49,62.54,3.74,6.57,301.25,72.9,97157.02,"108.6,23.84",2013-5-26,6.7,10.925,22.44,12.25,31.27,22.728571428571428,31.27
1630,15.71,18.46,5.13,5.97,0.3,66.69,3.47,7.37,297.67,88.89,94493.04,"110.07,23.78",2013-5-26,5.13,7.4624999999999995,18.46,7.5,33.345,22.442857142857143,33.345
1640,13.91,18.58,4.28,8.16,0.29,54.47,2.88,7.43,301.1,76.03,99117.22,"111.54,23.71",2013-5-26,4.28,10.2,18.58,7.249999999999999,27.235,19.871428571428574,27.235
1650,15.43,22.31,10.33,23.63,0.59,32.25,0.41,7.64,300.59,83.6,99926.51,"113.01,23.62",2013-5-26,10.33,29.537499999999998,22.31,14.75,16.125,22.042857142857144,29.537499999999998
1660,10.46,14.81,7.37,12.91,0.48,37.08,-0.39,7.46,299.23,86.78,99079.35,"114.47,23.51",2013-5-26,7.37,16.1375,14.81,12.0,18.54,14.942857142857145,18.54
1670,14.47,18.15,3.3,6.36,0.21,44.37,-0.34,5.04,299.23,86.53,99605.19,"115.93,23.38",2013-5-26,3.3,7.95,18.15,5.25,22.185,20.671428571428574,22.185
1680,22.36,25.32,3.38,17.58,0.18,75.73,1.33,0.21,291.15,92.84,85550.88,"120.85,22.81",2013-5-26,3.38,21.974999999999998,25.32,4.5,37.865,31.942857142857143,37.865
1690,14.5,15.42,2.78,1.75,0.19,60.11,3.7,3.13,293.01,83.53,84510.01,"99.77,23.91",2013-5-26,2.78,2.1875,15.42,4.75,30.055,20.714285714285715,30.055
1700,15.09,16.87,2.55,1.78,0.2,60.68,4.14,-0.18,294.0,78.04,84701.7,"101.24,23.97",2013-5-26,2.55,2.225,16.87,5.0,30.34,21.557142857142857,30.34
1710,13.36,16.88,3.45,4.13,0.28,61.47,8.28,0.88,293.91,72.72,82671.23,"102.72,24.01",2013-5-26,3.45,5.1625,16.88,7.000000000000001,30.735,19.085714285714285,30.735
1720,12.47,14.07,5.32,3.55,0.21,67.48,8.97,2.57,295.21,68.73,83413.12,"104.19,24.03",2013-5-26,5.32,4.4375,14.07,5.25,33.74,17.814285714285717,33.74
1730,11.48,12.17,3.83,2.43,0.2,68.17,3.87,2.66,299.37,64.47,90346.05,"105.66,24.03",2013-5-26,3.83,3.0375,12.17,5.0,34.085,16.400000000000002,34.085
1740,16.87,19.73,6.22,6.16,0.3,70.34,2.37,5.37,301.01,68.04,94731.36,"107.14,24.01",2013-5-26,6.22,7.7,19.73,7.5,35.17,24.1,35.17
1750,15.85,21.4,6.48,7.7,0.4,63.55,3.2,6.21,300.9,74.4,97036.03,"108.61,23.97",2013-5-26,6.48,9.625,21.4,10.0,31.775,22.642857142857142,31.775
1760,14.5,16.89,4.74,5.2,0.28,68.1,3.09,8.38,296.76,90.65,92849.39,"110.08,23.92",2013-5-26,4.74,6.5,16.89,7.000000000000001,34.05,20.714285714285715,34.05
1770,14.68,19.19,4.06,7.81,0.29,54.61,2.61,7.09,301.15,76.66,99513.09,"111.55,23.84",2013-5-26,4.06,9.7625,19.19,7.249999999999999,27.305,20.97142857142857,27.305
1780,15.21,21.25,9.83,22.05,0.57,34.15,0.2,7.95,299.71,86.72,98920.8,"113.02,23.75",2013-5-26,9.83,27.5625,21.25,14.249999999999998,17.075,21.72857142857143,27.5625
1790,10.41,14.45,7.41,11.97,0.41,38.87,-0.33,8.18,298.03,90.3,97307.8,"114.48,23.64",2013-5-26,7.41,14.9625,14.45,10.25,19.435,14.871428571428572,19.435
1800,18.91,22.9,4.75,8.12,0.23,43.8,-0.38,4.1,297.9,91.14,98152.84,"115.94,23.51",2013-5-26,4.75,10.149999999999999,22.9,5.75,21.9,27.014285714285716,27.014285714285716
1810,23.75,27.77,8.03,23.35,0.19,74.65,-0.25,1.43,300.01,70.03,100098.5,"120.44,23.0",2013-5-26,8.03,29.1875,27.77,4.75,37.325,33.92857142857143,37.325
1820,16.84,17.87,2.66,1.87,0.2,59.44,5.22,2.81,289.91,95.02,80518.51,"99.18,24.02",2013-5-26,2.66,2.3375000000000004,17.87,5.0,29.72,24.057142857142857,29.72
1830,14.82,15.75,2.59,1.65,0.19,60.31,2.2,1.37,293.99,75.43,83962.96,"100.65,24.08",2013-5-26,2.59,2.0625,15.75,4.75,30.155,21.17142857142857,30.155
1840,14.14,17.74,3.71,5.08,0.29,58.4,5.47,1.93,294.61,71.08,83698.52,"102.12,24.13",2013-5-26,3.71,6.35,17.74,7.249999999999999,29.2,20.200000000000003,29.2
1850,13.52,17.5,6.0,5.82,0.28,64.87,6.02,2.39,296.19,67.08,85105.06,"103.6,24.16",2013-5-26,6.0,7.275,17.5,7.000000000000001,32.435,19.314285714285713,32.435
1860,12.66,13.44,4.48,2.76,0.2,69.72,6.22,2.51,298.05,64.72,87502.93,"105.07,24.16",2013-5-26,4.48,3.4499999999999997,13.44,5.0,34.86,18.085714285714285,34.86
1870,17.13,18.87,6.17,4.36,0.24,67.49,0.46,1.0,300.3,69.67,94396.77,"106.55,24.15",2013-5-26,6.17,5.45,18.87,6.0,33.745,24.47142857142857,33.745
1880,16.7,20.71,4.53,4.88,0.34,68.0,3.57,7.43,299.03,78.36,93801.65,"108.02,24.12",2013-5-26,4.53,6.1,20.71,8.5,34.0,23.857142857142858,34.0
1890,13.92,17.13,5.62,5.19,0.31,70.81,2.93,8.23,301.27,76.51,98533.57,"109.5,24.08",2013-5-26,5.62,6.487500000000001,17.13,7.75,35.405,19.885714285714286,35.405
1900,14.39,17.8,4.36,5.53,0.26,63.1,2.38,7.66,299.63,82.33,97631.32,"110.97,24.01",2013-5-26,4.36,6.9125000000000005,17.8,6.5,31.55,20.557142857142857,31.55
1910,10.62,13.34,2.57,9.6,0.3,46.14,1.51,7.97,298.49,87.26,96321.77,"112.44,23.93",2013-5-26,2.57,12.0,13.34,7.5,23.07,15.17142857142857,23.07
1920,12.27,17.01,8.75,16.53,0.51,38.91,-0.62,9.25,297.75,89.82,95884.94,"113.91,23.82",2013-5-26,8.75,20.6625,17.01,12.75,19.455,17.52857142857143,20.6625
1930,10.16,12.3,2.0,4.87,0.19,45.67,0.02,7.14,297.3,89.58,96348.27,"115.37,23.7",2013-5-26,2.0,6.0875,12.3,4.75,22.835,14.514285714285714,22.835
1940,9.44,13.13,3.52,6.09,0.13,55.0,-1.76,5.12,299.41,89.33,100664.34,"116.83,23.56",2013-5-26,3.52,7.6125,13.13,3.25,27.5,13.485714285714286,27.5
1950,18.08,19.51,2.83,1.97,0.21,56.89,1.12,0.32,295.27,83.81,88737.03,"97.7,24.07",2013-5-26,2.83,2.4625,19.51,5.25,28.445,25.828571428571426,28.445
1960,16.41,17.38,2.74,1.87,0.2,59.88,3.61,1.31,291.05,87.74,81182.16,"99.61,24.17",2013-5-26,2.74,2.3375000000000004,17.38,5.0,29.94,23.442857142857143,29.94
1970,15.26,17.05,2.59,1.97,0.2,60.99,2.92,0.82,293.25,79.02,83616.89,"101.09,24.23",2013-5-26,2.59,2.4625,17.05,5.0,30.495,21.8,30.495
1980,16.11,23.49,8.08,9.68,0.48,59.75,7.15,1.8,292.41,77.91,81084.66,"102.56,24.27",2013-5-26,8.08,12.1,23.49,12.0,29.875,23.014285714285712,29.875
1990,13.5,16.44,5.73,4.37,0.25,69.41,9.68,2.95,296.48,65.26,84857.85,"104.04,24.29",2013-5-26,5.73,5.4625,16.44,6.25,34.705,19.285714285714285,34.705
2000,13.53,14.35,4.22,2.56,0.2,71.8,2.16,1.06,299.52,67.2,91273.95,"105.52,24.3",2013-5-26,4.22,3.2,14.35,5.0,35.9,19.32857142857143,35.9
2010,16.71,18.59,5.33,4.5,0.26,68.3,3.56,4.79,299.53,71.1,92785.76,"106.99,24.28",2013-5-26,5.33,5.625,18.59,6.5,34.15,23.871428571428574,34.15
2020,15.62,19.48,5.3,5.23,0.34,68.92,4.08,8.31,299.8,76.52,95022.95,"108.47,24.25",2013-5-26,5.3,6.5375000000000005,19.48,8.5,34.46,22.314285714285713,34.46
2030,12.53,14.64,4.96,4.84,0.27,69.91,2.58,8.76,300.72,76.73,98094.75,"109.95,24.19",2013-5-26,4.96,6.05,14.64,6.75,34.955,17.9,34.955
2040,14.56,18.51,4.18,6.0,0.26,58.83,2.0,8.22,297.58,88.56,94742.54,"111.42,24.12",2013-5-26,4.18,7.5,18.51,6.5,29.415,20.8,29.415
2050,12.11,15.75,5.9,17.26,0.42,38.87,0.15,8.82,300.46,81.58,99099.44,"112.89,24.03",2013-5-26,5.9,21.575000000000003,15.75,10.5,19.435,17.3,21.575000000000003
2060,10.71,14.03,8.74,10.97,0.36,41.43,0.19,8.74,297.7,90.15,96450.54,"114.36,23.92",2013-5-26,8.74,13.7125,14.03,9.0,20.715,15.3,20.715
2070,13.62,16.36,3.73,6.16,0.18,46.81,-2.26,9.15,297.85,83.9,95902.17,"115.83,23.79",2013-5-26,3.73,7.7,16.36,4.5,23.405,19.457142857142856,23.405
2080,28.06,32.84,7.16,24.81,0.2,71.99,-0.05,2.5,299.57,79.38,100886.55,"120.19,23.3",2013-5-26,7.16,31.0125,32.84,5.0,35.995,40.08571428571428,40.08571428571428
2090,19.4,21.03,3.57,2.6,0.22,59.82,0.85,0.29,295.22,82.07,88727.89,"97.98,24.22",2013-5-26,3.57,3.25,21.03,5.5,29.91,27.71428571428571,29.91
2100,15.32,16.32,2.85,1.86,0.2,60.1,2.71,1.73,294.91,75.34,86091.88,"99.46,24.3",2013-5-26,2.85,2.325,16.32,5.0,30.05,21.885714285714286,30.05
2110,14.37,15.82,3.11,2.12,0.2,62.98,5.19,0.76,294.32,70.69,83434.02,"100.93,24.36",2013-5-26,3.11,2.6500000000000004,15.82,5.0,31.49,20.52857142857143,31.49
2120,14.99,21.52,4.69,6.96,0.42,62.43,6.65,1.22,291.9,78.55,80410.81,"102.41,24.4",2013-5-26,4.69,8.7,21.52,10.5,31.215,21.414285714285715,31.215
2130,15.57,20.09,7.11,5.76,0.3,71.06,9.12,1.65,293.8,73.05,81632.48,"103.89,24.43",2013-5-26,7.11,7.199999999999999,20.09,7.5,35.53,22.242857142857144,35.53
2140,15.18,16.12,4.57,2.78,0.21,74.54,2.66,0.88,297.68,71.04,88640.53,"105.37,24.43",2013-5-26,4.57,3.4749999999999996,16.12,5.25,37.27,21.685714285714287,37.27
2150,16.13,17.55,4.99,3.53,0.24,67.28,4.38,5.19,298.8,71.25,91360.38,"106.85,24.42",2013-5-26,4.99,4.4125,17.55,6.0,33.64,23.04285714285714,33.64
2160,14.78,17.96,4.44,4.35,0.31,71.01,4.41,7.37,301.5,69.69,96624.47,"108.33,24.39",2013-5-26,4.44,5.4375,17.96,7.75,35.505,21.114285714285714,35.505
2170,13.35,15.71,5.94,4.98,0.28,71.74,2.48,8.34,301.27,76.0,98874.35,"109.81,24.33",2013-5-26,5.94,6.2250000000000005,15.71,7.000000000000001,35.87,19.071428571428573,35.87
2180,13.21,16.37,4.07,5.24,0.25,62.42,2.95,9.35,299.42,80.45,96567.8,"111.28,24.26",2013-5-26,4.07,6.550000000000001,16.37,6.25,31.21,18.871428571428574,31.21
2190,10.86,13.33,4.43,14.04,0.34,42.85,1.1,7.78,299.58,82.67,97602.2,"112.76,24.18",2013-5-26,4.43,17.549999999999997,13.33,8.5,21.425,15.514285714285714,21.425
2200,10.75,13.91,9.43,10.82,0.34,43.39,-0.13,8.34,297.75,89.21,96142.35,"114.23,24.07",2013-5-26,9.43,13.525,13.91,8.5,21.695,15.357142857142858,21.695
2210,12.59,15.08,3.37,6.0,0.18,47.06,-0.12,7.63,299.98,76.92,98899.48,"115.69,23.94",2013-5-26,3.37,7.5,15.08,4.5,23.53,17.985714285714288,23.53
2220,12.4,17.31,4.01,7.98,0.15,56.51,-2.29,3.65,297.5,94.42,98680.35,"117.16,23.8",2013-5-26,4.01,9.975000000000001,17.31,3.75,28.255,17.714285714285715,28.255
2230,9.16,12.73,1.16,7.84,0.12,70.32,-1.49,0.42,296.23,88.71,97469.02,"121.37,23.28",2013-5-26,1.16,9.8,12.73,3.0,35.16,13.085714285714285,35.16
2240,14.83,15.83,2.96,1.98,0.19,61.62,2.98,0.38,294.37,77.07,85172.77,"99.0,24.41",2013-5-26,2.96,2.475,15.83,4.75,30.81,21.185714285714287,30.81
2250,15.03,15.99,2.78,1.77,0.19,60.26,4.23,0.38,294.14,73.6,84109.91,"100.48,24.48",2013-5-26,2.78,2.2125,15.99,4.75,30.13,21.47142857142857,30.13
2260,14.96,19.63,3.04,4.27,0.32,59.43,4.57,3.42,293.17,75.86,82192.78,"101.96,24.53",2013-5-26,3.04,5.3374999999999995,19.63,8.0,29.715,21.371428571428574,29.715
2270,15.18,22.12,6.92,8.53,0.42,65.66,6.8,0.63,293.61,71.77,81122.98,"103.44,24.56",2013-5-26,6.92,10.6625,22.12,10.5,32.83,21.685714285714287,32.83
2280,15.76,16.88,5.37,3.14,0.21,76.41,2.93,1.63,298.05,67.12,88273.53,"104.93,24.57",2013-5-26,5.37,3.9250000000000003,16.88,5.25,38.205,22.514285714285716,38.205
2290,16.21,17.26,4.65,2.45,0.21,67.95,5.05,4.63,295.5,78.94,86675.09,"106.41,24.56",2013-5-26,4.65,3.0625,17.26,5.25,33.975,23.15714285714286,33.975
2300,13.03,14.38,4.16,2.95,0.24,73.14,5.06,6.11,301.43,67.16,95527.97,"107.89,24.53",2013-5-26,4.16,3.6875,14.38,6.0,36.57,18.614285714285714,36.57
2310,27.59,34.84,31.78,18.2,0.38,63.23,2.49,7.06,301.68,74.49,98889.48,"109.37,24.49",2013-5-26,31.78,22.75,34.84,9.5,31.615,39.41428571428572,39.41428571428572
2320,15.09,17.56,4.83,5.03,0.26,67.26,3.09,9.56,298.02,86.83,95089.45,"110.85,24.42",2013-5-26,4.83,6.2875000000000005,17.56,6.5,33.63,21.557142857142857,33.63
2330,9.67,11.22,2.17,6.01,0.23,53.28,3.75,9.75,296.38,93.62,93735.73,"112.32,24.34",2013-5-26,2.17,7.512499999999999,11.22,5.75,26.64,13.814285714285715,26.64
2340,12.21,15.86,10.72,15.58,0.4,41.97,0.47,9.2,300.13,79.86,98633.41,"113.8,24.24",2013-5-26,10.72,19.475,15.86,10.0,20.985,17.442857142857143,20.985
2350,10.24,12.23,2.79,5.3,0.17,46.88,0.6,8.14,298.99,80.23,97578.11,"115.27,24.12",2013-5-26,2.79,6.625,12.23,4.25,23.44,14.62857142857143,23.44
2360,16.07,20.65,4.93,9.37,0.18,51.62,-2.18,6.36,295.52,96.54,95041.03,"116.73,23.98",2013-5-26,4.93,11.712499999999999,20.65,4.5,25.81,22.95714285714286,25.81
2370,27.08,29.98,6.55,17.17,0.19,85.18,0.57,3.24,294.2,79.83,89864.66,"120.67,23.51",2013-5-26,6.55,21.462500000000002,29.98,4.75,42.59,38.68571428571428,42.59
2380,19.86,21.39,3.42,2.49,0.21,60.7,1.74,0.99,293.66,85.18,86177.65,"98.26,24.51",2013-5-26,3.42,3.1125000000000003,21.39,5.25,30.35,28.37142857142857,30.35
2390,17.42,18.52,3.11,2.14,0.2,61.26,2.7,2.63,291.98,86.97,83144.48,"99.74,24.58",2013-5-26,3.11,2.6750000000000003,18.52,5.0,30.63,24.88571428571429,30.63
2400,13.05,14.35,2.52,1.44,0.19,69.2,7.18,0.39,294.74,66.09,82802.68,"101.22,24.64",2013-5-26,2.52,1.7999999999999998,14.35,4.75,34.6,18.642857142857146,34.6
2410,15.0,23.41,6.2,8.17,0.53,62.11,8.58,1.25,291.77,75.17,79388.72,"102.7,24.68",2013-5-26,6.2,10.2125,23.41,13.25,31.055,21.42857142857143,31.055
2420,16.45,20.71,6.5,5.07,0.28,73.28,7.84,-0.42,293.87,70.27,80947.63,"104.18,24.7",2013-5-26,6.5,6.3375,20.71,7.000000000000001,36.64,23.5,36.64
2430,18.77,20.23,8.74,3.84,0.24,71.6,1.7,1.96,299.09,67.44,90816.11,"105.67,24.7",2013-5-26,8.74,4.8,20.23,6.0,35.8,26.814285714285713,35.8
2440,16.13,17.78,6.17,3.32,0.24,69.78,4.85,5.24,299.57,68.03,92074.05,"107.15,24.68",2013-5-26,6.17,4.1499999999999995,17.78,6.0,34.89,23.04285714285714,34.89
2450,14.3,16.03,5.44,3.82,0.26,73.74,3.69,5.08,301.08,73.13,97049.92,"108.63,24.65",2013-5-26,5.44,4.7749999999999995,16.03,6.5,36.87,20.42857142857143,36.87
2460,13.04,14.78,5.23,4.22,0.25,72.71,5.78,9.27,297.44,87.83,93937.95,"110.12,24.59",2013-5-26,5.23,5.2749999999999995,14.78,6.25,36.355,18.628571428571426,36.355
2470,15.39,18.12,5.47,6.15,0.26,58.58,1.52,6.77,298.87,84.88,96919.34,"111.6,24.52",2013-5-26,5.47,7.6875,18.12,6.5,29.29,21.985714285714288,29.29
2480,12.4,14.54,8.05,16.08,0.37,41.61,0.93,7.18,297.83,91.57,96327.12,"113.07,24.42",2013-5-26,8.05,20.099999999999998,14.54,9.25,20.805,17.714285714285715,20.805
2490,10.11,12.39,7.92,7.78,0.22,47.54,-0.24,8.19,297.17,91.09,95900.41,"114.55,24.31",2013-5-26,7.92,9.725,12.39,5.5,23.77,14.442857142857143,23.77
2500,14.34,16.88,4.51,7.32,0.17,49.99,-0.71,6.7,299.22,79.92,98251.21,"116.02,24.18",2013-5-26,4.51,9.15,16.88,4.25,24.995,20.485714285714288,24.995
2510,14.89,22.03,4.16,8.72,0.22,61.27,-1.4,4.14,296.96,94.51,98268.65,"117.48,24.03",2013-5-26,4.16,10.9,22.03,5.5,30.635,21.271428571428572,30.635
2520,10.41,13.93,1.3,6.67,0.12,70.69,-1.61,0.9,295.47,90.8,96588.02,"121.42,23.54",2013-5-26,1.3,8.3375,13.93,3.0,35.345,14.871428571428572,35.345
2530,18.13,19.46,3.49,2.56,0.21,61.42,4.84,1.07,291.52,86.97,81832.39,"98.99,24.68",2013-5-26,3.49,3.2,19.46,5.25,30.71,25.9,30.71
2540,16.55,17.53,2.85,1.71,0.2,65.83,5.02,-0.36,292.01,80.2,81214.23,"100.47,24.75",2013-5-26,2.85,2.1375,17.53,5.0,32.915,23.642857142857146,32.915
2550,14.24,18.86,2.96,3.55,0.33,60.81,5.38,3.72,293.44,71.63,81532.35,"101.95,24.8",2013-5-26,2.96,4.4375,18.86,8.25,30.405,20.342857142857145,30.405
2560,16.92,26.0,10.93,12.22,0.49,62.62,5.49,0.86,292.9,74.13,80349.74,"103.44,24.83",2013-5-26,10.93,15.275,26.0,12.25,31.31,24.171428571428574,31.31
2570,18.61,20.7,8.41,4.53,0.24,75.95,3.52,2.14,298.01,65.83,87895.09,"104.93,24.84",2013-5-26,8.41,5.6625000000000005,20.7,6.0,37.975,26.585714285714285,37.975
2580,15.33,17.37,6.6,2.55,0.22,71.53,4.44,4.28,296.88,72.8,88146.6,"106.41,24.83",2013-5-26,6.6,3.1875,17.37,5.5,35.765,21.900000000000002,35.765
2590,14.33,16.23,5.27,2.99,0.24,73.14,4.68,4.88,300.52,70.14,94728.57,"107.9,24.8",2013-5-26,5.27,3.7375000000000003,16.23,6.0,36.57,20.47142857142857,36.57
2600,22.87,27.35,19.92,11.9,0.33,68.73,1.67,6.56,300.18,79.81,97321.77,"109.38,24.76",2013-5-26,19.92,14.875,27.35,8.25,34.365,32.67142857142857,34.365
2610,15.97,18.31,5.12,5.4,0.27,67.1,0.67,7.7,299.24,81.53,96544.84,"110.86,24.69",2013-5-26,5.12,6.75,18.31,6.75,33.55,22.814285714285717,33.55
2620,7.97,9.3,2.47,5.16,0.21,56.18,2.17,9.71,298.51,82.55,95335.27,"112.34,24.61",2013-5-26,2.47,6.45,9.3,5.25,28.09,11.385714285714286,28.09
2630,11.53,13.82,11.85,12.91,0.31,46.44,-0.01,8.69,298.11,87.5,96374.6,"113.82,24.5",2013-5-26,11.85,16.1375,13.82,7.75,23.22,16.47142857142857,23.22
2640,13.43,15.62,3.75,6.95,0.18,47.64,-0.77,6.51,299.54,79.17,98565.16,"115.3,24.38",2013-5-26,3.75,8.6875,15.62,4.5,23.82,19.185714285714287,23.82
2650,13.73,18.23,4.4,8.45,0.18,54.02,-4.01,6.24,298.06,84.12,97750.25,"116.77,24.24",2013-5-26,4.4,10.5625,18.23,4.5,27.01,19.614285714285714,27.01
2660,27.66,31.29,6.33,21.86,0.21,84.39,1.0,0.33,298.37,73.45,97245.87,"120.71,23.78",2013-5-26,6.33,27.325,31.29,5.25,42.195,39.51428571428571,42.195
2670,21.55,23.32,3.56,2.64,0.22,63.83,1.18,0.76,293.09,86.99,85777.68,"98.24,24.78",2013-5-26,3.56,3.3000000000000003,23.32,5.5,31.915,30.78571428571429,31.915
2680,19.17,20.53,3.56,2.57,0.21,62.57,5.43,2.06,290.92,87.19,80751.31,"99.72,24.85",2013-5-26,3.56,3.2125,20.53,5.25,31.285,27.38571428571429,31.285
2690,14.55,16.0,2.53,1.76,0.2,69.26,8.49,0.28,292.68,69.56,79923.12,"101.21,24.91",2013-5-26,2.53,2.2,16.0,5.0,34.63,20.78571428571429,34.63
2700,16.28,27.76,12.21,14.68,0.64,60.63,7.06,1.43,292.98,71.45,80340.09,"102.69,24.95",2013-5-26,12.21,18.35,27.76,16.0,30.315,23.25714285714286,30.315
2710,19.32,25.95,10.49,8.13,0.34,75.25,7.3,-0.04,293.8,69.66,80797.3,"104.18,24.97",2013-5-26,10.49,10.162500000000001,25.95,8.5,37.625,27.6,37.625
2720,20.76,24.06,11.76,4.74,0.27,73.08,2.81,2.04,296.71,72.91,87712.26,"105.67,24.97",2013-5-26,11.76,5.925000000000001,24.06,6.75,36.54,29.65714285714286,36.54
2730,17.01,19.99,8.26,3.6,0.25,72.54,3.61,3.37,299.53,66.58,91885.58,"107.16,24.95",2013-5-26,8.26,4.5,19.99,6.25,36.27,24.300000000000004,36.27
2740,16.09,17.68,5.45,3.24,0.25,75.16,4.68,6.02,298.12,82.04,93092.48,"108.64,24.92",2013-5-26,5.45,4.050000000000001,17.68,6.25,37.58,22.985714285714288,37.58
2750,12.86,14.32,6.01,3.98,0.25,77.45,5.34,9.34,299.01,81.16,95509.84,"110.13,24.86",2013-5-26,6.01,4.975,14.32,6.25,38.725,18.37142857142857,38.725
2760,13.26,15.0,4.06,4.29,0.22,62.72,1.86,9.74,295.34,96.19,91802.02,"111.61,24.79",2013-5-26,4.06,5.3625,15.0,5.5,31.36,18.942857142857143,31.36
2770,11.08,12.62,8.59,11.19,0.25,46.41,3.34,9.74,295.39,96.67,92525.16,"113.1,24.69",2013-5-26,8.59,13.987499999999999,12.62,6.25,23.205,15.82857142857143,23.205
2780,9.4,11.38,8.19,6.44,0.17,50.64,-0.68,10.5,296.68,90.06,94521.52,"114.57,24.58",2013-5-26,8.19,8.05,11.38,4.25,25.32,13.428571428571429,25.32
2790,15.97,18.8,6.83,9.63,0.17,48.42,-0.97,5.66,298.75,81.84,98112.77,"116.05,24.45",2013-5-26,6.83,12.037500000000001,18.8,4.25,24.21,22.814285714285717,24.21
2800,18.7,29.28,8.1,15.95,0.32,56.89,-1.62,4.45,296.64,92.77,97668.92,"117.52,24.3",2013-5-26,8.1,19.9375,29.28,8.0,28.445,26.714285714285715,29.28
2810,20.53,23.28,3.03,9.84,0.15,77.71,0.79,0.53,289.76,92.91,83128.09,"121.32,23.83",2013-5-26,3.03,12.3,23.28,3.75,38.855,29.32857142857143,38.855
2820,19.93,21.42,3.61,3.05,0.22,63.89,2.52,0.53,292.52,86.07,83779.5,"98.97,24.95",2013-5-26,3.61,3.8125,21.42,5.5,31.945,28.47142857142857,31.945
2830,17.06,18.13,2.97,1.74,0.2,67.63,7.27,1.75,291.27,80.27,79777.81,"100.46,25.02",2013-5-26,2.97,2.175,18.13,5.0,33.815,24.37142857142857,33.815
2840,13.81,18.45,4.81,4.44,0.36,63.65,5.28,3.24,295.41,61.3,82696.92,"101.95,25.07",2013-5-26,4.81,5.550000000000001,18.45,9.0,31.825,19.72857142857143,31.825
2850,21.01,36.71,18.32,20.59,0.71,57.69,4.97,1.54,293.37,70.55,80531.85,"103.44,25.1",2013-5-26,18.32,25.7375,36.71,17.75,28.845,30.014285714285716,36.71
2860,25.4,30.26,22.33,9.06,0.32,76.17,1.88,1.35,296.72,67.71,85999.61,"104.93,25.11",2013-5-26,22.33,11.325000000000001,30.26,8.0,38.085,36.285714285714285,38.085
2870,17.55,20.3,9.18,3.7,0.26,72.54,4.41,3.4,299.59,65.63,92148.85,"106.42,25.1",2013-5-26,9.18,4.625,20.3,6.5,36.27,25.071428571428573,36.27
2880,17.11,19.68,7.12,2.84,0.25,75.88,5.05,5.03,298.74,73.12,92047.16,"107.91,25.07",2013-5-26,7.12,3.55,19.68,6.25,37.94,24.442857142857143,37.94
2890,19.69,22.78,14.5,8.35,0.3,72.03,2.73,8.69,299.31,81.32,95796.16,"109.39,25.03",2013-5-26,14.5,10.4375,22.78,7.5,36.015,28.12857142857143,36.015
2900,15.28,17.16,5.31,5.01,0.27,69.33,2.83,9.9,299.19,80.75,96351.52,"110.88,24.96",2013-5-26,5.31,6.262499999999999,17.16,6.75,34.665,21.82857142857143,34.665
2910,7.97,9.34,3.38,5.71,0.2,55.25,0.58,7.95,300.82,74.65,98350.9,"112.37,24.88",2013-5-26,3.38,7.1375,9.34,5.0,27.625,11.385714285714286,27.625
2920,9.84,12.09,13.29,10.61,0.21,47.75,0.04,10.94,298.66,82.97,96352.9,"113.85,24.77",2013-5-26,13.29,13.2625,12.09,5.25,23.875,14.057142857142857,23.875
2930,14.07,16.21,4.09,6.31,0.16,50.38,-0.87,7.63,297.43,88.02,96360.62,"115.33,24.65",2013-5-26,4.09,7.887499999999999,16.21,4.0,25.19,20.1,25.19
2940,13.17,17.6,5.59,8.69,0.19,55.93,-3.28,5.87,297.34,84.5,96314.52,"116.8,24.51",2013-5-26,5.59,10.862499999999999,17.6,4.75,27.965,18.814285714285713,27.965
2950,30.09,35.0,9.61,26.26,0.21,78.7,0.32,2.01,299.6,75.21,100011.76,"120.61,24.06",2013-5-26,9.61,32.825,35.0,5.25,39.35,42.98571428571429,42.98571428571429
2960,24.04,25.85,2.9,1.76,0.21,60.72,3.38,0.94,290.47,92.0,80968.02,"98.22,25.05",2013-5-26,2.9,2.2,25.85,5.25,30.36,34.34285714285714,34.34285714285714
2970,18.2,19.41,3.63,2.11,0.2,67.93,5.35,1.18,291.33,81.77,80307.59,"99.71,25.12",2013-5-26,3.63,2.6374999999999997,19.41,5.0,33.965,26.0,33.965
2980,14.81,16.17,2.71,2.03,0.2,68.88,9.17,0.12,292.82,65.36,79442.62,"101.2,25.18",2013-5-26,2.71,2.5374999999999996,16.17,5.0,34.44,21.15714285714286,34.44
2990,29.22,65.34,45.41,48.13,1.17,38.08,6.09,1.61,292.29,70.77,79034.3,"102.69,25.22",2013-5-26,45.41,60.1625,57.67,29.25,19.04,41.74285714285714,60.1625
3000,21.71,30.14,13.21,10.77,0.38,70.81,5.73,-0.03,292.03,74.61,78804.52,"104.18,25.24",2013-5-26,13.21,13.462499999999999,30.14,9.5,35.405,31.014285714285716,35.405
3010,21.32,25.21,12.87,5.96,0.31,73.92,3.0,2.03,298.09,66.69,88867.22,"105.67,25.24",2013-5-26,12.87,7.45,25.21,7.75,36.96,30.45714285714286,36.96
3020,19.63,23.17,8.89,4.36,0.28,74.97,2.75,2.11,299.44,67.16,92328.86,"107.16,25.22",2013-5-26,8.89,5.45,23.17,7.000000000000001,37.485,28.04285714285714,37.485
3030,18.47,19.9,6.52,2.94,0.25,75.86,5.24,6.04,297.04,85.29,91748.88,"108.66,25.19",2013-5-26,6.52,3.675,19.9,6.25,37.93,26.385714285714286,37.93
3040,15.22,17.22,9.01,6.01,0.27,75.64,3.8,7.01,301.36,74.25,98641.95,"110.14,25.13",2013-5-26,9.01,7.512499999999999,17.22,6.75,37.82,21.742857142857144,37.82
3050,11.18,12.66,3.82,3.8,0.21,64.92,2.91,11.33,297.88,83.79,94289.4,"111.63,25.06",2013-5-26,3.82,4.75,12.66,5.25,32.46,15.971428571428572,32.46
3060,9.51,10.91,9.45,10.01,0.2,48.73,2.32,10.24,295.21,92.49,90946.69,"113.12,24.96",2013-5-26,9.45,12.5125,10.91,5.0,24.365,13.585714285714285,24.365
3070,8.77,10.38,8.35,5.72,0.14,53.76,0.52,10.35,298.04,82.58,95507.04,"114.6,24.85",2013-5-26,8.35,7.1499999999999995,10.38,3.5000000000000004,26.88,12.528571428571428,26.88
3080,14.6,16.91,5.58,6.93,0.16,55.5,-2.05,6.39,297.81,84.47,96954.91,"116.08,24.72",2013-5-26,5.58,8.6625,16.91,4.0,27.75,20.857142857142858,27.75
3090,23.35,38.08,14.57,23.07,0.5,60.01,-1.66,3.02,298.49,84.08,100350.25,"117.55,24.57",2013-5-26,14.57,28.8375,38.08,12.5,30.005,33.35714285714286,38.08
3100,27.4,29.47,4.2,8.38,0.16,92.88,3.24,0.93,287.59,87.13,79146.54,"121.22,24.11",2013-5-26,4.2,10.475000000000001,29.47,4.0,46.44,39.14285714285714,46.44
3110,20.06,21.61,3.83,2.72,0.21,63.19,1.09,1.55,291.68,86.55,82721.27,"98.95,25.22",2013-5-26,3.83,3.4000000000000004,21.61,5.25,31.595,28.657142857142855,31.595
3120,16.72,17.61,3.22,1.84,0.2,70.0,7.23,1.53,291.46,75.24,79056.12,"100.44,25.29",2013-5-26,3.22,2.3000000000000003,17.61,5.0,35.0,23.885714285714286,35.0
3130,14.55,18.3,4.6,4.21,0.32,67.3,5.36,2.28,292.4,65.57,78524.55,"101.94,25.34",2013-5-26,4.6,5.2625,18.3,8.0,33.65,20.78571428571429,33.65
3140,19.28,32.06,13.53,17.1,0.6,56.68,5.29,1.02,292.45,71.44,79148.35,"103.43,25.37",2013-5-26,13.53,21.375,32.06,15.0,28.34,27.542857142857144,32.06
3150,26.51,32.56,23.41,11.2,0.33,77.16,0.3,1.01,295.96,68.32,84705.34,"104.93,25.38",2013-5-26,23.41,14.0,32.56,8.25,38.58,37.871428571428574,38.58
3160,19.98,22.42,8.92,4.3,0.29,74.44,4.51,2.42,297.85,67.8,89184.76,"106.42,25.37",2013-5-26,8.92,5.375,22.42,7.249999999999999,37.22,28.542857142857144,37.22
3170,20.53,24.21,8.88,3.29,0.27,78.27,4.45,3.9,298.2,73.9,91381.7,"107.91,25.34",2013-5-26,8.88,4.1125,24.21,6.75,39.135,29.32857142857143,39.135
3180,18.68,21.13,12.48,6.77,0.29,72.62,3.43,7.41,301.19,74.66,97988.09,"109.41,25.3",2013-5-26,12.48,8.462499999999999,21.13,7.249999999999999,36.31,26.685714285714287,36.31
3190,15.88,17.61,5.43,4.59,0.26,70.96,4.15,8.13,297.72,86.58,94688.09,"110.9,25.23",2013-5-26,5.43,5.7375,17.61,6.5,35.48,22.685714285714287,35.48
3200,8.78,9.96,3.11,4.63,0.18,57.79,2.98,10.24,295.4,95.38,92139.64,"112.39,25.15",2013-5-26,3.11,5.7875,9.96,4.5,28.895,12.542857142857143,28.895
3210,9.6,11.28,13.97,10.73,0.19,50.48,2.01,8.3,299.04,82.11,97088.7,"113.87,25.04",2013-5-26,13.97,13.412500000000001,11.28,4.75,25.24,13.714285714285714,25.24
3220,12.54,14.4,4.03,4.91,0.15,53.47,-1.69,9.24,297.43,85.71,95478.58,"115.35,24.92",2013-5-26,4.03,6.1375,14.4,3.75,26.735,17.914285714285715,26.735
3230,14.53,19.34,7.47,8.9,0.21,57.44,-2.62,5.4,296.6,86.58,95567.42,"116.83,24.78",2013-5-26,7.47,11.125,19.34,5.25,28.72,20.757142857142856,28.72
3240,20.83,35.22,13.09,14.22,0.34,73.15,-1.76,2.52,297.93,91.0,100756.44,"118.6,24.59",2013-5-26,13.09,17.775000000000002,35.22,8.5,36.575,29.757142857142856,36.575
3250,20.96,22.53,2.56,1.37,0.19,64.44,4.79,-0.82,289.35,89.47,77906.36,"98.35,25.32",2013-5-26,2.56,1.7125000000000001,22.53,4.75,32.22,29.942857142857143,32.22
3260,16.38,17.37,2.68,2.06,0.19,63.53,6.13,0.95,293.0,68.48,80609.41,"99.84,25.4",2013-5-26,2.68,2.575,17.37,4.75,31.765,23.4,31.765
3270,15.8,17.3,3.05,2.36,0.2,69.34,8.48,-0.09,290.37,71.86,76744.35,"101.33,25.46",2013-5-26,3.05,2.9499999999999997,17.3,5.0,34.67,22.571428571428573,34.67
3280,17.87,30.25,10.85,14.52,0.55,56.63,4.85,0.96,291.95,73.13,78840.64,"102.83,25.49",2013-5-26,10.85,18.15,30.25,13.750000000000002,28.315,25.528571428571432,30.25
3290,25.99,35.03,39.89,20.51,0.38,68.48,4.85,0.42,293.43,66.47,79613.22,"104.33,25.51",2013-5-26,39.89,25.637500000000003,35.03,9.5,34.24,37.128571428571426,39.89
3300,19.74,23.06,13.16,6.52,0.33,77.27,1.0,1.99,299.76,62.79,91281.27,"105.82,25.51",2013-5-26,13.16,8.149999999999999,23.06,8.25,38.635,28.2,38.635
3310,23.54,27.69,9.49,4.68,0.31,78.0,3.47,3.12,297.16,75.61,90064.86,"107.32,25.49",2013-5-26,9.49,5.85,27.69,7.75,39.0,33.628571428571426,39.0
3320,22.27,23.79,8.96,2.97,0.26,77.85,6.28,6.56,296.12,86.07,89775.77,"108.81,25.45",2013-5-26,8.96,3.7125000000000004,23.79,6.5,38.925,31.814285714285713,38.925
3330,23.08,26.75,16.16,10.55,0.33,71.28,3.03,6.64,300.06,79.56,97644.63,"110.31,25.39",2013-5-26,16.16,13.1875,26.75,8.25,35.64,32.97142857142857,35.64
3340,9.38,10.61,3.13,3.13,0.2,66.66,3.87,13.06,298.07,79.97,93681.2,"111.8,25.32",2013-5-26,3.13,3.9124999999999996,10.61,5.0,33.33,13.400000000000002,33.33
3350,11.48,13.28,15.32,13.84,0.2,46.71,-1.78,8.19,297.67,85.75,94772.11,"113.29,25.22",2013-5-26,15.32,17.3,13.28,5.0,23.355,16.400000000000002,23.355
3360,10.12,11.8,7.4,5.91,0.14,52.59,-0.37,10.95,299.67,76.41,97545.83,"114.78,25.11",2013-5-26,7.4,7.3875,11.8,3.5000000000000004,26.295,14.457142857142856,26.295
3370,14.27,16.34,5.82,5.9,0.15,60.45,-1.78,6.96,297.49,83.15,95983.58,"116.26,24.97",2013-5-26,5.82,7.375,16.34,3.75,30.225,20.385714285714286,30.225
3380,21.4,30.88,10.56,17.73,0.43,62.29,-2.87,2.63,296.21,90.44,96981.18,"117.73,24.82",2013-5-26,10.56,22.1625,30.88,10.75,31.145,30.57142857142857,31.145
3390,28.73,31.24,6.07,11.56,0.17,89.92,0.79,4.27,288.38,89.24,79998.33,"121.11,24.4",2013-5-26,6.07,14.450000000000001,31.24,4.25,44.96,41.042857142857144,44.96
3400,18.36,19.53,2.25,1.47,0.18,61.49,2.55,1.86,289.52,85.91,78710.47,"98.94,25.49",2013-5-26,2.25,1.8375,19.53,4.5,30.745,26.228571428571428,30.745
3410,17.76,18.9,5.56,3.35,0.2,71.32,7.48,1.68,290.79,69.24,77016.73,"100.43,25.56",2013-5-26,5.56,4.1875,18.9,5.0,35.66,25.371428571428574,35.66
3420,13.55,16.88,3.64,3.9,0.28,69.56,2.32,2.77,295.71,54.7,82070.32,"101.93,25.61",2013-5-26,3.64,4.875,16.88,7.000000000000001,34.78,19.357142857142858,34.78
3430,16.79,24.85,7.56,10.06,0.44,61.86,4.63,0.33,292.79,66.82,78752.8,"103.43,25.64",2013-5-26,7.56,12.575000000000001,24.85,11.0,30.93,23.985714285714284,30.93
3440,29.86,36.39,24.6,11.49,0.35,78.08,-0.29,-0.09,294.86,70.22,82983.57,"104.93,25.65",2013-5-26,24.6,14.3625,36.39,8.75,39.04,42.65714285714286,42.65714285714286
3450,21.68,25.09,10.01,5.39,0.32,74.78,3.36,0.73,297.83,66.74,89246.72,"106.42,25.64",2013-5-26,10.01,6.7375,25.09,8.0,37.39,30.97142857142857,37.39
3460,23.96,28.62,10.41,3.79,0.3,79.72,3.76,3.1,298.35,74.32,91878.17,"107.92,25.61",2013-5-26,10.41,4.7375,28.62,7.5,39.86,34.22857142857143,39.86
3470,21.37,23.32,11.45,5.08,0.28,74.96,2.16,6.13,298.6,83.13,94964.57,"109.42,25.56",2013-5-26,11.45,6.35,23.32,7.000000000000001,37.48,30.528571428571432,37.48
3480,16.65,18.28,5.82,4.09,0.26,74.2,5.67,10.85,294.83,93.99,89971.13,"110.91,25.5",2013-5-26,5.82,5.1125,18.28,6.5,37.1,23.785714285714285,37.1
3490,7.47,8.55,3.06,4.02,0.18,59.92,2.06,11.65,298.87,77.69,94979.76,"112.41,25.41",2013-5-26,3.06,5.0249999999999995,8.55,4.5,29.96,10.67142857142857,29.96
3500,10.12,11.34,14.32,11.08,0.17,49.88,2.29,8.18,297.17,90.2,95478.98,"113.9,25.31",2013-5-26,14.32,13.85,11.34,4.25,24.94,14.457142857142856,24.94
3510,11.2,12.64,3.99,4.0,0.14,55.99,-0.96,11.29,297.25,84.5,94693.55,"115.38,25.19",2013-5-26,3.99,5.0,12.64,3.5000000000000004,27.995,16.0,27.995
3520,16.81,21.73,8.27,8.87,0.21,57.94,-1.75,6.51,294.59,93.37,93060.98,"116.87,25.05",2013-5-26,8.27,11.087499999999999,21.73,5.25,28.97,24.014285714285712,28.97
3530,25.56,39.91,12.47,19.76,0.5,59.07,-0.42,3.27,296.76,90.28,98584.46,"118.34,24.89",2013-5-26,12.47,24.700000000000003,39.91,12.5,29.535,36.51428571428571,39.91
3540,18.54,19.8,1.8,0.91,0.18,66.28,3.75,-1.64,289.13,79.73,75977.68,"98.48,25.6",2013-5-26,1.8,1.1375,19.8,4.5,33.14,26.485714285714284,33.14
3550,16.15,17.04,3.45,2.24,0.18,67.05,4.31,2.16,291.44,67.47,78272.49,"99.98,25.68",2013-5-26,3.45,2.8000000000000003,17.04,4.5,33.525,23.07142857142857,33.525
3560,15.57,17.39,4.18,3.07,0.21,74.1,7.04,1.19,293.1,60.47,78699.87,"101.47,25.73",2013-5-26,4.18,3.8375,17.39,5.25,37.05,22.242857142857144,37.05
3570,17.06,24.45,6.12,8.43,0.41,63.76,6.29,1.9,290.82,73.14,76745.93,"102.97,25.77",2013-5-26,6.12,10.5375,24.45,10.25,31.88,24.37142857142857,31.88
3580,30.23,37.66,41.3,19.37,0.36,70.79,2.27,-0.02,294.14,63.91,80324.52,"104.47,25.78",2013-5-26,41.3,24.212500000000002,37.66,9.0,35.395,43.18571428571429,43.18571428571429
3590,22.31,25.82,12.52,7.01,0.34,76.91,0.37,1.04,297.29,68.64,88658.52,"105.98,25.78",2013-5-26,12.52,8.7625,25.82,8.5,38.455,31.87142857142857,38.455
3600,27.6,32.57,10.64,5.37,0.34,73.85,4.05,2.7,296.36,78.87,89301.86,"107.48,25.76",2013-5-26,10.64,6.7125,32.57,8.5,36.925,39.42857142857143,39.42857142857143
3610,27.79,29.67,14.24,3.63,0.29,80.75,3.31,3.36,299.91,73.31,94988.8,"108.98,25.72",2013-5-26,14.24,4.5375,29.67,7.249999999999999,40.375,39.7,40.375
3620,20.74,23.16,11.2,6.78,0.29,74.67,4.81,7.46,298.77,83.34,96300.97,"110.47,25.66",2013-5-26,11.2,8.475,23.16,7.249999999999999,37.335,29.628571428571426,37.335
3630,8.99,10.18,3.43,3.41,0.2,65.78,6.27,9.8,300.96,69.68,97080.95,"111.97,25.58",2013-5-26,3.43,4.2625,10.18,5.0,32.89,12.842857142857143,32.89
3640,11.53,12.87,14.63,11.18,0.18,50.48,1.78,12.0,294.77,92.78,90239.43,"113.46,25.48",2013-5-26,14.63,13.975,12.87,4.5,25.24,16.47142857142857,25.24
3650,11.31,12.95,6.34,5.61,0.15,53.31,-0.07,10.12,300.11,75.73,98645.97,"114.95,25.36",2013-5-26,6.34,7.0125,12.95,3.75,26.655,16.15714285714286,26.655
3660,13.41,16.03,6.47,5.88,0.16,62.5,-2.26,7.96,296.28,87.88,94855.89,"116.44,25.23",2013-5-26,6.47,7.35,16.03,4.0,31.25,19.15714285714286,31.25
3670,23.53,31.68,8.15,14.27,0.36,57.87,-0.96,4.67,294.11,95.39,93619.26,"117.92,25.07",2013-5-26,8.15,17.8375,31.68,9.0,28.935,33.614285714285714,33.614285714285714
3680,28.61,32.57,8.28,18.51,0.18,75.78,1.14,-0.45,292.03,90.16,87660.05,"121.31,24.65",2013-5-26,8.28,23.137500000000003,32.57,4.5,37.89,40.871428571428574,40.871428571428574
3690,14.72,15.47,1.75,1.16,0.16,65.57,3.39,2.01,292.76,65.16,80657.83,"99.37,25.78",2013-5-26,1.75,1.45,15.47,4.0,32.785,21.02857142857143,32.785
3700,17.56,18.75,3.87,3.02,0.2,70.33,6.04,2.19,289.76,67.5,75245.34,"100.87,25.85",2013-5-26,3.87,3.775,18.75,5.0,35.165,25.085714285714285,35.165
3710,15.5,19.81,3.44,4.44,0.3,68.22,3.91,1.06,290.61,68.22,76160.43,"102.37,25.89",2013-5-26,3.44,5.550000000000001,19.81,7.5,34.11,22.142857142857142,34.11
3720,21.8,29.14,14.52,11.8,0.35,68.17,2.72,1.15,292.75,64.67,78302.04,"103.87,25.91",2013-5-26,14.52,14.75,29.14,8.75,34.085,31.142857142857146,34.085
3730,28.05,33.63,17.57,8.82,0.37,81.45,-0.96,-0.64,298.07,63.05,88775.98,"105.38,25.92",2013-5-26,17.57,11.025,33.63,9.25,40.725,40.07142857142858,40.725
3740,26.48,32.39,11.39,7.46,0.39,65.22,2.82,0.36,295.72,76.09,87609.85,"106.88,25.9",2013-5-26,11.39,9.325,32.39,9.75,32.61,37.82857142857143,37.82857142857143
3750,27.62,32.75,12.86,3.28,0.31,82.35,3.93,3.12,299.21,74.86,93884.48,"108.38,25.87",2013-5-26,12.86,4.1,32.75,7.75,41.175,39.45714285714286,41.175
3760,21.28,22.68,10.3,3.46,0.27,83.11,2.54,4.41,298.7,80.53,95228.6,"109.88,25.82",2013-5-26,10.3,4.325,22.68,6.75,41.555,30.400000000000002,41.555
3770,14.78,16.23,5.11,3.9,0.24,72.17,4.29,8.43,297.24,83.79,93036.11,"111.38,25.75",2013-5-26,5.11,4.875,16.23,6.0,36.085,21.114285714285714,36.085
3780,7.77,8.94,6.84,7.32,0.18,55.08,1.65,13.27,298.61,77.91,94654.42,"112.88,25.66",2013-5-26,6.84,9.15,8.94,4.5,27.54,11.1,27.54
3790,9.65,10.96,8.85,7.21,0.15,52.92,2.78,11.08,296.66,87.84,93794.26,"114.37,25.55",2013-5-26,8.85,9.0125,10.96,3.75,26.46,13.785714285714286,26.46
3800,11.79,13.22,3.91,3.74,0.14,61.04,-2.09,9.86,298.1,79.91,95918.27,"115.86,25.42",2013-5-26,3.91,4.675000000000001,13.22,3.5000000000000004,30.52,16.84285714285714,30.52
3810,15.31,19.86,7.01,8.47,0.24,63.0,-2.16,6.39,297.6,78.56,96372.07,"117.34,25.27",2013-5-26,7.01,10.5875,19.86,6.0,31.5,21.871428571428574,31.5
3820,21.91,36.34,7.9,12.31,0.28,65.16,-0.91,2.08,297.12,90.09,99795.04,"118.82,25.1",2013-5-26,7.9,15.387500000000001,36.34,7.000000000000001,32.58,31.3,36.34
3830,14.53,15.16,1.57,0.78,0.16,72.01,5.13,-4.13,289.03,75.16,75520.09,"99.06,25.9",2013-5-26,1.57,0.9750000000000001,15.16,4.0,36.005,20.757142857142856,36.005
3840,15.88,16.87,3.65,2.91,0.19,69.39,2.56,3.55,295.12,52.81,81704.46,"100.56,25.97",2013-5-26,3.65,3.6375,16.87,4.75,34.695,22.685714285714287,34.695
3850,13.77,16.84,3.3,3.67,0.24,69.6,1.54,4.54,295.94,54.46,82482.9,"102.07,26.02",2013-5-26,3.3,4.5875,16.84,6.0,34.8,19.67142857142857,34.8
3860,17.38,22.76,6.54,6.8,0.29,70.82,2.98,-0.01,293.91,55.34,78244.21,"103.57,26.04",2013-5-26,6.54,8.5,22.76,7.249999999999999,35.41,24.82857142857143,35.41
3870,31.55,37.74,20.35,10.27,0.36,81.41,-0.17,-0.49,296.85,63.88,86790.87,"105.08,26.05",2013-5-26,20.35,12.837499999999999,37.74,9.0,40.705,45.07142857142858,45.07142857142858
3880,24.14,30.47,12.41,9.2,0.43,66.04,1.12,-0.67,296.29,72.84,88260.61,"106.58,26.04",2013-5-26,12.41,11.5,30.47,10.75,33.02,34.48571428571429,34.48571428571429
3890,30.24,36.64,11.57,4.25,0.36,82.13,2.93,1.46,297.11,80.72,91233.09,"108.08,26.01",2013-5-26,11.57,5.3125,36.64,9.0,41.065,43.199999999999996,43.199999999999996
3900,27.1,28.75,13.2,3.73,0.28,84.16,2.22,4.39,298.05,83.94,94761.3,"109.59,25.96",2013-5-26,13.2,4.6625,28.75,7.000000000000001,42.08,38.714285714285715,42.08
3910,17.1,18.81,7.57,4.67,0.27,74.81,5.6,7.36,300.89,72.14,97564.55,"111.09,25.9",2013-5-26,7.57,5.8375,18.81,6.75,37.405,24.42857142857143,37.405
3920,8.36,9.69,5.33,5.69,0.19,58.6,3.7,9.42,300.97,71.66,97892.14,"112.59,25.81",2013-5-26,5.33,7.112500000000001,9.69,4.75,29.3,11.942857142857143,29.3
3930,9.08,10.16,11.0,7.99,0.16,53.2,4.19,9.86,297.49,84.72,94740.33,"114.08,25.7",2013-5-26,11.0,9.9875,10.16,4.0,26.6,12.971428571428572,26.6
3940,11.39,12.74,4.0,3.88,0.14,58.64,-0.59,8.55,299.27,76.56,97173.18,"115.58,25.58",2013-5-26,4.0,4.85,12.74,3.5000000000000004,29.32,16.271428571428572,29.32
3950,17.63,21.9,10.94,10.36,0.21,58.57,-0.58,6.18,293.69,93.66,91308.8,"117.06,25.44",2013-5-26,10.94,12.95,21.9,5.25,29.285,25.185714285714283,29.285
3960,24.99,39.64,8.62,15.56,0.37,58.97,-1.6,2.82,296.04,90.39,97464.46,"118.55,25.27",2013-5-26,8.62,19.45,39.64,9.25,29.485,35.699999999999996,39.64
3970,16.23,16.97,1.47,0.74,0.16,66.24,2.65,-2.58,288.42,81.34,75931.95,"98.9,26.03",2013-5-26,1.47,0.925,16.97,4.0,33.12,23.185714285714287,33.12
3980,14.85,15.73,2.53,2.28,0.18,68.86,2.35,0.8,297.1,45.81,83312.05,"100.41,26.1",2013-5-26,2.53,2.8499999999999996,15.73,4.5,34.43,21.214285714285715,34.43
3990,15.77,18.84,3.45,3.37,0.24,70.8,0.73,4.02,295.36,56.71,81596.78,"101.91,26.15",2013-5-26,3.45,4.2125,18.84,6.0,35.4,22.52857142857143,35.4
4000,18.0,23.33,5.26,6.33,0.29,72.69,3.73,-1.09,289.25,64.98,72686.34,"103.42,26.18",2013-5-26,5.26,7.9125,23.33,7.249999999999999,36.345,25.714285714285715,36.345
4010,32.26,38.61,21.23,10.46,0.36,83.34,-0.02,-0.47,295.79,65.04,85012.61,"104.92,26.19",2013-5-26,21.23,13.075000000000001,38.61,9.0,41.67,46.08571428571428,46.08571428571428
4020,26.99,33.38,12.56,9.77,0.42,65.16,1.5,-1.76,295.06,71.37,86344.11,"106.43,26.18",2013-5-26,12.56,12.212499999999999,33.38,10.5,32.58,38.55714285714286,38.55714285714286
4030,31.5,38.14,11.3,5.1,0.37,81.53,1.93,0.25,296.66,79.78,90580.28,"107.94,26.15",2013-5-26,11.3,6.375,38.14,9.25,40.765,45.0,45.0
4040,30.95,32.78,14.32,3.3,0.28,85.84,2.81,3.94,296.99,85.26,92958.2,"109.44,26.11",2013-5-26,14.32,4.125,32.78,7.000000000000001,42.92,44.214285714285715,44.214285714285715
4050,19.68,21.35,8.03,4.12,0.27,76.91,6.54,7.46,297.98,83.26,94765.38,"110.95,26.04",2013-5-26,8.03,5.15,21.35,6.75,38.455,28.114285714285714,38.455
4060,9.11,10.35,4.09,4.49,0.2,61.03,3.91,8.7,299.89,75.47,96701.36,"112.45,25.95",2013-5-26,4.09,5.612500000000001,10.35,5.0,30.515,13.014285714285714,30.515
4070,11.11,12.22,12.26,8.54,0.16,53.12,4.3,10.17,293.45,97.96,89062.17,"113.95,25.85",2013-5-26,12.26,10.674999999999999,12.22,4.0,26.56,15.87142857142857,26.56
4080,11.31,12.62,4.3,3.88,0.14,58.8,-0.31,9.3,298.51,78.84,96191.99,"115.44,25.73",2013-5-26,4.3,4.85,12.62,3.5000000000000004,29.4,16.15714285714286,29.4
4090,14.93,17.99,7.13,6.28,0.17,60.51,-1.94,9.79,294.18,89.32,90744.74,"116.93,25.58",2013-5-26,7.13,7.8500000000000005,17.99,4.25,30.255,21.32857142857143,30.255
4100,23.27,36.5,8.5,14.7,0.35,56.37,-2.09,3.25,295.4,91.33,96506.66,"118.42,25.42",2013-5-26,8.5,18.375,36.5,8.75,28.185,33.24285714285714,36.5
4110,8.86,12.68,1.17,2.63,0.1,76.18,-4.03,3.88,295.51,93.8,97871.81,"121.81,24.98",2013-5-26,1.17,3.2874999999999996,12.68,2.5,38.09,12.657142857142857,38.09
4120,16.18,16.9,2.12,1.84,0.17,72.71,4.03,-1.24,288.63,56.17,71681.27,"100.1,26.22",2013-5-26,2.12,2.3000000000000003,16.9,4.25,36.355,23.114285714285714,36.355
4130,17.73,19.99,4.11,3.23,0.21,75.28,1.02,0.64,294.29,55.15,79471.92,"101.61,26.28",2013-5-26,4.11,4.0375,19.99,5.25,37.64,25.32857142857143,37.64
4140,18.37,24.56,5.92,6.65,0.3,72.65,0.61,-0.39,294.83,56.03,80933.16,"103.11,26.31",2013-5-26,5.92,8.3125,24.56,7.5,36.325,26.242857142857144,36.325
4150,42.31,45.86,21.19,7.76,0.31,86.06,0.23,-0.21,293.5,69.83,81315.77,"104.62,26.32",2013-5-26,21.19,9.7,45.86,7.75,43.03,59.1375,59.1375
4160,28.33,34.88,13.72,9.06,0.4,73.04,0.77,-1.51,294.95,69.0,85906.08,"106.13,26.32",2013-5-26,13.72,11.325000000000001,34.88,10.0,36.52,40.47142857142857,40.47142857142857
4170,29.86,38.43,13.3,8.12,0.44,72.98,1.38,-0.51,297.6,71.49,91166.78,"107.64,26.29",2013-5-26,13.3,10.149999999999999,38.43,11.0,36.49,42.65714285714286,42.65714285714286
4180,34.12,36.33,15.21,2.76,0.28,89.65,2.82,2.67,297.83,77.35,93009.45,"109.15,26.25",2013-5-26,15.21,3.4499999999999997,36.33,7.000000000000001,44.825,48.74285714285714,48.74285714285714
4190,23.42,24.93,9.81,3.68,0.26,79.84,6.65,7.07,295.8,86.14,90597.82,"110.65,26.19",2013-5-26,9.81,4.6000000000000005,24.93,6.5,39.92,33.45714285714286,39.92
4200,10.66,11.82,3.85,3.12,0.2,68.22,5.58,10.75,297.52,82.86,93534.88,"112.16,26.11",2013-5-26,3.85,3.9000000000000004,11.82,5.0,34.11,15.22857142857143,34.11
4210,10.28,11.49,12.88,9.05,0.17,52.84,1.49,12.47,294.38,92.44,89537.18,"113.66,26.01",2013-5-26,12.88,11.3125,11.49,4.25,26.42,14.685714285714285,26.42
4220,11.59,13.02,5.94,4.96,0.15,56.42,0.67,10.33,300.05,73.64,97920.22,"115.16,25.89",2013-5-26,5.94,6.2,13.02,3.75,28.21,16.557142857142857,28.21
4230,11.98,14.06,5.31,4.61,0.15,61.12,0.55,9.47,296.88,81.41,94411.26,"116.65,25.75",2013-5-26,5.31,5.7625,14.06,3.75,30.56,17.114285714285714,30.56
4240,22.49,31.95,8.24,12.39,0.29,57.59,-2.31,6.72,292.67,96.54,91004.26,"118.14,25.59",2013-5-26,8.24,15.4875,31.95,7.249999999999999,28.795,32.128571428571426,32.128571428571426
4250,14.14,19.45,9.55,16.42,0.12,64.57,-3.38,3.15,296.61,85.42,98347.16,"121.54,25.16",2013-5-26,9.55,20.525000000000002,19.45,3.0,32.285,20.200000000000003,32.285
4260,13.59,14.06,1.67,1.22,0.16,80.21,2.24,-0.82,290.28,54.99,74424.37,"99.79,26.34",2013-5-26,1.67,1.525,14.06,4.0,40.105,19.414285714285715,40.105
4270,18.04,20.22,5.33,3.69,0.22,74.36,2.08,-0.03,297.43,45.69,83394.59,"101.3,26.4",2013-5-26,5.33,4.6125,20.22,5.5,37.18,25.771428571428572,37.18
4280,19.79,24.12,4.81,4.32,0.27,73.85,3.43,1.29,291.43,66.32,76678.1,"102.81,26.44",2013-5-26,4.81,5.4,24.12,6.75,36.925,28.271428571428572,36.925
4290,36.1,39.38,12.2,4.33,0.29,82.01,0.74,-0.61,292.61,68.73,79259.82,"104.32,26.46",2013-5-26,12.2,5.4125,39.38,7.249999999999999,41.005,51.375,51.375
4300,29.54,37.23,17.59,11.62,0.42,82.12,1.56,-1.97,294.85,66.09,84986.69,"105.83,26.46",2013-5-26,17.59,14.524999999999999,37.23,10.5,41.06,42.2,42.2
4310,31.32,40.03,12.22,9.73,0.45,67.65,2.54,-2.37,294.46,73.41,86670.48,"107.34,26.44",2013-5-26,12.22,12.162500000000001,40.03,11.25,33.825,44.74285714285715,44.74285714285715
4320,39.9,42.57,16.44,2.6,0.3,93.48,4.19,1.32,296.77,75.82,91054.43,"108.85,26.4",2013-5-26,16.44,3.25,42.57,7.5,46.74,56.125,56.125
4330,25.33,26.66,10.81,3.0,0.26,84.6,5.02,5.22,296.31,82.16,91026.84,"110.36,26.34",2013-5-26,10.81,3.75,26.66,6.5,42.3,36.18571428571428,42.3
4340,12.61,13.98,5.25,3.24,0.22,72.37,5.98,11.58,299.12,76.34,94999.25,"111.87,26.26",2013-5-26,5.25,4.050000000000001,13.98,5.5,36.185,18.014285714285712,36.185
4350,9.63,11.02,12.38,9.89,0.19,51.48,1.57,11.93,299.19,75.23,95496.44,"113.37,26.16",2013-5-26,12.38,12.3625,11.02,4.75,25.74,13.757142857142858,25.74
4360,12.17,13.73,7.52,5.81,0.16,56.71,1.1,10.91,299.55,77.18,97704.7,"114.87,26.05",2013-5-26,7.52,7.262499999999999,13.73,4.0,28.355,17.385714285714286,28.355
4370,13.68,15.28,5.43,4.63,0.14,61.54,-1.44,10.48,296.42,85.55,94334.55,"116.37,25.91",2013-5-26,5.43,5.7875,15.28,3.5000000000000004,30.77,19.542857142857144,30.77
4380,16.48,22.13,6.42,7.73,0.22,61.28,-1.15,7.4,295.12,85.17,93155.91,"117.86,25.76",2013-5-26,6.42,9.662500000000001,22.13,5.5,30.64,23.542857142857144,30.64
4390,12.64,20.79,2.53,3.27,0.14,79.58,-1.23,3.07,298.01,87.08,100754.12,"119.79,25.53",2013-5-26,2.53,4.0875,20.79,3.5000000000000004,39.79,18.057142857142857,39.79
4400,15.35,16.0,2.32,1.88,0.17,76.19,3.79,0.22,288.67,55.71,72168.01,"100.08,26.49",2013-5-26,2.32,2.3499999999999996,16.0,4.25,38.095,21.928571428571427,38.095
4410,31.91,42.89,35.45,21.91,0.4,74.17,-0.82,0.55,297.36,51.87,84463.18,"101.6,26.55",2013-5-26,35.45,27.3875,42.89,10.0,37.085,45.58571428571429,45.58571428571429
4420,20.96,25.34,5.37,4.64,0.27,77.38,1.24,0.87,292.18,65.27,77636.37,"103.11,26.58",2013-5-26,5.37,5.8,25.34,6.75,38.69,29.942857142857143,38.69
4430,40.61,44.02,24.26,7.57,0.31,79.64,0.76,-1.11,292.45,69.48,79727.15,"104.62,26.59",2013-5-26,24.26,9.4625,44.02,7.75,39.82,57.0125,57.0125
4440,26.92,36.42,11.85,13.21,0.44,70.36,1.24,-2.07,294.98,66.74,86096.18,"106.14,26.59",2013-5-26,11.85,16.512500000000003,36.42,11.0,35.18,38.45714285714286,38.45714285714286
4450,31.91,41.09,15.76,10.39,0.45,79.01,1.57,-2.11,296.89,67.38,90300.75,"107.65,26.56",2013-5-26,15.76,12.9875,41.09,11.25,39.505,45.58571428571429,45.58571428571429
4460,37.61,40.17,16.17,2.77,0.29,91.96,3.48,2.49,297.97,73.43,93296.17,"109.16,26.52",2013-5-26,16.17,3.4625,40.17,7.249999999999999,45.98,53.2625,53.2625
4470,25.07,26.56,10.22,3.08,0.26,82.77,7.69,5.34,298.15,73.1,92212.15,"110.67,26.46",2013-5-26,10.22,3.85,26.56,6.5,41.385,35.81428571428572,41.385
4480,10.73,12.24,4.68,3.43,0.23,67.12,5.12,9.26,301.9,66.74,98149.64,"112.18,26.38",2013-5-26,4.68,4.2875000000000005,12.24,5.75,33.56,15.32857142857143,33.56
4490,8.91,10.26,11.54,7.99,0.17,54.31,3.09,13.43,298.24,74.84,93322.05,"113.68,26.28",2013-5-26,11.54,9.9875,10.26,4.25,27.155,12.72857142857143,27.155
4500,12.39,13.81,5.95,5.0,0.15,56.61,0.34,10.01,300.05,74.44,98370.09,"115.19,26.16",2013-5-26,5.95,6.25,13.81,3.75,28.305,17.700000000000003,28.305
4510,12.2,14.1,5.27,4.65,0.15,59.82,0.14,9.64,297.84,77.66,95465.6,"116.68,26.02",2013-5-26,5.27,5.8125,14.1,3.75,29.91,17.428571428571427,29.91
4520,17.21,25.26,6.01,8.04,0.23,61.25,-2.56,7.32,295.3,84.19,93419.27,"118.18,25.86",2013-5-26,6.01,10.049999999999999,25.26,5.75,30.625,24.58571428571429,30.625
4530,15.64,16.24,1.25,0.56,0.15,70.03,1.85,-2.32,287.35,83.7,74114.64,"98.87,26.57",2013-5-26,1.25,0.7000000000000001,16.24,3.75,35.015,22.342857142857145,35.015
4540,16.06,16.82,2.54,2.04,0.18,72.44,0.34,1.29,293.2,50.15,78346.12,"100.38,26.64",2013-5-26,2.54,2.55,16.82,4.5,36.22,22.942857142857143,36.22
4550,21.82,24.57,11.59,5.91,0.24,82.93,-0.94,3.41,295.93,55.33,82465.42,"101.89,26.69",2013-5-26,11.59,7.3875,24.57,6.0,41.465,31.17142857142857,41.465
4560,28.3,30.33,6.58,3.56,0.25,80.33,1.72,-0.18,291.72,65.93,76911.86,"103.41,26.72",2013-5-26,6.58,4.45,30.33,6.25,40.165,40.42857142857143,40.42857142857143
4570,35.36,45.13,49.2,24.9,0.42,70.03,0.76,-1.66,292.91,69.22,80776.23,"104.92,26.73",2013-5-26,49.2,31.125,45.13,10.5,35.015,50.45,50.45
4580,26.61,42.79,15.0,25.48,0.57,71.31,1.01,-2.13,294.33,69.54,86318.08,"106.44,26.72",2013-5-26,15.0,31.85,42.79,14.249999999999998,35.655,38.01428571428571,42.79
4590,35.47,44.46,15.23,7.48,0.44,85.62,1.49,-1.86,296.75,70.74,90828.99,"107.96,26.69",2013-5-26,15.23,9.350000000000001,44.46,11.0,42.81,50.5875,50.5875
4600,35.65,37.97,14.28,2.91,0.29,90.53,4.14,2.6,297.95,73.49,93453.68,"109.47,26.65",2013-5-26,14.28,3.6375,37.97,7.249999999999999,45.265,50.8125,50.8125
4610,24.81,26.65,9.44,3.29,0.27,81.52,5.17,5.29,298.55,75.66,93995.02,"110.98,26.58",2013-5-26,9.44,4.1125,26.65,6.75,40.76,35.44285714285714,40.76
4620,10.39,12.28,5.08,4.65,0.24,60.19,3.99,8.68,301.79,68.65,98952.12,"112.49,26.49",2013-5-26,5.08,5.8125,12.28,6.0,30.095,14.842857142857143,30.095
4630,9.16,10.37,10.17,6.39,0.16,56.86,5.8,12.74,295.33,81.09,88583.01,"114.0,26.39",2013-5-26,10.17,7.9875,10.37,4.0,28.43,13.085714285714285,28.43
4640,12.52,13.93,4.74,4.1,0.15,58.99,-0.19,10.12,299.07,76.43,96801.48,"115.5,26.27",2013-5-26,4.74,5.125,13.93,3.75,29.495,17.885714285714286,29.495
4650,12.66,14.53,6.2,5.16,0.15,61.89,-0.6,7.11,297.5,76.48,94882.8,"117.0,26.12",2013-5-26,6.2,6.45,14.53,3.75,30.945,18.085714285714285,30.945
4660,18.81,32.22,4.72,8.49,0.25,55.36,-1.98,4.85,293.87,91.49,92544.43,"118.49,25.96",2013-5-26,4.72,10.6125,32.22,6.25,27.68,26.87142857142857,32.22
4670,16.01,16.61,1.29,0.83,0.16,65.15,2.47,-2.34,287.21,78.78,73165.59,"99.16,26.72",2013-5-26,1.29,1.0374999999999999,16.61,4.0,32.575,22.871428571428574,32.575
4680,19.03,20.13,3.6,2.66,0.2,70.97,-0.1,2.71,292.03,53.94,77451.04,"100.68,26.79",2013-5-26,3.6,3.325,20.13,5.0,35.485,27.185714285714287,35.485
4690,24.1,26.59,9.94,5.14,0.25,79.25,0.09,3.68,292.0,64.99,77255.84,"102.19,26.83",2013-5-26,9.94,6.425,26.59,6.25,39.625,34.42857142857143,39.625
4700,33.47,35.66,8.1,2.55,0.26,86.3,-1.08,-1.0,293.47,65.1,80153.2,"103.71,26.86",2013-5-26,8.1,3.1875,35.66,6.5,43.15,47.81428571428572,47.81428571428572
4710,33.93,39.83,16.34,7.99,0.35,89.2,1.64,-1.33,293.27,70.0,82355.35,"105.23,26.86",2013-5-26,16.34,9.9875,39.83,8.75,44.6,48.471428571428575,48.471428571428575
4720,28.25,37.01,11.54,13.06,0.45,67.61,1.79,-2.55,294.01,69.19,86160.95,"106.75,26.85",2013-5-26,11.54,16.325,37.01,11.25,33.805,40.35714285714286,40.35714285714286
4730,37.88,45.4,15.07,4.49,0.37,92.34,2.89,-0.95,297.21,71.35,92068.46,"108.26,26.82",2013-5-26,15.07,5.612500000000001,45.4,9.25,46.17,53.6,53.6
4740,33.29,35.28,13.1,2.92,0.28,91.61,3.59,2.19,299.0,73.64,95667.27,"109.78,26.77",2013-5-26,13.1,3.65,35.28,7.000000000000001,45.805,47.55714285714286,47.55714285714286
4750,24.69,26.54,8.75,3.2,0.27,80.46,6.52,6.07,296.82,81.31,91924.24,"111.29,26.7",2013-5-26,8.75,4.0,26.54,6.75,40.23,35.27142857142857,40.23
4760,11.2,13.85,7.84,7.48,0.27,52.8,3.51,9.25,301.86,68.79,99211.3,"112.8,26.61",2013-5-26,7.84,9.350000000000001,13.85,6.75,26.4,16.0,26.4
4770,8.82,9.95,7.84,5.44,0.16,56.09,1.16,10.86,298.91,75.3,95214.31,"114.31,26.5",2013-5-26,7.84,6.800000000000001,9.95,4.0,28.045,12.600000000000001,28.045
4780,12.64,14.03,4.16,3.77,0.14,59.48,0.45,10.16,298.74,78.28,96948.78,"115.82,26.37",2013-5-26,4.16,4.7125,14.03,3.5000000000000004,29.74,18.057142857142857,29.74
4790,14.32,16.39,6.68,5.74,0.16,64.63,-0.91,6.94,297.06,78.94,95562.11,"117.32,26.23",2013-5-26,6.68,7.175000000000001,16.39,4.0,32.315,20.45714285714286,32.315
4800,21.64,46.16,5.48,13.92,0.36,46.6,-2.03,3.67,296.19,85.48,96285.55,"118.81,26.06",2013-5-26,5.48,17.4,46.16,9.0,23.3,30.914285714285715,46.16
4810,15.01,15.5,1.46,1.11,0.15,74.71,2.89,-3.01,284.71,79.84,69782.48,"99.46,26.87",2013-5-26,1.46,1.3875000000000002,15.5,3.75,37.355,21.442857142857143,37.355
4820,22.3,23.8,4.35,2.94,0.21,73.68,1.01,0.97,288.82,56.33,71918.14,"100.97,26.93",2013-5-26,4.35,3.675,23.8,5.25,36.84,31.857142857142858,36.84
4830,24.54,26.61,8.22,4.01,0.23,79.36,1.67,1.19,288.46,72.81,72618.35,"102.49,26.97",2013-5-26,8.22,5.012499999999999,26.61,5.75,39.68,35.05714285714286,39.68
4840,37.64,40.31,10.18,2.96,0.28,85.58,0.38,-1.47,291.07,71.73,77752.65,"104.01,27.0",2013-5-26,10.18,3.7,40.31,7.000000000000001,42.79,53.3,53.3
4850,31.26,37.36,10.93,7.09,0.36,88.35,1.89,-1.52,294.18,67.51,84342.06,"105.53,27.0",2013-5-26,10.93,8.8625,37.36,9.0,44.175,44.65714285714286,44.65714285714286
4860,29.05,37.48,11.3,9.98,0.42,68.42,1.52,-1.93,295.4,67.46,88741.72,"107.05,26.98",2013-5-26,11.3,12.475000000000001,37.48,10.5,34.21,41.5,41.5
4870,41.13,48.67,17.02,3.89,0.35,90.73,3.64,0.35,297.12,72.79,92276.45,"108.57,26.95",2013-5-26,17.02,4.8625,48.67,8.75,45.365,57.6625,57.6625
4880,33.84,35.89,12.13,2.88,0.27,91.43,4.14,1.65,297.18,79.83,93612.16,"110.09,26.89",2013-5-26,12.13,3.5999999999999996,35.89,6.75,45.715,48.34285714285715,48.34285714285715
4890,21.96,24.13,8.28,3.78,0.28,74.74,5.09,6.06,300.16,72.12,96657.37,"111.6,26.82",2013-5-26,8.28,4.725,24.13,7.000000000000001,37.37,31.371428571428574,37.37
4900,11.25,13.76,10.13,8.95,0.27,48.66,3.94,10.29,301.3,70.33,98520.77,"113.12,26.72",2013-5-26,10.13,11.1875,13.76,6.75,24.33,16.071428571428573,24.33
4910,10.0,11.13,6.68,4.88,0.16,58.97,0.92,12.17,300.89,71.39,98517.56,"114.63,26.61",2013-5-26,6.68,6.1,11.13,4.0,29.485,14.285714285714286,29.485
4920,12.47,13.73,4.42,3.66,0.14,63.38,-0.13,10.12,298.28,77.74,96092.59,"116.13,26.48",2013-5-26,4.42,4.575,13.73,3.5000000000000004,31.69,17.814285714285717,31.69
4930,13.44,16.05,5.73,4.96,0.16,65.13,-0.15,6.95,297.18,76.1,95206.93,"117.63,26.33",2013-5-26,5.73,6.2,16.05,4.0,32.565,19.2,32.565
4940,24.48,56.9,6.57,20.51,0.46,39.61,-4.07,1.28,295.79,87.47,97308.9,"119.13,26.16",2013-5-26,6.57,25.637500000000003,53.45,11.5,19.805,34.971428571428575,53.45
4950,12.95,13.3,1.62,1.15,0.15,83.58,4.61,-3.15,288.94,52.58,71922.66,"99.75,27.02",2013-5-26,1.62,1.4375,13.3,3.75,41.79,18.5,41.79
4960,24.84,27.04,6.59,3.61,0.23,78.97,-1.51,0.69,290.63,60.25,75040.81,"101.27,27.08",2013-5-26,6.59,4.5125,27.04,5.75,39.485,35.48571428571429,39.485
4970,29.81,32.33,6.88,3.52,0.26,85.05,-1.04,0.12,293.88,60.83,80373.59,"102.79,27.12",2013-5-26,6.88,4.4,32.33,6.5,42.525,42.58571428571428,42.58571428571428
4980,40.38,43.38,11.04,3.11,0.3,87.57,1.45,-1.14,292.14,70.94,79636.62,"104.31,27.13",2013-5-26,11.04,3.8874999999999997,43.38,7.5,43.785,56.725,56.725
4990,30.63,36.94,10.29,8.41,0.36,86.67,2.69,-3.15,293.52,66.12,83813.58,"105.84,27.13",2013-5-26,10.29,10.5125,36.94,9.0,43.335,43.75714285714286,43.75714285714286
5000,32.77,41.58,12.27,8.61,0.43,77.6,3.15,-0.91,294.3,73.44,88212.41,"107.36,27.11",2013-5-26,12.27,10.7625,41.58,10.75,38.8,46.81428571428572,46.81428571428572
5010,49.0,52.28,22.11,4.2,0.35,93.14,3.51,0.63,297.27,73.59,92892.42,"108.88,27.07",2013-5-26,22.11,5.25,51.14,8.75,46.57,67.5,67.5
5020,34.4,36.45,12.07,2.83,0.27,90.25,7.73,1.41,296.65,78.03,92018.34,"110.4,27.01",2013-5-26,12.07,3.5375,36.45,6.75,45.125,49.14285714285714,49.14285714285714
5030,19.96,22.24,8.04,4.46,0.3,67.87,4.56,6.69,299.86,75.96,97155.44,"111.92,26.94",2013-5-26,8.04,5.575,22.24,7.5,33.935,28.514285714285716,33.935
5040,11.32,13.71,11.69,9.18,0.26,48.51,4.36,10.06,301.16,69.88,98166.48,"113.43,26.84",2013-5-26,11.69,11.475,13.71,6.5,24.255,16.17142857142857,24.255
5050,11.23,12.4,6.2,4.43,0.15,60.0,0.66,12.71,301.54,69.31,99489.0,"114.94,26.72",2013-5-26,6.2,5.5375,12.4,3.75,30.0,16.042857142857144,30.0
5060,12.88,14.15,5.1,3.96,0.14,63.82,-1.04,9.66,297.97,77.14,95473.47,"116.45,26.59",2013-5-26,5.1,4.95,14.15,3.5000000000000004,31.91,18.400000000000002,31.91
5070,14.36,19.35,5.33,5.5,0.18,62.88,-2.17,7.61,297.4,74.2,95218.95,"117.95,26.43",2013-5-26,5.33,6.875,19.35,4.5,31.44,20.514285714285712,31.44
5080,23.49,56.1,8.09,24.24,0.45,47.97,-1.39,1.54,296.04,89.58,98238.89,"119.45,26.26",2013-5-26,8.09,30.299999999999997,53.05,11.25,23.985,33.55714285714286,53.05
5090,14.35,14.87,2.0,1.56,0.16,80.19,2.15,-0.99,289.27,44.04,71563.07,"100.05,27.17",2013-5-26,2.0,1.9500000000000002,14.87,4.0,40.095,20.5,40.095
5100,27.69,30.12,8.3,4.12,0.24,84.93,0.2,1.17,287.34,67.51,70501.0,"101.57,27.22",2013-5-26,8.3,5.15,30.12,6.0,42.465,39.55714285714286,42.465
5110,31.99,34.24,7.01,3.44,0.26,85.37,0.88,0.12,293.53,61.87,79764.28,"103.09,27.26",2013-5-26,7.01,4.3,34.24,6.5,42.685,45.699999999999996,45.699999999999996
5120,44.76,48.16,12.47,3.65,0.32,88.63,1.87,-1.34,292.72,71.71,81456.96,"104.62,27.27",2013-5-26,12.47,4.5625,48.16,8.0,44.315,62.199999999999996,62.199999999999996
5130,29.01,35.65,11.74,12.09,0.36,86.5,1.17,-2.8,295.07,61.08,86348.5,"106.14,27.27",2013-5-26,11.74,15.1125,35.65,9.0,43.25,41.44285714285714,43.25
5140,37.9,44.94,14.27,6.67,0.41,84.95,4.28,-1.52,295.82,69.68,90366.51,"107.67,27.24",2013-5-26,14.27,8.3375,44.94,10.25,42.475,53.625,53.625
5150,49.62,53.07,21.08,4.02,0.35,91.55,5.2,1.09,297.61,72.43,93496.8,"109.19,27.2",2013-5-26,21.08,5.0249999999999995,51.535,8.75,45.775,68.275,68.275
5160,34.47,36.36,12.63,3.74,0.29,86.17,5.92,1.17,299.39,70.12,95716.59,"110.71,27.14",2013-5-26,12.63,4.675000000000001,36.36,7.249999999999999,43.085,49.24285714285714,49.24285714285714
5170,18.11,20.62,7.69,5.08,0.36,60.37,4.39,7.05,301.04,72.05,98413.98,"112.23,27.05",2013-5-26,7.69,6.35,20.62,9.0,30.185,25.87142857142857,30.185
5180,10.61,12.56,10.69,7.97,0.22,50.69,6.16,9.0,299.78,73.44,96436.01,"113.75,26.95",2013-5-26,10.69,9.9625,12.56,5.5,25.345,15.157142857142857,25.345
5190,11.95,13.08,5.49,3.93,0.15,60.47,0.04,12.89,300.54,71.83,98395.75,"115.26,26.83",2013-5-26,5.49,4.9125000000000005,13.08,3.75,30.235,17.07142857142857,30.235
5200,12.74,14.06,5.02,3.77,0.14,63.33,-1.24,9.89,296.69,80.5,94106.22,"116.77,26.69",2013-5-26,5.02,4.7125,14.06,3.5000000000000004,31.665,18.2,31.665
5210,15.91,24.14,5.29,6.77,0.2,61.1,-5.03,5.67,296.9,79.58,96632.69,"118.27,26.53",2013-5-26,5.29,8.462499999999999,24.14,5.0,30.55,22.728571428571428,30.55
5220,13.27,24.0,2.78,5.88,0.15,80.52,-2.79,2.72,296.84,88.96,99632.22,"119.77,26.35",2013-5-26,2.78,7.35,24.0,3.75,40.26,18.957142857142856,40.26
5230,15.25,15.82,1.95,1.49,0.16,80.6,1.32,-0.29,289.46,41.68,71426.95,"100.19,27.31",2013-5-26,1.95,1.8625,15.82,4.0,40.3,21.785714285714285,40.3
5240,26.0,28.01,7.83,3.83,0.23,86.51,0.15,1.6,288.48,64.9,71872.62,"101.72,27.36",2013-5-26,7.83,4.7875,28.01,5.75,43.255,37.142857142857146,43.255
5250,35.07,37.49,7.78,3.86,0.27,85.13,0.46,0.04,292.38,66.0,78862.24,"103.24,27.39",2013-5-26,7.78,4.825,37.49,6.75,42.565,50.0875,50.0875
5260,47.26,50.98,13.13,4.49,0.34,88.75,1.32,-1.73,293.97,69.11,83789.8,"104.77,27.41",2013-5-26,13.13,5.612500000000001,50.489999999999995,8.5,44.375,65.325,65.325
5270,31.06,38.48,13.71,16.82,0.36,85.08,2.1,-2.9,295.31,62.67,87789.78,"106.3,27.4",2013-5-26,13.71,21.025,38.48,9.0,42.54,44.371428571428574,44.371428571428574
5280,41.36,48.23,15.73,5.97,0.41,85.82,2.91,-2.06,296.69,67.24,91797.05,"107.82,27.37",2013-5-26,15.73,7.4624999999999995,48.23,10.25,42.91,57.95,57.95
5290,49.49,52.92,22.34,4.43,0.35,91.88,5.64,1.21,297.93,71.46,94055.72,"109.35,27.33",2013-5-26,22.34,5.5375,51.46,8.75,45.94,68.11250000000001,68.11250000000001
5300,35.65,37.39,12.66,3.68,0.29,85.36,6.03,1.81,298.79,71.63,94960.59,"110.87,27.26",2013-5-26,12.66,4.6000000000000005,37.39,7.249999999999999,42.68,50.8125,50.8125
5310,18.13,21.09,8.37,5.51,0.46,55.14,3.42,6.89,301.01,72.56,98678.32,"112.39,27.18",2013-5-26,8.37,6.887499999999999,21.09,11.5,27.57,25.9,27.57
5320,10.42,12.26,9.91,7.14,0.22,52.25,5.79,8.03,300.01,72.02,96524.34,"113.91,27.07",2013-5-26,9.91,8.924999999999999,12.26,5.5,26.125,14.885714285714286,26.125
5330,11.99,13.17,5.01,3.63,0.15,60.51,-0.17,12.78,300.87,70.19,98750.4,"115.42,26.95",2013-5-26,5.01,4.5375,13.17,3.75,30.255,17.12857142857143,30.255
5340,12.98,14.24,5.31,4.05,0.14,64.94,-1.21,8.31,296.95,79.35,94725.28,"116.93,26.81",2013-5-26,5.31,5.0625,14.24,3.5000000000000004,32.47,18.542857142857144,32.47
5350,16.21,25.14,4.55,6.01,0.2,61.96,-5.59,5.99,294.92,85.03,93959.29,"118.44,26.65",2013-5-26,4.55,7.512499999999999,25.14,5.0,30.98,23.15714285714286,30.98
5360,29.67,32.3,2.87,4.0,0.27,88.89,-1.46,-0.06,301.3,70.82,97036.01,"92.9,26.93",2013-5-26,2.87,5.0,32.3,6.75,44.445,42.385714285714286,44.445
5370,14.08,14.49,1.17,1.01,0.15,74.82,4.58,-0.79,286.7,67.7,71440.45,"99.42,27.41",2013-5-26,1.17,1.2625,14.49,3.75,37.41,20.114285714285714,37.41
5380,18.42,19.34,2.8,2.03,0.18,80.45,0.18,0.45,289.94,46.25,72875.97,"100.95,27.47",2013-5-26,2.8,2.5374999999999996,19.34,4.5,40.225,26.314285714285717,40.225
5390,27.25,28.96,5.53,2.64,0.24,85.54,0.31,1.47,291.45,62.86,76703.26,"102.48,27.52",2013-5-26,5.53,3.3000000000000003,28.96,6.0,42.77,38.92857142857143,42.77
5400,42.44,45.68,10.63,4.25,0.31,89.1,0.69,-1.83,294.84,64.75,83858.2,"104.01,27.54",2013-5-26,10.63,5.3125,45.68,7.75,44.55,59.3,59.3
5410,34.78,40.47,10.04,5.39,0.34,89.52,1.36,-1.61,294.58,64.66,85777.7,"105.54,27.54",2013-5-26,10.04,6.7375,40.47,8.5,44.76,49.68571428571429,49.68571428571429
5420,31.88,42.16,19.88,10.94,0.5,83.85,2.29,-1.37,295.89,67.17,90409.85,"107.06,27.52",2013-5-26,19.88,13.674999999999999,42.16,12.5,41.925,45.542857142857144,45.542857142857144
5430,52.8,59.64,20.69,4.04,0.37,90.62,6.05,-2.02,295.64,71.93,90816.45,"108.59,27.49",2013-5-26,20.69,5.05,54.82,9.25,45.31,72.25,72.25
5440,42.24,45.18,16.53,3.87,0.32,90.54,4.6,3.94,298.61,74.82,95895.83,"110.12,27.43",2013-5-26,16.53,4.8375,45.18,8.0,45.27,59.050000000000004,59.050000000000004
5450,27.19,30.68,11.78,5.79,0.36,73.04,4.64,4.05,299.15,74.81,96037.69,"111.64,27.36",2013-5-26,11.78,7.2375,30.68,9.0,36.52,38.84285714285715,38.84285714285715
5460,13.58,17.39,13.68,8.95,0.48,43.46,3.47,8.93,300.41,74.18,98064.21,"113.16,27.26",2013-5-26,13.68,11.1875,17.39,12.0,21.73,19.400000000000002,21.73
5470,10.27,11.59,6.15,4.72,0.16,59.14,1.23,10.84,301.32,69.58,98965.39,"114.68,27.15",2013-5-26,6.15,5.8999999999999995,11.59,4.0,29.57,14.67142857142857,29.57
5480,12.58,14.27,4.42,3.52,0.15,63.25,0.84,9.69,297.27,82.6,95240.33,"116.2,27.02",2013-5-26,4.42,4.4,14.27,3.75,31.625,17.97142857142857,31.625
5490,14.21,16.84,5.92,4.95,0.15,66.98,-2.08,7.56,297.0,76.92,95448.15,"117.71,26.87",2013-5-26,5.92,6.1875,16.84,3.75,33.49,20.3,33.49
5500,19.81,36.03,3.72,7.6,0.24,64.96,-3.08,3.51,292.28,96.67,91504.59,"119.21,26.7",2013-5-26,3.72,9.5,36.03,6.0,32.48,28.299999999999997,36.03
5510,25.27,26.99,2.3,2.77,0.24,88.41,-1.03,-0.3,299.63,74.44,94521.01,"92.88,27.06",2013-5-26,2.3,3.4625,26.99,6.0,44.205,36.1,44.205
5520,13.75,14.11,0.92,0.81,0.14,75.22,4.74,-0.89,284.99,71.6,69371.98,"99.26,27.54",2013-5-26,0.92,1.0125000000000002,14.11,3.5000000000000004,37.61,19.642857142857142,37.61
5530,16.98,17.62,2.24,1.47,0.17,85.84,-0.21,0.34,287.71,49.95,69921.06,"100.79,27.6",2013-5-26,2.24,1.8375,17.62,4.25,42.92,24.25714285714286,42.92
5540,25.75,27.46,5.65,2.66,0.23,88.04,1.0,1.79,289.68,65.33,73708.89,"102.32,27.65",2013-5-26,5.65,3.325,27.46,5.75,44.02,36.785714285714285,44.02
5550,43.14,46.43,10.48,4.08,0.31,89.4,-0.27,-1.02,294.51,66.18,83811.2,"103.85,27.67",2013-5-26,10.48,5.1,46.43,7.75,44.7,60.175,60.175
5560,36.98,42.4,9.28,4.52,0.33,91.21,2.48,-2.39,293.49,67.76,84397.15,"105.38,27.68",2013-5-26,9.28,5.6499999999999995,42.4,8.25,45.605,52.474999999999994,52.474999999999994
5570,33.23,47.2,26.21,14.79,0.55,85.48,2.37,-2.22,295.96,65.17,90085.2,"106.91,27.66",2013-5-26,26.21,18.487499999999997,47.2,13.750000000000002,42.74,47.47142857142857,47.47142857142857
5580,55.08,62.06,20.65,4.62,0.39,89.04,5.63,-2.72,294.85,74.99,90460.69,"108.44,27.63",2013-5-26,20.65,5.775,56.03,9.75,44.52,75.1,75.1
5590,45.41,48.84,19.14,5.2,0.34,88.67,4.2,3.6,298.88,72.88,95909.44,"109.97,27.58",2013-5-26,19.14,6.5,48.84,8.5,44.335,63.012499999999996,63.012499999999996
5600,29.76,33.93,14.43,6.91,0.37,75.27,4.68,3.66,298.51,74.68,94807.48,"111.5,27.5",2013-5-26,14.43,8.6375,33.93,9.25,37.635,42.51428571428572,42.51428571428572
5610,14.44,18.79,13.24,8.38,0.56,44.76,3.1,8.83,301.25,71.45,99187.9,"113.02,27.41",2013-5-26,13.24,10.475000000000001,18.79,14.000000000000002,22.38,20.62857142857143,22.38
5620,10.13,11.61,5.85,4.72,0.17,56.22,2.52,8.71,299.97,74.39,97469.19,"114.54,27.3",2013-5-26,5.85,5.8999999999999995,11.61,4.25,28.11,14.471428571428573,28.11
5630,11.19,12.9,3.98,2.83,0.15,61.59,-1.03,12.22,297.52,80.35,94805.43,"116.06,27.17",2013-5-26,3.98,3.5375,12.9,3.75,30.795,15.985714285714286,30.795
5640,13.9,15.63,5.61,4.41,0.14,68.63,-1.28,7.6,297.05,76.86,95400.73,"117.57,27.02",2013-5-26,5.61,5.5125,15.63,3.5000000000000004,34.315,19.857142857142858,34.315
5650,19.03,30.69,3.51,5.76,0.21,66.11,-2.9,4.16,291.9,95.11,90102.64,"119.08,26.85",2013-5-26,3.51,7.199999999999999,30.69,5.25,33.055,27.185714285714287,33.055
5660,25.76,27.22,1.95,2.24,0.22,86.1,-0.93,-0.31,293.53,89.12,84765.75,"92.56,27.17",2013-5-26,1.95,2.8000000000000003,27.22,5.5,43.05,36.800000000000004,43.05
5670,14.6,15.09,0.97,0.29,0.15,63.67,1.93,-1.51,287.07,92.66,75012.17,"98.34,27.63",2013-5-26,0.97,0.3625,15.09,3.75,31.835,20.857142857142858,31.835
5680,14.07,14.5,1.67,1.34,0.15,85.61,1.89,-0.7,285.03,48.13,65872.8,"100.02,27.71",2013-5-26,1.67,1.675,14.5,3.75,42.805,20.1,42.805
5690,21.31,22.43,4.03,2.0,0.19,85.08,0.13,1.66,287.63,57.9,70576.7,"101.55,27.76",2013-5-26,4.03,2.5,22.43,4.75,42.54,30.442857142857143,42.54
5700,31.75,33.7,6.9,2.95,0.25,85.81,0.26,0.06,290.72,69.99,76737.97,"103.08,27.8",2013-5-26,6.9,3.6875,33.7,6.25,42.905,45.35714285714286,45.35714285714286
5710,49.12,52.96,12.4,4.59,0.33,93.98,0.84,-0.67,295.28,65.98,86666.71,"104.62,27.81",2013-5-26,12.4,5.7375,51.480000000000004,8.25,46.99,67.65,67.65
5720,36.93,42.6,12.98,7.01,0.38,91.84,0.8,-1.75,296.51,61.26,90470.73,"106.15,27.81",2013-5-26,12.98,8.7625,42.6,9.5,45.92,52.4125,52.4125
5730,47.41,52.86,17.44,5.22,0.4,89.25,3.96,-1.86,295.81,67.55,90923.31,"107.68,27.78",2013-5-26,17.44,6.5249999999999995,51.43,10.0,44.625,65.51249999999999,65.51249999999999
5740,53.31,57.2,23.38,4.4,0.37,87.69,4.8,-0.35,298.72,65.88,94993.49,"109.21,27.74",2013-5-26,23.38,5.5,53.6,9.25,43.845,72.8875,72.8875
5750,41.32,43.07,13.7,3.22,0.3,86.26,6.98,3.89,295.31,82.37,90940.45,"110.74,27.68",2013-5-26,13.7,4.025,43.07,7.5,43.13,57.9,57.9
5760,20.22,23.96,10.36,5.66,0.58,64.38,3.85,5.78,300.74,70.96,98316.65,"112.27,27.59",2013-5-26,10.36,7.075,23.96,14.499999999999998,32.19,28.885714285714286,32.19
5770,11.96,15.41,13.66,7.98,0.34,48.94,3.87,9.88,299.95,73.05,96712.64,"113.8,27.49",2013-5-26,13.66,9.975000000000001,15.41,8.5,24.47,17.08571428571429,24.47
5780,11.02,12.88,5.68,3.81,0.18,57.6,1.24,12.14,300.71,72.2,98699.89,"115.32,27.37",2013-5-26,5.68,4.7625,12.88,4.5,28.8,15.742857142857142,28.8
5790,11.05,12.67,4.6,3.5,0.14,63.4,-0.54,9.97,300.19,67.24,97962.52,"116.83,27.23",2013-5-26,4.6,4.375,12.67,3.5000000000000004,31.7,15.785714285714286,31.7
5800,15.63,21.02,4.99,5.77,0.18,66.28,-0.81,5.12,298.67,69.28,98447.89,"118.35,27.07",2013-5-26,4.99,7.2124999999999995,21.02,4.5,33.14,22.32857142857143,33.14
5810,15.58,22.61,1.92,3.04,0.14,77.51,-4.14,1.81,295.41,91.26,98329.09,"119.85,26.89",2013-5-26,1.92,3.8,22.61,3.5000000000000004,38.755,22.257142857142856,38.755
5820,26.49,27.5,1.42,2.33,0.2,79.62,-1.14,0.98,288.78,98.44,76780.84,"93.3,27.38",2013-5-26,1.42,2.9125,27.5,5.0,39.81,37.84285714285714,39.81
5830,13.47,13.8,0.69,0.53,0.14,76.89,3.54,-0.24,282.26,73.28,65383.86,"98.94,27.8",2013-5-26,0.69,0.6625000000000001,13.8,3.5000000000000004,38.445,19.242857142857144,38.445
5840,15.04,15.56,1.66,0.93,0.15,89.07,-0.27,0.98,289.85,38.82,71611.34,"100.47,27.86",2013-5-26,1.66,1.1625,15.56,3.75,44.535,21.485714285714284,44.535
5850,25.16,26.89,6.19,2.74,0.22,86.02,0.63,0.93,291.43,56.24,75948.84,"102.01,27.91",2013-5-26,6.19,3.4250000000000003,26.89,5.5,43.01,35.94285714285714,43.01
5860,36.76,39.27,8.22,2.91,0.27,88.99,0.08,-0.16,294.87,63.23,83545.48,"103.54,27.94",2013-5-26,8.22,3.6375,39.27,6.75,44.495,52.199999999999996,52.199999999999996
5870,40.61,47.67,10.47,5.01,0.33,91.31,1.39,-0.7,295.02,64.99,87005.71,"105.08,27.95",2013-5-26,10.47,6.262499999999999,47.67,8.25,45.655,57.0125,57.0125
5880,40.45,45.73,13.06,5.86,0.38,91.13,2.53,-2.26,294.48,70.51,89066.7,"106.61,27.94",2013-5-26,13.06,7.325,45.73,9.5,45.565,56.8125,56.8125
5890,52.15,59.57,19.08,4.98,0.4,88.65,3.76,-2.51,296.39,67.02,92198.12,"108.15,27.91",2013-5-26,19.08,6.2250000000000005,54.785,10.0,44.325,71.4375,71.4375
5900,48.34,51.48,20.26,4.15,0.35,89.88,4.9,0.53,300.09,62.94,96776.38,"109.68,27.86",2013-5-26,20.26,5.1875,50.739999999999995,8.75,44.94,66.67500000000001,66.67500000000001
5910,33.31,37.52,14.5,4.81,0.33,81.04,4.93,2.33,299.77,67.81,96267.28,"111.21,27.79",2013-5-26,14.5,6.012499999999999,37.52,8.25,40.52,47.58571428571429,47.58571428571429
5920,16.32,21.69,12.01,7.4,0.69,53.04,3.53,6.85,301.35,69.92,99189.72,"112.74,27.7",2013-5-26,12.01,9.25,21.69,17.25,26.52,23.314285714285717,26.52
5930,10.87,12.89,7.5,5.25,0.21,54.34,3.75,10.9,296.72,84.26,92802.0,"114.27,27.59",2013-5-26,7.5,6.5625,12.89,5.25,27.17,15.528571428571428,27.17
5940,10.3,12.16,4.11,2.89,0.18,58.16,0.86,12.08,300.42,71.21,98216.16,"115.79,27.46",2013-5-26,4.11,3.6125000000000003,12.16,4.5,29.08,14.714285714285715,29.08
5950,13.74,15.47,5.82,4.44,0.15,67.63,-2.57,7.61,296.44,79.94,94855.29,"117.31,27.32",2013-5-26,5.82,5.550000000000001,15.47,3.75,33.815,19.62857142857143,33.815
5960,14.45,19.89,3.42,3.74,0.17,71.67,-4.42,8.02,296.44,71.35,93692.85,"118.82,27.15",2013-5-26,3.42,4.675000000000001,19.89,4.25,35.835,20.642857142857142,35.835
5970,12.89,13.51,0.73,0.53,0.14,89.69,1.24,-2.51,285.33,71.75,68033.48,"92.07,27.39",2013-5-26,0.73,0.6625000000000001,13.51,3.5000000000000004,44.845,18.414285714285715,44.845
5980,23.91,24.96,1.45,2.36,0.2,79.53,0.14,1.22,291.05,92.53,80444.27,"93.59,27.54",2013-5-26,1.45,2.9499999999999997,24.96,5.0,39.765,34.15714285714286,39.765
5990,12.36,12.69,0.78,0.61,0.14,78.99,2.74,0.45,284.91,78.79,70281.68,"98.63,27.92",2013-5-26,0.78,0.7625,12.69,3.5000000000000004,39.495,17.65714285714286,39.495
6000,13.87,14.17,0.99,0.92,0.14,89.51,0.96,0.26,285.94,41.32,66202.45,"100.16,27.99",2013-5-26,0.99,1.1500000000000001,14.17,3.5000000000000004,44.755,19.814285714285713,44.755
6010,19.82,20.72,3.18,1.25,0.18,87.29,-0.79,0.82,289.38,51.17,72155.63,"101.69,28.04",2013-5-26,3.18,1.5625,20.72,4.5,43.645,28.314285714285717,43.645
6020,33.71,35.65,6.47,2.39,0.24,86.22,0.45,-1.0,289.92,73.87,76605.7,"103.23,28.07",2013-5-26,6.47,2.9875000000000003,35.65,6.0,43.11,48.15714285714286,48.15714285714286
6030,44.35,51.25,12.27,5.44,0.35,94.39,0.52,0.1,298.58,56.73,92330.07,"104.77,28.08",2013-5-26,12.27,6.800000000000001,50.625,8.75,47.195,61.6875,61.6875
6040,40.12,44.62,11.29,4.84,0.36,94.92,1.62,-1.87,295.97,64.54,90533.06,"106.31,28.08",2013-5-26,11.29,6.05,44.62,9.0,47.46,56.4,56.4
6050,46.21,52.8,14.33,4.43,0.37,91.64,4.04,-3.21,295.79,66.92,91173.43,"107.84,28.05",2013-5-26,14.33,5.5375,51.4,9.25,45.82,64.0125,64.0125
6060,55.73,59.29,22.5,4.22,0.36,90.03,6.08,-2.5,296.79,68.32,92464.35,"109.38,28.01",2013-5-26,22.5,5.2749999999999995,54.644999999999996,9.0,45.015,75.9125,75.9125
6070,42.15,43.4,14.71,3.46,0.31,85.92,7.04,3.62,296.96,78.31,93510.33,"110.91,27.94",2013-5-26,14.71,4.325,43.4,7.75,42.96,58.9375,58.9375
6080,19.86,24.69,10.27,5.72,0.67,66.19,4.08,5.54,300.31,73.06,98262.98,"112.45,27.85",2013-5-26,10.27,7.1499999999999995,24.69,16.75,33.095,28.37142857142857,33.095
6090,12.46,17.53,14.15,8.95,0.39,47.5,4.58,8.79,300.57,71.98,97806.63,"113.97,27.75",2013-5-26,14.15,11.1875,17.53,9.75,23.75,17.8,23.75
6100,10.84,12.8,5.12,3.5,0.21,56.55,1.2,11.77,300.34,73.45,98383.15,"115.5,27.63",2013-5-26,5.12,4.375,12.8,5.25,28.275,15.485714285714286,28.275
6110,12.22,14.02,4.92,3.96,0.15,64.37,-2.8,7.76,297.98,75.19,96463.92,"117.02,27.48",2013-5-26,4.92,4.95,14.02,3.75,32.185,17.45714285714286,32.185
6120,16.65,21.32,4.28,4.88,0.17,69.09,-0.61,6.12,296.01,75.18,94529.2,"118.54,27.32",2013-5-26,4.28,6.1,21.32,4.25,34.545,23.785714285714285,34.545
6130,18.2,24.06,1.83,3.28,0.15,76.42,-2.7,3.68,293.05,97.95,94818.88,"120.05,27.14",2013-5-26,1.83,4.1,24.06,3.75,38.21,26.0,38.21
6140,20.31,21.3,1.36,1.42,0.19,87.18,-0.26,1.81,290.25,81.6,78193.27,"92.81,27.6",2013-5-26,1.36,1.775,21.3,4.75,43.59,29.014285714285712,43.59
6150,20.94,22.44,1.76,3.15,0.21,79.43,-0.26,-1.5,299.31,72.34,93780.55,"94.33,27.75",2013-5-26,1.76,3.9375,22.44,5.25,39.715,29.914285714285718,39.715
6160,10.53,10.78,0.5,0.34,0.13,82.69,3.18,2.37,285.08,74.44,70337.65,"98.31,28.04",2013-5-26,0.5,0.42500000000000004,10.78,3.25,41.345,15.042857142857143,41.345
6170,12.63,12.86,0.68,1.11,0.13,93.05,1.46,-0.64,282.51,47.89,62980.07,"99.85,28.11",2013-5-26,0.68,1.3875000000000002,12.86,3.25,46.525,18.042857142857144,46.525
6180,17.18,17.79,2.15,1.05,0.16,88.11,-0.33,0.3,289.94,41.9,71598.64,"101.38,28.17",2013-5-26,2.15,1.3125,17.79,4.0,44.055,24.542857142857144,44.055
6190,30.85,32.61,6.18,2.56,0.24,87.26,-0.17,1.02,289.81,68.22,75229.99,"102.92,28.2",2013-5-26,6.18,3.2,32.61,6.0,43.63,44.07142857142858,44.07142857142858
6200,45.19,51.52,14.53,5.02,0.34,98.9,0.07,0.06,298.79,56.82,93149.14,"104.46,28.22",2013-5-26,14.53,6.2749999999999995,50.760000000000005,8.5,49.45,62.7375,62.7375
6210,37.66,43.38,10.95,4.78,0.33,96.79,1.8,-2.36,297.14,59.6,91548.51,"106.0,28.22",2013-5-26,10.95,5.9750000000000005,43.38,8.25,48.395,53.324999999999996,53.324999999999996
6220,43.34,50.43,12.05,4.14,0.36,94.39,4.0,-2.98,294.27,70.07,89268.66,"107.54,28.19",2013-5-26,12.05,5.175,50.215,9.0,47.195,60.425000000000004,60.425000000000004
6230,60.03,63.71,24.9,4.68,0.38,89.68,6.74,-3.2,296.28,68.81,92133.87,"109.08,28.15",2013-5-26,24.9,5.85,56.855000000000004,9.5,44.84,81.2875,81.2875
6240,45.65,48.17,18.37,4.17,0.33,88.57,5.52,2.51,297.71,76.09,94699.24,"110.62,28.09",2013-5-26,18.37,5.2125,48.17,8.25,44.285,63.3125,63.3125
6250,24.72,30.41,11.87,5.94,0.61,73.27,4.39,4.92,299.68,75.08,97670.98,"112.15,28.01",2013-5-26,11.87,7.425000000000001,30.41,15.25,36.635,35.31428571428572,36.635
6260,13.8,21.36,16.97,10.61,0.51,45.3,3.81,8.17,300.2,74.32,98068.27,"113.68,27.91",2013-5-26,16.97,13.2625,21.36,12.75,22.65,19.714285714285715,22.65
6270,11.14,13.17,6.49,4.7,0.24,55.68,1.53,11.34,301.24,71.97,99739.5,"115.21,27.79",2013-5-26,6.49,5.875,13.17,6.0,27.84,15.914285714285715,27.84
6280,10.71,12.5,4.5,3.37,0.16,63.22,-2.41,11.02,299.64,70.55,97935.7,"116.73,27.65",2013-5-26,4.5,4.2125,12.5,4.0,31.61,15.3,31.61
6290,18.42,21.96,5.57,5.77,0.17,67.45,-0.72,4.6,296.71,75.91,96830.7,"118.25,27.49",2013-5-26,5.57,7.2124999999999995,21.96,4.25,33.725,26.314285714285717,33.725
6300,18.71,24.38,2.78,5.16,0.17,72.7,-2.8,4.93,293.54,90.98,94247.41,"119.77,27.31",2013-5-26,2.78,6.45,24.38,4.25,36.35,26.72857142857143,36.35
6310,12.1,12.56,0.62,0.77,0.14,94.13,1.97,0.98,281.88,83.07,63607.87,"92.64,27.72",2013-5-26,0.62,0.9625,12.56,3.5000000000000004,47.065,17.285714285714285,47.065
6320,23.48,25.02,1.66,2.91,0.21,79.86,-0.7,-0.29,294.95,85.03,87278.98,"94.17,27.87",2013-5-26,1.66,3.6375,25.02,5.25,39.93,33.542857142857144,39.93
6330,11.68,11.96,0.51,1.94,0.13,98.73,-0.15,-0.62,285.73,72.61,70250.91,"96.92,28.09",2013-5-26,0.51,2.425,11.96,3.25,49.365,16.685714285714287,49.365
6340,11.92,12.12,0.62,1.18,0.13,94.23,2.89,0.91,285.63,44.7,67971.04,"99.22,28.22",2013-5-26,0.62,1.4749999999999999,12.12,3.25,47.115,17.02857142857143,47.115
6350,15.42,15.79,1.26,1.09,0.15,92.39,1.23,0.8,284.95,46.29,66210.99,"100.76,28.28",2013-5-26,1.26,1.3625,15.79,3.75,46.195,22.02857142857143,46.195
6360,26.2,27.88,6.13,2.58,0.23,88.32,0.52,1.18,291.19,56.84,76339.36,"102.3,28.33",2013-5-26,6.13,3.225,27.88,5.75,44.16,37.42857142857143,44.16
6370,45.21,48.69,12.52,3.13,0.29,100.89,-1.07,0.33,295.81,63.62,87665.78,"103.84,28.35",2013-5-26,12.52,3.9124999999999996,48.69,7.249999999999999,50.74166666666667,62.7625,62.7625
6380,39.37,45.02,11.05,5.47,0.35,95.06,-0.02,-0.28,299.6,54.33,95163.3,"105.39,28.36",2013-5-26,11.05,6.8374999999999995,45.02,8.75,47.53,55.4625,55.4625
6390,44.55,49.5,12.07,4.64,0.35,97.17,4.47,-4.66,292.34,74.79,86695.5,"106.93,28.34",2013-5-26,12.07,5.8,49.5,8.75,48.585,61.9375,61.9375
6400,59.71,66.47,20.72,5.22,0.39,89.57,3.79,-0.9,295.56,71.03,91552.0,"108.47,28.31",2013-5-26,20.72,6.5249999999999995,58.235,9.75,44.785,80.8875,80.8875
6410,51.65,55.07,24.17,5.37,0.37,87.63,4.39,0.55,299.32,66.84,96668.26,"110.01,28.25",2013-5-26,24.17,6.7125,52.535,9.25,43.815,70.8125,70.8125
6420,33.45,38.67,14.74,4.9,0.38,77.96,4.82,4.44,297.9,77.13,95068.54,"111.55,28.18",2013-5-26,14.74,6.125,38.67,9.5,38.98,47.78571428571429,47.78571428571429
6430,14.27,29.87,18.73,19.3,0.76,37.89,3.22,7.13,301.2,69.87,99310.77,"113.08,28.09",2013-5-26,18.73,24.125,29.87,19.0,18.945,20.385714285714286,29.87
6440,10.64,13.52,7.29,5.92,0.26,52.45,1.92,8.53,300.79,72.52,98843.52,"114.61,27.97",2013-5-26,7.29,7.4,13.52,6.5,26.225,15.200000000000001,26.225
6450,10.16,12.31,4.22,3.26,0.21,56.55,0.7,10.37,301.63,67.04,99674.51,"116.14,27.84",2013-5-26,4.22,4.074999999999999,12.31,5.25,28.275,14.514285714285714,28.275
6460,17.3,18.77,4.86,3.91,0.14,67.24,-2.99,5.61,291.64,96.65,89950.07,"117.66,27.69",2013-5-26,4.86,4.8875,18.77,3.5000000000000004,33.62,24.714285714285715,33.62
6470,18.87,23.18,4.13,4.2,0.17,74.87,-5.4,6.61,291.45,94.39,90071.59,"119.18,27.52",2013-5-26,4.13,5.25,23.18,4.25,37.435,26.95714285714286,37.435
6480,19.18,20.5,3.02,2.62,0.17,95.48,2.44,0.08,282.58,84.37,64248.16,"88.98,27.42",2013-5-26,3.02,3.2750000000000004,20.5,4.25,47.74,27.4,47.74
6490,20.17,20.93,1.13,0.67,0.17,82.86,-0.73,1.36,287.76,83.41,74001.41,"93.08,27.9",2013-5-26,1.13,0.8375,20.93,4.25,41.43,28.814285714285717,41.43
6500,20.39,21.47,1.69,3.92,0.2,78.8,-0.32,-0.25,297.15,77.12,90973.72,"94.61,28.04",2013-5-26,1.69,4.9,21.47,5.0,39.4,29.12857142857143,39.4
6510,8.65,8.84,0.32,1.61,0.12,100.03,-0.02,0.37,286.36,54.71,70212.27,"97.06,28.23",2013-5-26,0.32,2.0125,8.84,3.0,50.025,12.357142857142858,50.025
6520,11.44,11.63,0.73,1.34,0.13,94.71,2.74,0.29,284.78,34.57,65500.45,"99.06,28.35",2013-5-26,0.73,1.675,11.63,3.25,47.355,16.34285714285714,47.355
6530,13.3,13.52,0.81,0.74,0.13,100.0,1.26,1.14,286.22,37.61,66701.47,"100.6,28.41",2013-5-26,0.81,0.925,13.52,3.25,50.0,19.0,50.0
6540,21.65,23.06,4.92,2.55,0.21,88.59,0.16,1.26,290.48,50.84,74991.62,"102.14,28.46",2013-5-26,4.92,3.1875,23.06,5.25,44.295,30.928571428571427,44.295
6550,44.99,48.47,13.34,3.4,0.29,102.68,-1.43,-0.65,294.91,63.07,86054.17,"103.69,28.49",2013-5-26,13.34,4.25,48.47,7.249999999999999,52.23333333333334,62.487500000000004,62.487500000000004
6560,40.51,47.44,12.4,6.39,0.39,97.33,0.12,0.26,298.88,56.73,94429.94,"105.23,28.49",2013-5-26,12.4,7.9875,47.44,9.75,48.665,56.887499999999996,56.887499999999996
6570,45.4,50.21,12.24,5.68,0.36,96.72,2.5,-2.83,293.07,73.9,88068.71,"106.78,28.48",2013-5-26,12.24,7.1,50.105000000000004,9.0,48.36,63.0,63.0
6580,51.01,58.4,18.03,5.16,0.39,91.29,3.96,-2.38,297.59,63.05,93560.62,"108.32,28.45",2013-5-26,18.03,6.45,54.2,9.75,45.645,70.01249999999999,70.01249999999999
6590,54.59,57.57,26.8,5.43,0.38,90.1,4.82,-1.2,299.0,67.26,96294.67,"109.86,28.39",2013-5-26,26.8,6.7875,53.785,9.5,45.05,74.48750000000001,74.48750000000001
6600,36.32,41.04,16.56,4.7,0.36,80.05,5.38,3.73,298.57,75.41,96059.2,"111.4,28.32",2013-5-26,16.56,5.875,41.04,9.0,40.025,51.65,51.65
6610,15.8,32.57,14.89,21.89,0.71,40.92,3.27,6.2,300.94,71.44,99376.94,"112.94,28.23",2013-5-26,14.89,27.3625,32.57,17.75,20.46,22.571428571428573,32.57
6620,11.5,14.88,7.19,5.71,0.27,52.33,2.74,7.75,300.33,74.34,98412.83,"114.47,28.12",2013-5-26,7.19,7.1375,14.88,6.75,26.165,16.42857142857143,26.165
6630,10.52,12.71,4.46,3.4,0.22,56.03,1.11,11.02,301.15,69.08,99266.45,"116.0,27.99",2013-5-26,4.46,4.25,12.71,5.5,28.015,15.028571428571428,28.015
6640,13.55,14.89,4.44,2.76,0.13,69.28,-5.59,12.56,294.1,84.01,91054.44,"117.53,27.84",2013-5-26,4.44,3.4499999999999997,14.89,3.25,34.64,19.357142857142858,34.64
6650,16.59,19.9,4.56,3.49,0.16,77.31,-4.99,6.48,293.27,83.68,91355.54,"119.05,27.67",2013-5-26,4.56,4.362500000000001,19.9,4.0,38.655,23.7,38.655
6660,15.15,21.92,1.82,4.98,0.15,79.75,-4.17,5.3,296.26,89.7,100589.27,"120.56,27.48",2013-5-26,1.82,6.2250000000000005,21.92,3.75,39.875,21.642857142857142,39.875
6670,6.53,6.74,0.24,0.44,0.12,106.08,5.82,0.23,272.03,67.48,50734.5,"92.61,27.99",2013-5-26,0.24,0.55,6.74,3.0,55.06666666666666,9.32857142857143,55.06666666666666
6680,19.25,20.3,1.36,2.2,0.19,80.99,-0.35,0.3,294.94,78.88,86603.08,"94.13,28.14",2013-5-26,1.36,2.75,20.3,4.75,40.495,27.5,40.495
6690,18.03,19.02,2.05,3.58,0.19,75.1,-0.54,0.23,299.1,65.38,92749.19,"95.67,28.27",2013-5-26,2.05,4.475,19.02,4.75,37.55,25.75714285714286,37.55
6700,7.61,7.72,0.18,1.47,0.11,106.35,0.73,-0.86,280.8,55.66,62485.34,"97.36,28.39",2013-5-26,0.18,1.8375,7.72,2.75,55.291666666666664,10.871428571428572,55.291666666666664
6710,11.23,11.38,0.51,1.19,0.13,96.23,1.68,1.62,286.05,33.48,67293.34,"99.21,28.49",2013-5-26,0.51,1.4874999999999998,11.38,3.25,48.115,16.042857142857144,48.115
6720,14.73,15.02,1.03,0.73,0.14,96.18,1.03,1.17,284.0,44.88,64561.84,"100.75,28.55",2013-5-26,1.03,0.9125,15.02,3.5000000000000004,48.09,21.042857142857144,48.09
6730,20.56,21.68,4.1,1.91,0.19,89.59,1.3,1.32,288.86,52.49,72199.38,"102.29,28.6",2013-5-26,4.1,2.3874999999999997,21.68,4.75,44.795,29.37142857142857,44.795
6740,47.3,51.25,16.08,4.26,0.31,103.2,-0.93,0.43,297.14,58.97,90314.76,"103.84,28.62",2013-5-26,16.08,5.324999999999999,50.625,7.75,52.66666666666667,65.375,65.375
6750,41.46,48.61,13.31,7.48,0.42,97.44,0.2,0.47,298.45,58.86,94339.95,"105.39,28.63",2013-5-26,13.31,9.350000000000001,48.61,10.5,48.72,58.075,58.075
6760,46.17,51.28,12.96,7.41,0.37,97.33,2.55,-1.43,293.93,74.11,90297.44,"106.93,28.61",2013-5-26,12.96,9.2625,50.64,9.25,48.665,63.962500000000006,63.962500000000006
6770,56.34,63.97,21.48,6.16,0.4,88.95,3.43,-2.77,297.77,63.75,94515.19,"108.48,28.58",2013-5-26,21.48,7.7,56.985,10.0,44.475,76.67500000000001,76.67500000000001
6780,57.91,61.13,26.33,5.06,0.38,88.74,4.47,-0.77,297.26,75.23,94595.47,"110.02,28.52",2013-5-26,26.33,6.324999999999999,55.565,9.5,44.37,78.63749999999999,78.63749999999999
6790,33.63,39.48,16.72,5.2,0.38,78.06,4.46,3.42,299.42,73.22,97379.1,"111.57,28.45",2013-5-26,16.72,6.5,39.48,9.5,39.03,48.042857142857144,48.042857142857144
6800,16.15,31.48,14.96,16.18,0.69,48.06,3.17,6.48,300.66,72.63,99242.66,"113.1,28.36",2013-5-26,14.96,20.225,31.48,17.25,24.03,23.07142857142857,31.48
6810,11.73,14.92,7.1,5.66,0.29,53.1,2.43,8.14,300.35,75.19,99011.33,"114.64,28.24",2013-5-26,7.1,7.075,14.92,7.249999999999999,26.55,16.75714285714286,26.55
6820,10.39,12.7,4.58,3.55,0.22,56.16,0.62,11.04,301.29,68.44,99461.77,"116.17,28.11",2013-5-26,4.58,4.4375,12.7,5.5,28.08,14.842857142857143,28.08
6830,14.7,16.11,4.43,2.73,0.13,69.37,-3.6,16.0,294.53,79.13,90317.83,"117.7,27.96",2013-5-26,4.43,3.4125,16.11,3.25,34.685,21.0,34.685
6840,18.43,22.13,5.31,3.77,0.17,77.42,-2.7,7.74,290.79,93.02,88703.77,"119.22,27.79",2013-5-26,5.31,4.7125,22.13,4.25,38.71,26.32857142857143,38.71
6850,11.49,12.22,1.1,4.13,0.15,103.56,3.3,-0.7,279.97,69.33,60345.5,"88.94,27.69",2013-5-26,1.1,5.1625,12.22,3.75,52.96666666666667,16.414285714285715,52.96666666666667
6860,6.16,6.37,0.25,0.36,0.12,105.3,6.1,2.49,275.66,55.31,54086.71,"92.59,28.13",2013-5-26,0.25,0.44999999999999996,6.37,3.0,54.416666666666664,8.8,54.416666666666664
6870,17.12,17.93,1.13,2.01,0.17,80.79,0.15,0.56,293.55,76.8,83889.55,"94.12,28.27",2013-5-26,1.13,2.5124999999999997,17.93,4.25,40.395,24.45714285714286,40.395
6880,16.65,17.41,1.43,3.31,0.17,79.13,-0.25,0.56,296.09,69.59,88242.92,"95.65,28.4",2013-5-26,1.43,4.1375,17.41,4.25,39.565,23.785714285714285,39.565
6890,6.95,7.11,0.27,0.89,0.11,102.0,0.74,0.06,289.27,42.56,74071.24,"97.19,28.51",2013-5-26,0.27,1.1125,7.11,2.75,51.666666666666664,9.928571428571429,51.666666666666664
6900,9.55,9.64,0.19,0.6,0.12,104.06,3.06,1.48,286.18,31.37,67188.59,"98.73,28.6",2013-5-26,0.19,0.75,9.64,3.0,53.38333333333333,13.642857142857144,53.38333333333333
6910,11.69,11.75,0.19,0.9,0.12,105.83,1.84,-0.33,281.84,31.62,60971.67,"100.28,28.67",2013-5-26,0.19,1.125,11.75,3.0,54.858333333333334,16.7,54.858333333333334
6920,13.09,13.49,1.49,0.97,0.14,94.21,0.07,0.59,285.74,45.79,67227.92,"101.83,28.72",2013-5-26,1.49,1.2125,13.49,3.5000000000000004,47.105,18.7,47.105
6930,41.79,44.79,10.6,2.77,0.28,96.05,-0.92,0.3,292.88,66.42,82402.84,"103.37,28.75",2013-5-26,10.6,3.4625,44.79,7.000000000000001,48.025,58.4875,58.4875
6940,41.21,51.35,18.59,9.38,0.46,98.44,-0.31,0.17,300.04,54.37,96344.44,"104.92,28.76",2013-5-26,18.59,11.725000000000001,50.675,11.5,49.22,57.7625,57.7625
6950,45.17,51.16,12.47,6.56,0.4,99.41,2.89,-1.11,295.31,66.66,90836.63,"106.47,28.75",2013-5-26,12.47,8.2,50.58,10.0,49.705,62.712500000000006,62.712500000000006
6960,47.36,54.02,14.35,5.32,0.39,94.61,5.49,-2.9,294.73,70.15,90133.03,"108.02,28.73",2013-5-26,14.35,6.65,52.010000000000005,9.75,47.305,65.45,65.45
6970,61.18,65.0,28.87,6.11,0.39,87.26,5.39,-1.34,298.28,69.07,95375.69,"109.57,28.68",2013-5-26,28.87,7.6375,57.5,9.75,43.63,82.725,82.725
6980,46.83,52.5,22.92,5.27,0.37,83.1,5.01,2.11,297.9,77.5,95924.16,"111.11,28.61",2013-5-26,22.92,6.5874999999999995,51.25,9.25,41.55,64.7875,64.7875
6990,20.28,29.31,11.7,8.53,0.62,69.16,3.19,5.48,300.61,73.88,99627.29,"112.65,28.52",2013-5-26,11.7,10.6625,29.31,15.5,34.58,28.971428571428575,34.58
7000,15.62,20.04,9.54,6.6,0.3,53.55,3.03,8.37,296.04,89.33,93538.32,"114.19,28.41",2013-5-26,9.54,8.25,20.04,7.5,26.775,22.314285714285713,26.775
7010,11.66,14.32,6.66,5.12,0.35,52.83,1.95,10.38,301.29,71.99,99955.48,"115.73,28.29",2013-5-26,6.66,6.4,14.32,8.75,26.415,16.65714285714286,26.415
7020,11.47,12.97,4.34,2.87,0.14,68.38,-1.24,12.45,300.4,64.46,98264.2,"117.26,28.14",2013-5-26,4.34,3.5875000000000004,12.97,3.5000000000000004,34.19,16.385714285714286,34.19
7030,17.88,21.56,8.5,3.63,0.17,73.45,-0.39,5.97,294.22,79.5,93165.21,"118.79,27.98",2013-5-26,8.5,4.5375,21.56,4.25,36.725,25.54285714285714,36.725
7040,28.99,40.6,5.59,22.41,0.4,62.73,-3.12,3.18,294.36,95.01,98754.72,"120.31,27.79",2013-5-26,5.59,28.0125,40.6,10.0,31.365,41.41428571428571,41.41428571428571
7050,8.44,8.87,0.5,0.51,0.13,103.03,-0.8,3.59,281.61,64.22,62188.56,"91.19,28.11",2013-5-26,0.5,0.6375,8.87,3.25,52.525,12.057142857142857,52.525
7060,8.77,9.08,0.39,0.48,0.13,98.09,2.57,1.3,280.84,53.43,59052.79,"92.72,28.28",2013-5-26,0.39,0.6,9.08,3.25,49.045,12.528571428571428,49.045
7070,18.83,19.5,0.99,2.22,0.17,79.17,0.87,0.75,287.44,91.24,74526.62,"94.26,28.42",2013-5-26,0.99,2.7750000000000004,19.5,4.25,39.585,26.9,39.585
7080,15.0,15.61,1.15,2.66,0.16,83.16,-0.07,0.65,292.81,72.05,82740.45,"95.79,28.55",2013-5-26,1.15,3.325,15.61,4.0,41.58,21.42857142857143,41.58
7090,6.31,6.43,0.22,0.53,0.11,105.92,0.34,0.71,287.77,40.67,71687.41,"97.33,28.66",2013-5-26,0.22,0.6625000000000001,6.43,2.75,54.93333333333334,9.014285714285714,54.93333333333334
7100,9.91,10.0,0.18,0.67,0.12,102.72,1.75,0.21,283.41,31.04,63716.98,"98.88,28.75",2013-5-26,0.18,0.8375,10.0,3.0,52.266666666666666,14.157142857142858,52.266666666666666
7110,11.6,11.66,0.17,0.9,0.12,106.0,1.34,-0.19,283.25,27.29,62356.25,"100.43,28.81",2013-5-26,0.17,1.125,11.66,3.0,55.0,16.571428571428573,55.0
7120,13.04,13.44,1.63,0.86,0.14,95.66,-0.12,0.97,283.02,49.54,63972.66,"101.98,28.86",2013-5-26,1.63,1.075,13.44,3.5000000000000004,47.83,18.628571428571426,47.83
7130,45.64,49.45,14.12,3.67,0.3,104.98,-0.42,-0.16,296.71,57.77,88719.84,"103.53,28.89",2013-5-26,14.12,4.5875,49.45,7.5,54.150000000000006,63.3,63.3
7140,41.04,50.9,19.58,11.78,0.5,98.87,-0.11,0.54,299.85,55.8,96521.26,"105.08,28.9",2013-5-26,19.58,14.725,50.45,12.5,49.435,57.55,57.55
7150,44.7,52.12,14.04,9.67,0.44,102.45,2.6,-1.07,297.22,62.75,93984.12,"106.63,28.89",2013-5-26,14.04,12.0875,51.06,11.0,52.04166666666667,62.125,62.125
7160,48.97,55.99,16.49,5.84,0.4,91.93,4.68,-4.15,296.27,65.8,92125.25,"108.18,28.86",2013-5-26,16.49,7.3,52.995000000000005,10.0,45.965,67.4625,67.4625
7170,61.73,65.44,27.79,5.54,0.39,86.72,4.08,-1.03,298.17,71.41,95510.4,"109.73,28.81",2013-5-26,27.79,6.925,57.72,9.75,43.36,83.4125,83.4125
7180,48.51,55.84,25.71,7.02,0.42,79.6,4.19,1.43,299.16,76.0,98353.98,"111.28,28.74",2013-5-26,25.71,8.774999999999999,52.92,10.5,39.8,66.88749999999999,66.88749999999999
7190,20.95,32.22,13.97,11.97,0.62,63.74,3.16,5.8,300.29,75.39,99482.3,"112.82,28.65",2013-5-26,13.97,14.9625,32.22,15.5,31.87,29.928571428571427,32.22
7200,14.63,18.64,8.15,5.22,0.28,56.63,2.74,8.67,297.49,83.53,95153.73,"114.36,28.54",2013-5-26,8.15,6.5249999999999995,18.64,7.000000000000001,28.315,20.900000000000002,28.315
7210,11.91,15.05,6.71,5.43,0.39,52.54,1.42,10.43,301.15,72.29,99961.31,"115.9,28.41",2013-5-26,6.71,6.7875,15.05,9.75,26.27,17.014285714285716,26.27
7220,11.78,13.19,4.24,3.05,0.14,66.61,0.29,9.65,300.7,62.59,98420.57,"117.43,28.26",2013-5-26,4.24,3.8125,13.19,3.5000000000000004,33.305,16.82857142857143,33.305
7230,17.59,21.69,9.7,3.66,0.18,73.29,1.3,5.49,294.63,75.74,93099.91,"118.96,28.09",2013-5-26,9.7,4.575,21.69,4.5,36.645,25.12857142857143,36.645
7240,30.96,47.04,7.52,28.17,0.42,58.33,-3.47,4.84,293.96,95.97,97961.55,"120.48,27.9",2013-5-26,7.52,35.212500000000006,47.04,10.5,29.165,44.22857142857143,47.04
7250,8.61,9.03,0.46,0.5,0.13,93.93,-1.74,1.09,279.22,66.55,59204.49,"90.87,28.21",2013-5-26,0.46,0.625,9.03,3.25,46.965,12.299999999999999,46.965
7260,6.58,6.83,0.3,0.53,0.12,105.28,3.45,0.18,280.87,48.63,58833.16,"92.4,28.38",2013-5-26,0.3,0.6625000000000001,6.83,3.0,54.4,9.4,54.4
7270,12.74,13.2,0.68,0.87,0.14,80.76,1.4,0.81,285.98,82.42,71300.84,"93.93,28.53",2013-5-26,0.68,1.0875,13.2,3.5000000000000004,40.38,18.2,40.38
7280,15.08,15.58,0.87,2.18,0.15,83.33,-0.65,0.06,288.16,81.76,75209.77,"95.47,28.66",2013-5-26,0.87,2.725,15.58,3.75,41.665,21.542857142857144,41.665
7290,6.74,6.87,0.22,0.42,0.11,100.25,1.41,0.06,282.89,53.46,65315.97,"97.01,28.77",2013-5-26,0.22,0.525,6.87,2.75,50.208333333333336,9.62857142857143,50.208333333333336
7300,9.11,9.18,0.12,0.5,0.11,107.42,2.54,0.39,281.23,38.11,61263.43,"98.56,28.86",2013-5-26,0.12,0.625,9.18,2.75,56.18333333333334,13.014285714285714,56.18333333333334
7310,11.51,11.57,0.18,0.74,0.12,107.05,2.25,0.03,278.98,31.31,58503.58,"100.11,28.94",2013-5-26,0.18,0.925,11.57,3.0,55.875,16.442857142857143,55.875
7320,10.01,10.19,0.56,0.64,0.12,102.55,-0.33,-0.95,281.81,35.72,61846.57,"101.66,28.99",2013-5-26,0.56,0.8,10.19,3.0,52.125,14.3,52.125
7330,34.14,36.84,7.08,2.67,0.26,93.78,-0.73,1.97,292.35,65.71,80728.05,"103.21,29.02",2013-5-26,7.08,3.3375,36.84,6.5,46.89,48.77142857142857,48.77142857142857
7340,39.41,51.6,19.87,10.32,0.48,96.39,-0.47,-0.05,300.12,54.12,96234.16,"104.77,29.04",2013-5-26,19.87,12.9,50.8,12.0,48.195,55.512499999999996,55.512499999999996
7350,42.07,49.38,13.61,10.11,0.47,100.32,1.82,0.53,298.77,59.29,96071.31,"106.32,29.03",2013-5-26,13.61,12.6375,49.38,11.75,50.26666666666666,58.8375,58.8375
7360,47.21,53.19,13.84,6.18,0.4,95.91,5.18,-3.75,293.62,72.69,88753.56,"107.87,29.0",2013-5-26,13.84,7.725,51.595,10.0,47.955,65.2625,65.2625
7370,64.31,68.12,29.75,5.83,0.39,86.09,4.58,-2.68,296.45,74.19,92861.72,"109.42,28.95",2013-5-26,29.75,7.2875,59.06,9.75,43.045,86.6375,86.6375
7380,62.18,64.56,28.24,6.52,0.4,82.84,3.12,1.07,297.14,82.95,95831.12,"110.97,28.89",2013-5-26,28.24,8.149999999999999,57.28,10.0,41.42,83.975,83.975
7390,24.64,33.31,14.24,8.65,0.49,69.73,3.03,5.23,300.3,74.34,99626.4,"112.52,28.8",2013-5-26,14.24,10.8125,33.31,12.25,34.865,35.2,35.2
7400,17.03,22.44,10.78,6.72,0.32,55.76,3.08,8.9,297.92,81.95,95932.56,"114.07,28.7",2013-5-26,10.78,8.4,22.44,8.0,27.88,24.32857142857143,27.88
7410,12.67,15.7,6.83,5.63,0.5,51.62,1.63,10.03,300.43,75.79,99354.7,"115.61,28.57",2013-5-26,6.83,7.0375,15.7,12.5,25.81,18.1,25.81
7420,12.12,14.59,5.83,4.93,0.24,61.26,0.35,9.71,300.62,66.0,99310.52,"117.14,28.43",2013-5-26,5.83,6.1625,14.59,6.0,30.63,17.314285714285713,30.63
7430,17.77,22.7,13.98,3.14,0.17,70.89,-2.89,9.89,293.64,79.25,91789.07,"118.67,28.26",2013-5-26,13.98,3.9250000000000003,22.7,4.25,35.445,25.385714285714286,35.445
7440,26.09,34.86,6.63,17.18,0.36,74.06,-5.2,7.35,292.7,93.38,94553.27,"120.2,28.08",2013-5-26,6.63,21.475,34.86,9.0,37.03,37.27142857142857,37.27142857142857
7450,10.69,11.32,0.87,0.54,0.15,118.93,1.3,3.94,272.35,85.63,51743.83,"87.8,27.94",2013-5-26,0.87,0.675,11.32,3.75,65.775,15.27142857142857,65.775
7460,9.17,9.69,0.61,0.3,0.13,99.58,-1.07,5.37,276.94,71.33,56392.14,"89.63,28.19",2013-5-26,0.61,0.375,9.69,3.25,49.79,13.1,49.79
7470,7.49,7.82,0.39,0.41,0.12,99.92,1.89,3.73,274.73,78.82,54970.84,"91.15,28.38",2013-5-26,0.39,0.5125,7.82,3.0,49.96,10.700000000000001,49.96
7480,8.76,9.06,0.39,0.57,0.13,96.72,1.48,1.24,280.17,62.09,59117.11,"92.69,28.55",2013-5-26,0.39,0.7124999999999999,9.06,3.25,48.36,12.514285714285714,48.36
7490,15.37,15.92,0.82,2.8,0.16,82.74,-0.91,1.1,288.34,74.11,74361.55,"94.22,28.69",2013-5-26,0.82,3.5,15.92,4.0,41.37,21.957142857142856,41.37
7500,12.02,12.48,0.69,1.95,0.14,88.66,0.44,0.5,288.25,68.98,74260.91,"95.77,28.82",2013-5-26,0.69,2.4375,12.48,3.5000000000000004,44.33,17.17142857142857,44.33
7510,6.25,6.35,0.18,0.49,0.11,107.96,-0.11,1.9,282.71,47.35,65168.34,"97.31,28.93",2013-5-26,0.18,0.6125,6.35,2.75,56.633333333333326,8.928571428571429,56.633333333333326
7520,8.91,8.97,0.11,0.45,0.11,106.3,3.1,1.79,283.24,31.4,63394.13,"98.86,29.02",2013-5-26,0.11,0.5625,8.97,2.75,55.25,12.72857142857143,55.25
7530,11.11,11.17,0.15,0.78,0.12,106.7,2.08,-1.14,280.89,28.06,59949.17,"100.41,29.08",2013-5-26,0.15,0.9750000000000001,11.17,3.0,55.583333333333336,15.87142857142857,55.583333333333336
7540,10.35,10.65,1.05,0.74,0.12,96.1,0.04,-0.74,283.06,45.85,63911.11,"101.97,29.13",2013-5-26,1.05,0.925,10.65,3.0,48.05,14.785714285714285,48.05
7550,39.4,42.7,9.41,3.16,0.29,103.69,-0.58,1.6,295.23,61.88,87057.56,"103.52,29.16",2013-5-26,9.41,3.95,42.7,7.249999999999999,53.074999999999996,55.5,55.5
7560,31.25,38.93,12.97,9.75,0.5,94.73,0.16,0.25,299.93,56.06,96535.62,"105.08,29.17",2013-5-26,12.97,12.1875,38.93,12.5,47.365,44.642857142857146,47.365
7570,43.84,53.3,16.93,15.62,0.52,102.06,1.86,-0.09,297.34,64.98,94954.02,"106.63,29.16",2013-5-26,16.93,19.525,51.65,13.0,51.71666666666667,61.050000000000004,61.050000000000004
7580,51.38,58.16,16.85,6.64,0.4,90.63,6.27,-3.98,293.89,75.51,89871.08,"108.19,29.13",2013-5-26,16.85,8.299999999999999,54.08,10.0,45.315,70.475,70.475
7590,61.8,65.41,29.74,5.6,0.39,86.76,3.37,-2.09,297.94,72.31,94913.93,"109.74,29.08",2013-5-26,29.74,7.0,57.705,9.75,43.38,83.5,83.5
7600,56.59,64.88,30.86,9.43,0.46,75.68,2.95,0.54,298.57,80.91,98426.8,"111.29,29.01",2013-5-26,30.86,11.7875,57.44,11.5,37.84,76.98750000000001,76.98750000000001
7610,23.88,35.54,14.64,11.35,0.55,64.79,3.13,6.25,299.99,78.51,99655.34,"112.84,28.92",2013-5-26,14.64,14.1875,35.54,13.750000000000002,32.395,34.114285714285714,35.54
7620,15.85,20.0,8.75,5.1,0.28,59.01,2.59,8.95,297.68,82.63,95564.8,"114.39,28.81",2013-5-26,8.75,6.375,20.0,7.000000000000001,29.505,22.642857142857142,29.505
7630,16.45,27.52,15.02,14.54,1.24,41.49,1.24,10.25,300.74,74.46,99874.16,"115.93,28.68",2013-5-26,15.02,18.174999999999997,27.52,31.0,20.745,23.5,31.0
7640,15.73,18.22,5.67,5.61,0.21,59.76,-2.76,6.45,300.11,66.93,99221.02,"117.47,28.53",2013-5-26,5.67,7.0125,18.22,5.25,29.88,22.47142857142857,29.88
7650,18.36,25.07,13.13,3.75,0.2,70.98,-2.3,9.65,294.33,74.74,92266.16,"119.0,28.36",2013-5-26,13.13,4.6875,25.07,5.0,35.49,26.228571428571428,35.49
7660,38.99,61.11,16.78,45.35,0.54,44.16,-4.58,4.71,294.01,94.82,98211.07,"120.52,28.17",2013-5-26,16.78,56.6875,55.555,13.5,22.08,54.987500000000004,56.6875
7670,9.81,10.42,0.78,0.48,0.14,119.61,5.13,6.09,275.81,66.5,54190.02,"87.78,28.08",2013-5-26,0.78,0.6,10.42,3.5000000000000004,66.34166666666667,14.014285714285716,66.34166666666667
7680,8.34,8.98,0.65,0.65,0.14,105.19,-0.61,3.16,281.24,54.53,58759.36,"89.3,28.29",2013-5-26,0.65,0.8125,8.98,3.5000000000000004,54.324999999999996,11.914285714285715,54.324999999999996
7690,7.31,7.68,0.39,0.34,0.12,100.84,-0.02,3.41,275.66,71.08,55054.03,"90.83,28.48",2013-5-26,0.39,0.42500000000000004,7.68,3.0,50.7,10.442857142857143,50.7
7700,6.4,6.64,0.28,0.43,0.12,107.27,4.93,2.08,276.88,58.79,55221.39,"92.36,28.65",2013-5-26,0.28,0.5375,6.64,3.0,56.05833333333333,9.142857142857144,56.05833333333333
7710,10.77,11.12,0.5,0.57,0.13,79.62,1.46,1.14,282.48,75.88,64894.4,"93.9,28.8",2013-5-26,0.5,0.7124999999999999,11.12,3.25,39.81,15.385714285714286,39.81
7720,12.01,12.36,0.6,1.27,0.13,87.82,0.36,-0.52,285.6,73.37,69142.38,"95.44,28.93",2013-5-26,0.6,1.5875,12.36,3.25,43.91,17.15714285714286,43.91
7730,5.32,5.37,0.1,0.3,0.11,105.07,3.66,-2.02,274.14,54.75,53986.83,"96.99,29.04",2013-5-26,0.1,0.375,5.37,2.75,54.224999999999994,7.6000000000000005,54.224999999999994
7740,8.57,8.61,0.08,0.43,0.11,109.66,3.66,1.16,281.92,32.68,61033.29,"98.54,29.14",2013-5-26,0.08,0.5375,8.61,2.75,58.05,12.242857142857144,58.05
7750,10.85,10.9,0.15,0.85,0.12,110.45,1.05,0.17,281.43,28.02,60900.96,"100.1,29.21",2013-5-26,0.15,1.0625,10.9,3.0,58.708333333333336,15.5,58.708333333333336
7760,9.02,9.16,0.46,0.56,0.12,106.64,0.7,-2.01,278.15,39.81,58547.43,"101.65,29.26",2013-5-26,0.46,0.7000000000000001,9.16,3.0,55.53333333333333,12.885714285714286,55.53333333333333
7770,37.24,40.48,8.2,3.22,0.29,102.5,-0.08,-0.84,293.43,65.21,83851.83,"103.21,29.29",2013-5-26,8.2,4.025,40.48,7.249999999999999,52.083333333333336,52.800000000000004,52.800000000000004
7780,27.91,39.57,13.76,9.5,0.48,90.64,-0.37,-0.62,299.76,53.96,95667.46,"104.77,29.31",2013-5-26,13.76,11.875,39.57,12.0,45.32,39.871428571428574,45.32
7790,39.29,50.26,16.51,22.02,0.57,89.15,1.69,0.4,298.9,61.81,96807.66,"106.32,29.3",2013-5-26,16.51,27.525,50.129999999999995,14.249999999999998,44.575,55.3625,55.3625
7800,46.83,53.04,14.97,8.18,0.43,91.24,6.87,-3.26,295.51,69.54,92050.28,"107.88,29.27",2013-5-26,14.97,10.225,51.519999999999996,10.75,45.62,64.7875,64.7875
7810,65.15,69.01,31.87,6.13,0.4,86.04,3.8,-3.12,295.82,76.26,91845.85,"109.44,29.23",2013-5-26,31.87,7.6625,59.505,10.0,43.02,87.6875,87.6875
7820,65.89,68.7,31.3,7.7,0.42,79.97,3.07,0.01,296.84,83.84,95436.18,"110.99,29.16",2013-5-26,31.3,9.625,59.35,10.5,39.985,88.6125,88.6125
7830,26.86,35.02,16.31,9.08,0.44,68.15,2.76,5.0,299.86,76.35,99552.05,"112.54,29.07",2013-5-26,16.31,11.35,35.02,11.0,34.075,38.371428571428574,38.371428571428574
7840,17.81,22.92,11.05,6.69,0.32,58.45,3.41,8.08,298.34,81.18,96922.12,"114.09,28.97",2013-5-26,11.05,8.3625,22.92,8.0,29.225,25.442857142857143,29.225
7850,13.1,16.84,7.26,6.15,0.58,52.08,1.68,10.27,300.16,76.83,99095.51,"115.64,28.84",2013-5-26,7.26,7.6875,16.84,14.499999999999998,26.04,18.714285714285715,26.04
7860,12.37,14.56,5.19,4.52,0.23,61.35,-0.49,10.68,300.12,67.42,98605.29,"117.18,28.7",2013-5-26,5.19,5.6499999999999995,14.56,5.75,30.675,17.67142857142857,30.675
7870,18.2,27.27,16.46,3.44,0.18,67.46,-2.51,12.77,296.17,67.51,93394.31,"118.71,28.53",2013-5-26,16.46,4.3,27.27,4.5,33.73,26.0,33.73
7880,30.98,40.64,10.74,21.53,0.41,68.29,-6.62,5.36,292.49,95.85,95164.25,"120.24,28.35",2013-5-26,10.74,26.9125,40.64,10.25,34.145,44.25714285714286,44.25714285714286
7890,14.12,15.19,1.3,0.43,0.17,117.86,0.22,-0.73,277.21,77.78,57437.24,"86.39,28.01",2013-5-26,1.3,0.5375,15.19,4.25,64.88333333333333,20.17142857142857,64.88333333333333
7900,7.02,7.53,0.59,0.84,0.14,121.99,3.43,2.07,283.81,36.17,59893.31,"88.21,28.28",2013-5-26,0.59,1.05,7.53,3.5000000000000004,68.32499999999999,10.028571428571428,68.32499999999999
7910,7.85,8.29,0.54,0.31,0.13,100.3,4.92,6.49,277.74,59.36,55805.34,"89.74,28.48",2013-5-26,0.54,0.3875,8.29,3.25,50.25,11.214285714285714,50.25
7920,5.83,6.23,0.32,0.27,0.12,104.78,6.1,4.16,277.65,54.18,54849.28,"91.27,28.67",2013-5-26,0.32,0.3375,6.23,3.0,53.983333333333334,8.32857142857143,53.983333333333334
7930,8.13,8.41,0.36,0.5,0.13,95.18,3.21,3.99,278.41,59.34,56626.3,"92.81,28.83",2013-5-26,0.36,0.625,8.41,3.25,47.59,11.614285714285716,47.59
7940,12.94,13.36,0.61,1.81,0.14,81.08,0.09,1.54,285.1,75.09,69177.08,"94.35,28.98",2013-5-26,0.61,2.2625,13.36,3.5000000000000004,40.54,18.485714285714284,40.54
7950,8.59,8.85,0.4,0.99,0.12,93.38,-0.37,-0.82,286.53,59.7,69967.03,"95.89,29.1",2013-5-26,0.4,1.2375,8.85,3.0,46.69,12.271428571428572,46.69
7960,5.3,5.35,0.11,0.37,0.11,109.64,-0.23,3.7,280.09,43.05,61302.22,"97.45,29.21",2013-5-26,0.11,0.4625,5.35,2.75,58.03333333333333,7.571428571428571,58.03333333333333
7970,9.29,9.35,0.13,0.55,0.11,101.22,0.21,0.4,285.24,26.09,64959.12,"99.0,29.3",2013-5-26,0.13,0.6875,9.35,2.75,51.016666666666666,13.27142857142857,51.016666666666666
7980,10.67,10.71,0.12,0.74,0.12,108.93,2.09,-0.86,282.02,25.83,60924.46,"100.56,29.36",2013-5-26,0.12,0.925,10.71,3.0,57.44166666666667,15.242857142857144,57.44166666666667
7990,16.27,17.63,3.65,1.63,0.16,93.17,-0.26,-0.14,290.5,45.52,74986.43,"102.11,29.41",2013-5-26,3.65,2.0374999999999996,17.63,4.0,46.585,23.242857142857144,46.585
8000,40.11,45.03,14.58,6.34,0.36,97.7,-0.37,1.08,300.01,51.04,94742.88,"103.67,29.44",2013-5-26,14.58,7.925,45.03,9.0,48.85,56.3875,56.3875
8010,23.46,31.97,9.59,9.12,0.48,92.71,0.54,-0.46,299.74,55.41,96075.05,"105.23,29.44",2013-5-26,9.59,11.399999999999999,31.97,12.0,46.355,33.51428571428572,46.355
8020,43.23,53.21,16.9,19.16,0.55,91.91,2.29,0.91,297.16,66.72,95151.21,"106.79,29.43",2013-5-26,16.9,23.95,51.605000000000004,13.750000000000002,45.955,60.287499999999994,60.287499999999994
8030,51.52,58.4,18.75,7.8,0.41,84.81,4.23,-2.02,295.01,72.05,91092.34,"108.35,29.4",2013-5-26,18.75,9.75,54.2,10.25,42.405,70.65,70.65
8040,59.87,63.02,28.22,5.14,0.38,86.75,2.91,-2.36,297.01,75.74,93296.2,"109.91,29.34",2013-5-26,28.22,6.425,56.510000000000005,9.5,43.375,81.0875,81.0875
8050,58.76,66.92,35.17,12.92,0.5,68.49,1.3,-1.05,298.76,80.77,98992.4,"111.47,29.27",2013-5-26,35.17,16.15,58.46,12.5,34.245,79.69999999999999,79.69999999999999
8060,23.2,32.8,17.14,11.85,0.51,60.01,2.98,6.11,299.61,78.7,99561.39,"113.02,29.18",2013-5-26,17.14,14.8125,32.8,12.75,30.005,33.142857142857146,33.142857142857146
8070,15.21,18.66,8.25,4.67,0.29,61.13,2.89,9.4,299.47,76.23,97889.27,"114.57,29.07",2013-5-26,8.25,5.8375,18.66,7.249999999999999,30.565,21.72857142857143,30.565
8080,14.16,18.7,8.3,6.89,0.52,52.82,0.7,10.72,300.73,73.62,99960.69,"116.12,28.93",2013-5-26,8.3,8.612499999999999,18.7,13.0,26.41,20.228571428571428,26.41
8090,16.69,20.08,8.84,4.65,0.17,62.29,-4.05,10.06,298.91,68.24,97329.98,"117.66,28.78",2013-5-26,8.84,5.8125,20.08,4.25,31.145,23.842857142857145,31.145
8100,19.74,28.36,11.87,4.79,0.26,72.02,-4.72,7.93,294.22,77.87,93580.69,"119.19,28.61",2013-5-26,11.87,5.9875,28.36,6.5,36.01,28.2,36.01
8110,30.45,43.84,9.58,27.94,0.35,55.44,-4.31,5.6,293.25,94.69,96961.72,"120.72,28.42",2013-5-26,9.58,34.925000000000004,43.84,8.75,27.72,43.5,43.84
8120,12.51,13.41,1.12,0.24,0.16,118.74,6.49,2.44,271.45,70.5,50766.33,"86.67,28.19",2013-5-26,1.12,0.3,13.41,4.0,65.61666666666666,17.87142857142857,65.61666666666666
8130,6.69,7.25,0.59,0.3,0.14,130.02,5.11,-0.17,284.76,46.69,59567.24,"88.19,28.41",2013-5-26,0.59,0.375,7.25,3.5000000000000004,75.01666666666668,9.557142857142859,75.01666666666668
8140,7.77,8.21,0.54,0.36,0.13,100.57,5.32,5.74,278.01,58.21,55716.44,"89.71,28.62",2013-5-26,0.54,0.44999999999999996,8.21,3.25,50.474999999999994,11.1,50.474999999999994
8150,5.91,6.59,0.32,0.3,0.12,104.21,5.24,3.52,280.58,44.77,56772.63,"91.25,28.8",2013-5-26,0.32,0.375,6.59,3.0,53.508333333333326,8.442857142857143,53.508333333333326
8160,7.17,7.43,0.33,0.52,0.12,93.28,2.02,2.95,282.71,46.88,60335.07,"92.79,28.97",2013-5-26,0.33,0.65,7.43,3.0,46.64,10.242857142857144,46.64
8170,11.36,11.7,0.54,0.87,0.14,83.61,0.24,1.91,283.91,72.61,67149.33,"94.33,29.11",2013-5-26,0.54,1.0875,11.7,3.5000000000000004,41.805,16.228571428571428,41.805
8180,8.58,8.8,0.34,0.76,0.12,96.44,0.05,-1.02,282.75,65.26,64909.25,"95.88,29.24",2013-5-26,0.34,0.95,8.8,3.0,48.22,12.257142857142858,48.22
8190,5.17,5.22,0.1,0.37,0.11,107.19,1.66,5.23,280.46,40.56,61085.43,"97.43,29.34",2013-5-26,0.1,0.4625,5.22,2.75,55.99166666666667,7.385714285714286,55.99166666666667
8200,9.11,9.16,0.12,0.58,0.11,101.94,0.14,1.37,283.48,27.34,62698.82,"98.99,29.43",2013-5-26,0.12,0.725,9.16,2.75,51.61666666666667,13.014285714285714,51.61666666666667
8210,10.56,10.61,0.12,0.83,0.12,108.86,2.01,-0.79,281.78,26.33,61003.5,"100.55,29.5",2013-5-26,0.12,1.0374999999999999,10.61,3.0,57.38333333333333,15.085714285714287,57.38333333333333
8220,14.87,16.19,3.16,1.52,0.15,94.26,0.22,0.49,289.95,46.52,73873.86,"102.11,29.54",2013-5-26,3.16,1.9,16.19,3.75,47.13,21.242857142857144,47.13
8230,40.91,47.1,16.2,8.53,0.4,89.3,-0.29,0.7,300.43,50.83,95697.45,"103.67,29.57",2013-5-26,16.2,10.6625,47.1,10.0,44.65,57.387499999999996,57.387499999999996
8240,21.74,31.0,9.2,8.13,0.46,93.33,0.48,-1.1,299.94,54.12,96300.47,"105.23,29.58",2013-5-26,9.2,10.162500000000001,31.0,11.5,46.665,31.057142857142857,46.665
8250,40.4,51.5,16.2,22.22,0.6,81.8,2.45,1.28,297.73,65.69,96012.59,"106.8,29.57",2013-5-26,16.2,27.775,50.75,15.0,40.9,56.75,56.75
8260,50.23,56.79,18.26,7.64,0.4,84.81,4.33,-3.12,295.07,70.74,90789.68,"108.36,29.53",2013-5-26,18.26,9.549999999999999,53.394999999999996,10.0,42.405,69.0375,69.0375
8270,58.56,61.52,27.06,4.67,0.38,87.07,3.25,-3.38,297.21,74.17,93120.15,"109.92,29.48",2013-5-26,27.06,5.8375,55.760000000000005,9.5,43.535,79.45,79.45
8280,61.6,68.51,34.76,11.9,0.49,68.48,0.56,-2.28,298.28,82.42,98693.75,"111.48,29.41",2013-5-26,34.76,14.875,59.255,12.25,34.24,83.25,83.25
8290,22.46,31.61,18.45,12.49,0.51,59.51,2.77,6.35,299.56,78.63,99566.63,"113.03,29.31",2013-5-26,18.45,15.6125,31.61,12.75,29.755,32.08571428571429,32.08571428571429
8300,16.01,19.16,8.23,5.01,0.29,62.08,3.73,9.13,297.97,82.42,96506.57,"114.58,29.2",2013-5-26,8.23,6.262499999999999,19.16,7.249999999999999,31.04,22.871428571428574,31.04
8310,14.56,20.37,7.71,7.04,0.55,54.29,0.38,11.02,300.27,75.44,100000.92,"116.13,29.07",2013-5-26,7.71,8.8,20.37,13.750000000000002,27.145,20.8,27.145
8320,16.42,20.1,9.03,4.66,0.17,62.22,-3.12,9.95,300.14,64.68,99008.32,"117.67,28.92",2013-5-26,9.03,5.825,20.1,4.25,31.11,23.45714285714286,31.11
8330,18.91,26.01,10.12,4.34,0.24,72.27,-5.46,9.83,294.65,76.83,94443.3,"119.21,28.75",2013-5-26,10.12,5.425,26.01,6.0,36.135,27.014285714285716,36.135
8340,26.85,35.73,7.46,19.5,0.27,63.03,-4.69,7.64,292.04,95.16,94815.84,"120.74,28.56",2013-5-26,7.46,24.375,35.73,6.75,31.515,38.35714285714286,38.35714285714286
8350,17.4,18.63,1.47,0.26,0.18,115.15,3.78,3.06,271.37,95.68,52095.08,"86.34,28.27",2013-5-26,1.47,0.325,18.63,4.5,62.62500000000001,24.857142857142854,62.62500000000001
8360,7.95,8.5,0.63,0.52,0.14,118.64,3.8,0.8,283.43,40.79,60144.12,"87.86,28.5",2013-5-26,0.63,0.65,8.5,3.5000000000000004,65.53333333333333,11.357142857142858,65.53333333333333
8370,8.26,8.75,0.59,0.48,0.13,101.56,2.56,6.55,278.5,57.98,55844.39,"89.39,28.71",2013-5-26,0.59,0.6,8.75,3.25,51.300000000000004,11.8,51.300000000000004
8380,6.57,7.89,0.37,0.35,0.13,103.3,3.57,5.64,282.08,44.48,58557.87,"90.92,28.9",2013-5-26,0.37,0.4375,7.89,3.25,52.75,9.385714285714286,52.75
8390,6.05,6.28,0.27,0.68,0.12,94.89,0.95,0.23,283.77,44.3,60780.5,"92.46,29.07",2013-5-26,0.27,0.8500000000000001,6.28,3.0,47.445,8.642857142857142,47.445
8400,8.99,9.27,0.42,0.65,0.13,85.49,1.94,2.04,282.16,62.24,62879.47,"94.01,29.22",2013-5-26,0.42,0.8125,9.27,3.25,42.745,12.842857142857143,42.745
8410,9.28,9.52,0.41,0.48,0.12,90.61,0.62,-0.15,283.98,69.27,66988.36,"95.56,29.35",2013-5-26,0.41,0.6,9.52,3.0,45.305,13.257142857142856,45.305
8420,5.16,5.2,0.08,0.52,0.1,101.25,1.45,1.11,278.59,40.53,57847.21,"97.11,29.46",2013-5-26,0.08,0.65,5.2,2.5,51.041666666666664,7.371428571428572,51.041666666666664
8430,8.42,8.46,0.07,0.71,0.11,110.03,1.89,1.02,281.83,26.95,60427.9,"98.67,29.55",2013-5-26,0.07,0.8875,8.46,2.75,58.358333333333334,12.028571428571428,58.358333333333334
8440,10.48,10.52,0.12,0.75,0.12,109.93,3.0,0.13,281.27,26.38,60036.7,"100.23,29.62",2013-5-26,0.12,0.9375,10.52,3.0,58.275000000000006,14.971428571428572,58.275000000000006
8450,8.63,8.84,0.73,0.67,0.12,103.73,1.83,-2.52,277.87,45.04,58743.91,"101.79,29.67",2013-5-26,0.73,0.8375,8.84,3.0,53.108333333333334,12.32857142857143,53.108333333333334
8460,37.36,43.19,12.07,5.93,0.34,94.83,-1.74,2.16,297.93,54.18,90887.56,"103.36,29.7",2013-5-26,12.07,7.4125,43.19,8.5,47.415,52.95,52.95
8470,22.01,31.4,8.33,6.49,0.45,87.25,0.25,-1.11,299.68,53.39,95517.23,"104.92,29.71",2013-5-26,8.33,8.1125,31.4,11.25,43.625,31.442857142857147,43.625
8480,27.42,45.24,9.37,31.22,0.72,70.13,2.35,-0.35,298.25,63.53,96249.88,"106.49,29.71",2013-5-26,9.37,39.025,45.24,18.0,35.065,39.17142857142858,45.24
8490,51.49,57.27,15.19,7.21,0.41,87.08,6.76,-6.02,290.67,87.18,86298.3,"108.05,29.68",2013-5-26,15.19,9.0125,53.635000000000005,10.25,43.54,70.61250000000001,70.61250000000001
8500,62.56,65.92,27.39,4.55,0.38,87.9,2.56,-4.54,294.65,79.6,89880.03,"109.61,29.63",2013-5-26,27.39,5.6875,57.96,9.5,43.95,84.45,84.45
8510,69.67,74.86,40.69,12.5,0.47,69.33,-0.73,-2.75,297.17,85.96,97026.66,"111.17,29.56",2013-5-26,40.69,15.625,62.43,11.75,34.665,93.3375,93.3375
8520,25.14,31.56,16.47,9.43,0.42,65.77,2.5,5.22,299.17,79.88,99403.98,"112.73,29.47",2013-5-26,16.47,11.7875,31.56,10.5,32.885,35.91428571428572,35.91428571428572
8530,17.98,20.92,9.84,5.53,0.3,65.29,2.96,9.5,296.42,88.01,94499.77,"114.29,29.36",2013-5-26,9.84,6.9125000000000005,20.92,7.5,32.645,25.685714285714287,32.645
8540,14.59,20.08,10.01,8.24,0.76,52.56,0.51,9.74,300.55,75.55,99875.84,"115.84,29.23",2013-5-26,10.01,10.3,20.08,19.0,26.28,20.84285714285714,26.28
8550,14.52,16.55,4.62,4.45,0.21,60.7,-1.02,8.2,299.63,71.12,99073.99,"117.38,29.08",2013-5-26,4.62,5.5625,16.55,5.25,30.35,20.742857142857144,30.35
8560,23.3,32.83,17.89,9.51,0.26,58.94,-1.68,5.15,298.2,65.42,98696.98,"118.93,28.92",2013-5-26,17.89,11.8875,32.83,6.5,29.47,33.285714285714285,33.285714285714285
8570,24.78,32.11,6.9,13.88,0.27,66.62,-6.23,8.38,293.61,84.91,96075.16,"120.46,28.73",2013-5-26,6.9,17.35,32.11,6.75,33.31,35.400000000000006,35.400000000000006
8580,16.51,17.71,1.49,0.26,0.18,114.34,5.71,4.98,272.94,80.09,52297.58,"86.31,28.41",2013-5-26,1.49,0.325,17.71,4.5,61.95,23.58571428571429,61.95
8590,8.51,9.11,0.67,0.46,0.15,119.22,5.4,1.99,282.31,42.01,59099.02,"87.83,28.64",2013-5-26,0.67,0.5750000000000001,9.11,3.75,66.01666666666667,12.157142857142857,66.01666666666667
8600,7.41,7.87,0.56,0.51,0.13,103.41,3.9,5.61,281.91,44.85,57893.47,"89.36,28.84",2013-5-26,0.56,0.6375,7.87,3.25,52.84166666666666,10.585714285714285,52.84166666666666
8610,8.3,12.04,0.45,0.75,0.14,101.09,3.47,5.11,280.85,47.34,57234.22,"90.9,29.03",2013-5-26,0.45,0.9375,12.04,3.5000000000000004,50.90833333333334,11.857142857142858,50.90833333333334
8620,6.21,6.43,0.26,0.69,0.12,98.9,1.67,0.36,279.82,51.75,57081.29,"92.44,29.2",2013-5-26,0.26,0.8624999999999999,6.43,3.0,49.45,8.871428571428572,49.45
8630,8.26,8.5,0.37,0.42,0.13,88.78,2.12,1.66,280.41,65.22,60734.68,"93.99,29.35",2013-5-26,0.37,0.525,8.5,3.25,44.39,11.8,44.39
8640,7.73,7.96,0.38,0.49,0.12,95.62,-0.22,0.73,289.16,56.52,73852.55,"95.54,29.48",2013-5-26,0.38,0.6125,7.96,3.0,47.81,11.042857142857144,47.81
8650,5.07,5.11,0.08,0.47,0.1,95.84,1.88,0.56,279.55,37.18,58623.04,"97.1,29.6",2013-5-26,0.08,0.5874999999999999,5.11,2.5,47.92,7.242857142857144,47.92
8660,8.37,8.41,0.07,0.73,0.11,109.48,2.36,0.98,281.74,25.48,60229.21,"98.66,29.69",2013-5-26,0.07,0.9125,8.41,2.75,57.900000000000006,11.957142857142856,57.900000000000006
8670,10.47,10.51,0.11,0.75,0.12,109.72,2.78,-0.24,282.01,25.09,60513.89,"100.22,29.76",2013-5-26,0.11,0.9375,10.51,3.0,58.1,14.957142857142859,58.1
8680,7.86,8.02,0.69,0.75,0.12,106.56,1.76,-1.39,277.93,42.91,58692.67,"101.79,29.81",2013-5-26,0.69,0.9375,8.02,3.0,55.46666666666667,11.22857142857143,55.46666666666667
8690,35.12,41.76,11.21,6.02,0.35,90.48,-1.09,1.41,299.65,51.23,94047.67,"103.35,29.84",2013-5-26,11.21,7.5249999999999995,41.76,8.75,45.24,50.15,50.15
8700,21.47,30.14,7.95,5.2,0.43,87.48,0.48,-1.47,299.83,52.89,95870.13,"104.92,29.85",2013-5-26,7.95,6.5,30.14,10.75,43.74,30.67142857142857,43.74
8710,24.5,38.14,9.49,17.92,0.63,79.51,2.42,-0.51,297.63,65.43,95410.85,"106.49,29.84",2013-5-26,9.49,22.400000000000002,38.14,15.75,39.755,35.0,39.755
8720,53.81,60.8,16.64,9.05,0.45,78.83,5.51,-2.1,291.38,87.37,88072.52,"108.06,29.81",2013-5-26,16.64,11.3125,55.4,11.25,39.415,73.5125,73.5125
8730,62.47,65.67,26.08,4.15,0.38,88.42,2.65,-5.24,294.05,80.77,89116.98,"109.62,29.76",2013-5-26,26.08,5.1875,57.835,9.5,44.21,84.3375,84.3375
8740,71.71,76.48,44.38,12.78,0.48,69.46,-1.41,-3.62,296.32,87.72,95980.3,"111.18,29.69",2013-5-26,44.38,15.975,63.24,12.0,34.73,95.88749999999999,95.88749999999999
8750,25.47,31.37,16.95,9.96,0.41,65.13,2.33,5.0,298.82,81.17,99128.15,"112.74,29.61",2013-5-26,16.95,12.450000000000001,31.37,10.25,32.565,36.385714285714286,36.385714285714286
8760,16.98,19.66,10.12,5.81,0.3,65.4,3.85,9.62,298.17,81.36,96680.98,"114.3,29.5",2013-5-26,10.12,7.262499999999999,19.66,7.5,32.7,24.25714285714286,32.7
8770,15.27,20.29,9.51,7.45,0.68,54.97,0.41,9.54,299.88,78.09,99234.09,"115.85,29.37",2013-5-26,9.51,9.3125,20.29,17.0,27.485,21.814285714285713,27.485
8780,14.77,16.73,4.49,4.29,0.2,60.89,-1.53,7.7,298.91,73.89,98500.97,"117.4,29.22",2013-5-26,4.49,5.3625,16.73,5.0,30.445,21.1,30.445
8790,25.1,31.74,13.41,10.69,0.26,56.95,-1.63,1.61,297.47,69.09,99023.18,"118.95,29.05",2013-5-26,13.41,13.362499999999999,31.74,6.5,28.475,35.85714285714286,35.85714285714286
8800,24.08,30.59,5.81,10.88,0.24,68.9,-6.73,7.24,292.29,90.21,94710.21,"120.48,28.86",2013-5-26,5.81,13.600000000000001,30.59,6.0,34.45,34.4,34.45
8810,14.1,15.14,1.39,0.44,0.17,112.88,1.27,1.95,275.72,83.52,55800.39,"85.52,28.42",2013-5-26,1.39,0.55,15.14,4.25,60.733333333333334,20.142857142857142,60.733333333333334
8820,11.02,11.84,0.95,0.52,0.16,114.66,1.93,1.1,280.84,45.49,58016.57,"87.04,28.66",2013-5-26,0.95,0.65,11.84,4.0,62.21666666666667,15.742857142857142,62.21666666666667
8830,6.51,6.95,0.52,0.37,0.14,113.29,4.24,1.78,283.83,31.27,58019.91,"88.57,28.88",2013-5-26,0.52,0.4625,6.95,3.5000000000000004,61.075,9.3,61.075
8840,6.66,7.08,0.42,0.33,0.13,104.11,5.85,4.92,277.91,50.66,54637.03,"90.11,29.08",2013-5-26,0.42,0.41250000000000003,7.08,3.25,53.425,9.514285714285714,53.425
8850,8.84,13.29,0.41,2.01,0.14,98.69,-1.8,1.97,286.83,37.39,63195.55,"91.65,29.26",2013-5-26,0.41,2.5124999999999997,13.29,3.5000000000000004,49.345,12.628571428571428,49.345
8860,7.4,7.63,0.31,0.45,0.12,90.0,2.78,3.02,277.04,65.99,55741.45,"93.2,29.42",2013-5-26,0.31,0.5625,7.63,3.0,45.0,10.571428571428573,45.0
8870,10.02,10.35,0.47,0.65,0.13,86.67,3.23,3.94,281.53,70.37,62695.06,"94.75,29.56",2013-5-26,0.47,0.8125,10.35,3.25,43.335,14.314285714285713,43.335
8880,5.81,5.92,0.17,0.75,0.1,100.9,1.19,0.69,280.75,49.61,62335.13,"96.31,29.68",2013-5-26,0.17,0.9375,5.92,2.5,50.75000000000001,8.299999999999999,50.75000000000001
8890,7.18,7.21,0.06,0.48,0.11,113.02,3.58,0.33,278.88,32.73,58258.0,"97.87,29.78",2013-5-26,0.06,0.6,7.21,2.75,60.849999999999994,10.257142857142856,60.849999999999994
8900,8.61,8.65,0.09,0.45,0.11,108.55,2.12,-0.02,279.38,26.38,58041.39,"99.43,29.86",2013-5-26,0.09,0.5625,8.65,2.75,57.125,12.299999999999999,57.125
8910,9.17,9.24,0.26,0.89,0.12,108.76,0.13,1.54,285.76,27.08,65751.98,"101.0,29.92",2013-5-26,0.26,1.1125,9.24,3.0,57.300000000000004,13.1,57.300000000000004
8920,23.57,27.74,5.12,1.92,0.22,93.72,-1.69,-0.42,293.17,55.75,82679.22,"102.57,29.96",2013-5-26,5.12,2.4,27.74,5.5,46.86,33.67142857142857,46.86
8930,40.28,49.06,11.23,10.35,0.44,66.1,-1.02,-0.61,299.96,51.71,94879.99,"104.14,29.98",2013-5-26,11.23,12.9375,49.06,11.0,33.05,56.6,56.6
8940,20.93,31.68,10.09,5.48,0.46,91.39,1.83,-1.75,299.35,58.24,96368.33,"105.71,29.98",2013-5-26,10.09,6.8500000000000005,31.68,11.5,45.695,29.9,45.695
8950,39.48,51.17,14.88,13.07,0.57,91.66,3.45,0.93,297.43,70.37,95396.3,"107.28,29.97",2013-5-26,14.88,16.3375,50.585,14.249999999999998,45.83,55.599999999999994,55.599999999999994
8960,69.73,74.05,38.44,7.75,0.41,82.65,4.45,-4.38,293.73,75.58,88355.02,"108.84,29.93",2013-5-26,38.44,9.6875,62.025,10.25,41.325,93.41250000000001,93.41250000000001
8970,64.59,67.14,29.69,5.12,0.4,84.86,0.1,-4.06,293.09,85.67,86901.73,"110.41,29.87",2013-5-26,29.69,6.4,58.57,10.0,42.43,86.98750000000001,86.98750000000001
8980,54.37,61.15,33.41,14.82,0.49,62.43,0.93,-1.34,298.34,83.42,99521.55,"111.97,29.79",2013-5-26,33.41,18.525,55.575,12.25,31.215,74.2125,74.2125
8990,19.68,23.94,13.32,9.6,0.38,63.76,3.95,7.83,299.74,79.46,99670.16,"113.54,29.69",2013-5-26,13.32,12.0,23.94,9.5,31.88,28.114285714285714,31.88
9000,17.1,19.28,8.39,4.75,0.32,65.6,1.32,8.5,299.06,78.47,97496.21,"115.09,29.57",2013-5-26,8.39,5.9375,19.28,8.0,32.8,24.42857142857143,32.8
9010,13.34,16.57,5.37,4.78,0.34,61.11,-0.45,10.4,299.68,75.42,99750.85,"116.65,29.43",2013-5-26,5.37,5.9750000000000005,16.57,8.5,30.555,19.057142857142857,30.555
9020,22.2,26.53,14.09,6.45,0.19,59.37,-3.52,7.82,295.37,78.58,95188.0,"118.19,29.27",2013-5-26,14.09,8.0625,26.53,4.75,29.685,31.714285714285715,31.714285714285715
9030,21.17,27.99,4.92,7.42,0.28,72.69,-5.31,8.82,296.54,73.5,99054.88,"119.74,29.1",2013-5-26,4.92,9.275,27.99,7.000000000000001,36.345,30.242857142857147,36.345
9040,31.31,43.97,7.79,13.8,0.28,65.87,-4.16,6.03,294.29,91.88,99194.96,"121.27,28.9",2013-5-26,7.79,17.25,43.97,7.000000000000001,32.935,44.72857142857143,44.72857142857143
9050,12.42,13.35,1.19,0.36,0.17,110.36,5.92,5.43,278.75,55.33,56200.32,"86.26,28.68",2013-5-26,1.19,0.44999999999999996,13.35,4.25,58.63333333333333,17.742857142857144,58.63333333333333
9060,8.23,8.82,0.7,0.4,0.15,113.08,4.92,3.87,282.55,36.25,57480.03,"87.78,28.9",2013-5-26,0.7,0.5,8.82,3.75,60.9,11.757142857142858,60.9
9070,6.75,7.16,0.48,0.59,0.13,103.89,3.64,3.03,285.18,34.73,60048.06,"89.32,29.11",2013-5-26,0.48,0.7374999999999999,7.16,3.25,53.24166666666667,9.642857142857142,53.24166666666667
9080,18.41,40.19,0.72,8.88,0.3,96.29,2.95,2.31,288.8,30.41,63647.36,"90.86,29.3",2013-5-26,0.72,11.100000000000001,40.19,7.5,48.145,26.3,48.145
9090,6.07,6.3,0.25,0.6,0.12,102.32,2.37,3.11,278.83,54.6,56283.31,"92.41,29.47",2013-5-26,0.25,0.75,6.3,3.0,51.93333333333333,8.671428571428573,51.93333333333333
9100,7.47,7.67,0.32,0.36,0.12,88.2,2.69,4.79,279.48,57.18,58472.18,"93.96,29.62",2013-5-26,0.32,0.44999999999999996,7.67,3.0,44.1,10.67142857142857,44.1
9110,7.06,7.23,0.29,0.45,0.12,96.92,-1.39,1.76,283.2,67.26,66611.8,"95.52,29.76",2013-5-26,0.29,0.5625,7.23,3.0,48.46,10.085714285714285,48.46
9120,5.38,5.45,0.1,0.42,0.11,102.4,5.88,0.58,283.22,33.86,62393.11,"97.08,29.87",2013-5-26,0.1,0.525,5.45,2.75,52.00000000000001,7.685714285714286,52.00000000000001
9130,8.29,8.32,0.06,0.61,0.11,107.76,2.04,0.81,281.75,23.1,60210.49,"98.64,29.96",2013-5-26,0.06,0.7625,8.32,2.75,56.46666666666667,11.842857142857142,56.46666666666667
9140,10.33,10.36,0.11,0.96,0.12,109.04,3.15,-0.41,281.04,26.61,60049.41,"100.21,30.03",2013-5-26,0.11,1.2,10.36,3.0,57.53333333333334,14.757142857142858,57.53333333333334
9150,10.66,11.39,2.0,1.45,0.13,98.69,1.26,-0.49,281.4,44.33,62660.55,"101.78,30.08",2013-5-26,2.0,1.8125,11.39,3.25,49.345,15.22857142857143,49.345
9160,33.31,41.75,9.16,6.04,0.36,77.69,-0.12,1.13,299.14,52.08,93561.12,"103.35,30.11",2013-5-26,9.16,7.55,41.75,9.0,38.845,47.58571428571429,47.58571428571429
9170,22.79,30.62,8.15,4.19,0.39,84.8,0.49,-1.73,299.38,53.75,95243.91,"104.92,30.12",2013-5-26,8.15,5.237500000000001,30.62,9.75,42.4,32.55714285714286,42.4
9180,22.64,36.87,12.5,9.76,0.6,85.89,1.65,-0.38,297.79,65.79,95718.21,"106.49,30.11",2013-5-26,12.5,12.2,36.87,15.0,42.945,32.34285714285714,42.945
9190,54.8,62.51,17.32,8.8,0.48,81.55,3.28,1.16,294.24,80.74,92060.28,"108.06,30.08",2013-5-26,17.32,11.0,56.254999999999995,12.0,40.775,74.75,74.75
9200,64.63,67.71,24.69,4.25,0.38,85.45,1.79,-3.36,292.51,86.56,87764.28,"109.63,30.04",2013-5-26,24.69,5.3125,58.855,9.5,42.725,87.0375,87.0375
9210,73.95,77.92,53.26,15.09,0.49,67.11,-1.3,-5.41,295.51,87.58,94787.93,"111.2,29.97",2013-5-26,51.629999999999995,18.8625,63.96,12.25,33.555,98.6875,98.6875
9220,28.2,31.86,18.64,11.53,0.4,63.32,1.99,3.73,298.72,81.76,99559.25,"112.77,29.88",2013-5-26,18.64,14.4125,31.86,10.0,31.66,40.285714285714285,40.285714285714285
9230,16.64,18.56,11.63,6.61,0.32,64.74,2.99,8.66,299.01,79.27,98224.23,"114.33,29.77",2013-5-26,11.63,8.262500000000001,18.56,8.0,32.37,23.771428571428572,32.37
9240,15.95,20.68,10.0,7.23,0.58,58.97,0.14,10.44,299.83,77.32,98991.87,"115.89,29.64",2013-5-26,10.0,9.037500000000001,20.68,14.499999999999998,29.485,22.785714285714285,29.485
9250,14.55,16.22,4.35,4.14,0.18,62.5,-3.19,9.0,298.09,76.17,97879.85,"117.44,29.49",2013-5-26,4.35,5.175,16.22,4.5,31.25,20.78571428571429,31.25
9260,24.76,31.46,11.11,11.34,0.26,60.11,-5.14,5.71,295.37,75.5,96419.8,"118.99,29.32",2013-5-26,11.11,14.175,31.46,6.5,30.055,35.371428571428574,35.371428571428574
9270,20.62,26.53,4.76,8.19,0.21,71.67,-7.88,11.66,294.18,73.02,95079.96,"120.53,29.13",2013-5-26,4.76,10.237499999999999,26.53,5.25,35.835,29.45714285714286,35.835
9280,12.73,13.65,1.22,0.33,0.17,109.26,4.7,4.73,275.84,72.1,54786.04,"85.47,28.69",2013-5-26,1.22,0.41250000000000003,13.65,4.25,57.71666666666667,18.185714285714287,57.71666666666667
9290,9.94,10.68,0.86,0.34,0.16,105.61,5.38,3.09,276.8,53.68,53944.11,"86.99,28.93",2013-5-26,0.86,0.42500000000000004,10.68,4.0,54.675,14.2,54.675
9300,8.59,9.03,0.5,0.46,0.14,106.78,5.12,0.21,288.28,25.48,61790.84,"88.53,29.15",2013-5-26,0.5,0.5750000000000001,9.03,3.5000000000000004,55.65,12.271428571428572,55.65
9310,6.58,7.13,0.42,0.5,0.13,99.17,5.37,3.12,284.64,36.92,60144.56,"90.07,29.35",2013-5-26,0.42,0.625,7.13,3.25,49.585,9.4,49.585
9320,18.3,32.26,0.59,4.72,0.21,101.8,0.92,5.28,277.05,56.74,54281.06,"91.61,29.53",2013-5-26,0.59,5.8999999999999995,32.26,5.25,51.5,26.142857142857146,51.5
9330,6.63,6.83,0.27,0.37,0.12,92.17,3.39,4.07,279.71,52.51,57176.63,"93.16,29.69",2013-5-26,0.27,0.4625,6.83,3.0,46.085,9.471428571428572,46.085
9340,8.67,8.94,0.38,0.72,0.13,85.86,1.59,1.91,281.66,65.9,62557.99,"94.72,29.83",2013-5-26,0.38,0.8999999999999999,8.94,3.25,42.93,12.385714285714286,42.93
9350,5.37,5.47,0.15,0.33,0.11,106.65,0.82,1.31,280.09,52.0,61839.78,"96.28,29.95",2013-5-26,0.15,0.41250000000000003,5.47,2.75,55.54166666666667,7.671428571428572,55.54166666666667
9360,7.32,7.36,0.06,0.45,0.11,110.19,5.98,1.02,279.85,28.69,58191.52,"97.85,30.05",2013-5-26,0.06,0.5625,7.36,2.75,58.49166666666667,10.457142857142857,58.49166666666667
9370,9.11,9.15,0.12,0.6,0.11,108.83,1.62,1.56,280.86,24.06,59430.05,"99.42,30.13",2013-5-26,0.12,0.75,9.15,2.75,57.358333333333334,13.014285714285714,57.358333333333334
9380,8.0,8.06,0.2,1.0,0.12,104.17,-0.96,0.81,287.52,26.43,68038.7,"100.99,30.19",2013-5-26,0.2,1.25,8.06,3.0,53.475,11.428571428571429,53.475
9390,18.83,22.63,2.93,1.02,0.18,88.02,0.45,-1.34,286.94,56.43,71070.38,"102.56,30.23",2013-5-26,2.93,1.275,22.63,4.5,44.01,26.9,44.01
9400,37.88,50.09,10.61,17.62,0.49,57.43,-0.62,0.1,299.7,50.24,94158.66,"104.13,30.26",2013-5-26,10.61,22.025000000000002,50.045,12.25,28.715,53.6,53.6
9410,20.78,31.36,11.04,5.7,0.47,91.35,1.65,-1.93,299.4,57.02,96374.41,"105.71,30.26",2013-5-26,11.04,7.125,31.36,11.75,45.675,29.685714285714287,45.675
9420,37.73,49.26,16.06,10.21,0.59,86.83,2.77,-0.46,297.22,68.24,95150.16,"107.28,30.24",2013-5-26,16.06,12.762500000000001,49.26,14.75,43.415,53.412499999999994,53.412499999999994
9430,73.65,77.72,36.78,7.17,0.41,83.81,7.02,-5.33,291.51,84.42,86159.73,"108.86,30.2",2013-5-26,36.78,8.9625,63.86,10.25,41.905,98.3125,98.3125
9440,71.23,73.71,32.51,5.49,0.41,84.24,1.19,-4.44,290.29,92.59,83593.48,"110.43,30.14",2013-5-26,32.51,6.862500000000001,61.855,10.25,42.12,95.28750000000001,95.28750000000001
9450,63.5,67.37,39.44,17.57,0.51,58.32,-0.12,-3.13,297.61,86.92,99390.92,"111.99,30.06",2013-5-26,39.44,21.9625,58.685,12.75,29.16,85.625,85.625
9460,20.99,22.37,15.92,10.47,0.39,60.02,2.93,6.26,299.01,82.12,99539.84,"113.56,29.96",2013-5-26,15.92,13.0875,22.37,9.75,30.01,29.985714285714284,30.01
9470,17.02,19.4,8.66,5.42,0.32,64.73,2.32,8.13,299.73,77.98,99284.42,"115.12,29.84",2013-5-26,8.66,6.775,19.4,8.0,32.365,24.314285714285713,32.365
9480,13.71,16.54,5.74,4.63,0.3,62.95,-0.97,10.85,299.32,76.0,99094.15,"116.68,29.7",2013-5-26,5.74,5.7875,16.54,7.5,31.475,19.58571428571429,31.475
9490,20.02,23.05,10.05,5.44,0.18,64.02,-3.62,11.24,295.61,75.87,94567.84,"118.23,29.54",2013-5-26,10.05,6.800000000000001,23.05,4.5,32.01,28.6,32.01
9500,23.58,32.8,4.79,8.74,0.31,70.44,-4.12,7.23,295.47,76.22,98070.02,"119.78,29.36",2013-5-26,4.79,10.925,32.8,7.75,35.22,33.68571428571428,35.22
9510,27.7,37.64,4.84,7.97,0.24,71.59,-4.14,6.51,293.75,92.31,98424.29,"121.32,29.17",2013-5-26,4.84,9.9625,37.64,6.0,35.795,39.57142857142857,39.57142857142857
9520,8.37,9.28,0.83,0.27,0.15,110.95,4.36,0.65,276.69,64.15,54273.88,"85.9,28.89",2013-5-26,0.83,0.3375,9.28,3.75,59.125,11.957142857142856,59.125
9530,8.73,9.32,0.7,0.34,0.15,106.21,6.23,2.47,284.15,34.2,58769.38,"87.43,29.13",2013-5-26,0.7,0.42500000000000004,9.32,3.75,55.175,12.471428571428572,55.175
9540,5.79,6.14,0.37,0.65,0.13,105.53,2.14,1.92,288.85,27.26,62796.74,"88.96,29.34",2013-5-26,0.37,0.8125,6.14,3.25,54.608333333333334,8.271428571428572,54.608333333333334
9550,12.53,24.63,0.6,2.08,0.18,101.42,7.19,0.79,275.96,55.89,52808.87,"90.51,29.54",2013-5-26,0.6,2.6,24.63,4.5,51.18333333333334,17.9,51.18333333333334
9560,5.96,6.59,0.25,0.67,0.12,101.71,1.59,4.05,280.61,48.31,57363.43,"92.06,29.71",2013-5-26,0.25,0.8375,6.59,3.0,51.425,8.514285714285714,51.425
9570,6.19,6.37,0.24,0.56,0.12,94.47,-1.59,0.47,281.74,55.27,61460.41,"93.61,29.87",2013-5-26,0.24,0.7000000000000001,6.37,3.0,47.235,8.842857142857143,47.235
9580,6.68,6.84,0.29,0.44,0.12,97.58,-1.43,1.16,283.18,60.21,65554.61,"95.17,30.0",2013-5-26,0.29,0.55,6.84,3.0,48.79,9.542857142857143,48.79
9590,5.34,5.4,0.1,0.34,0.11,110.03,6.32,3.8,276.24,47.18,55930.44,"96.74,30.12",2013-5-26,0.1,0.42500000000000004,5.4,2.75,58.358333333333334,7.628571428571428,58.358333333333334
9600,8.26,8.29,0.05,0.38,0.11,108.69,2.9,2.07,281.43,24.64,59647.1,"98.31,30.21",2013-5-26,0.05,0.475,8.29,2.75,57.24166666666667,11.8,57.24166666666667
9610,10.02,10.06,0.11,0.7,0.12,109.43,2.98,-0.33,280.25,25.39,59068.23,"99.88,30.29",2013-5-26,0.11,0.875,10.06,3.0,57.85833333333334,14.314285714285713,57.85833333333334
9620,8.82,8.99,0.51,0.87,0.12,101.57,0.66,-0.31,282.03,37.39,62540.79,"101.45,30.34",2013-5-26,0.51,1.0875,8.99,3.0,51.30833333333333,12.600000000000001,51.30833333333333
9630,28.21,35.67,6.41,3.53,0.29,83.4,-0.45,1.66,294.22,56.69,85416.38,"103.03,30.38",2013-5-26,6.41,4.4125,35.67,7.249999999999999,41.7,40.300000000000004,41.7
9640,32.57,42.88,8.52,7.79,0.4,67.84,0.01,-1.2,299.92,51.58,95542.58,"104.61,30.39",2013-5-26,8.52,9.7375,42.88,10.0,33.92,46.52857142857143,46.52857142857143
9650,22.92,37.13,14.42,7.15,0.56,91.84,1.57,-1.65,299.0,59.52,96439.33,"106.18,30.39",2013-5-26,14.42,8.9375,37.13,14.000000000000002,45.92,32.74285714285715,45.92
9660,47.89,56.78,17.96,9.56,0.54,83.54,3.86,0.05,296.33,73.61,94069.35,"107.76,30.36",2013-5-26,17.96,11.950000000000001,53.39,13.5,41.77,66.1125,66.1125
9670,65.63,69.19,31.75,6.82,0.41,80.78,2.53,-3.63,295.64,73.73,91430.08,"109.33,30.32",2013-5-26,31.75,8.525,59.595,10.25,40.39,88.2875,88.2875
9680,74.85,78.38,41.59,9.54,0.46,73.41,0.51,-3.87,292.68,93.83,89362.56,"110.91,30.25",2013-5-26,41.59,11.924999999999999,64.19,11.5,36.705,99.8125,99.8125
9690,36.63,39.6,22.41,13.22,0.4,62.23,0.9,0.72,297.93,85.39,99455.52,"112.48,30.17",2013-5-26,22.41,16.525000000000002,39.6,10.0,31.115,52.0375,52.0375
9700,17.17,18.57,15.02,8.76,0.37,60.92,3.26,7.06,299.22,81.15,99624.99,"114.04,30.06",2013-5-26,15.02,10.95,18.57,9.25,30.46,24.528571428571432,30.46
9710,17.01,20.17,9.86,6.67,0.42,62.28,0.3,7.93,300.22,76.72,99756.95,"115.61,29.94",2013-5-26,9.86,8.3375,20.17,10.5,31.14,24.300000000000004,31.14
9720,14.41,16.45,5.87,4.9,0.21,62.53,-1.45,9.18,297.58,80.25,97291.25,"117.16,29.79",2013-5-26,5.87,6.125,16.45,5.25,31.265,20.585714285714285,31.265
9730,22.48,26.9,6.3,8.37,0.22,58.07,-4.86,4.16,295.45,77.11,96834.35,"118.72,29.63",2013-5-26,6.3,10.462499999999999,26.9,5.5,29.035,32.114285714285714,32.114285714285714
9740,21.93,30.25,5.0,8.54,0.26,71.28,-4.06,9.06,295.36,69.7,97080.2,"120.27,29.44",2013-5-26,5.0,10.674999999999999,30.25,6.5,35.64,31.32857142857143,35.64
9750,18.75,28.29,0.76,1.15,0.13,85.26,-6.09,7.46,294.53,93.5,100726.14,"121.81,29.24",2013-5-26,0.76,1.4375,28.29,3.25,42.63,26.785714285714285,42.63
9760,7.6,8.48,0.79,0.33,0.15,110.48,4.38,0.75,278.84,56.36,55705.48,"85.87,29.03",2013-5-26,0.79,0.41250000000000003,8.48,3.75,58.733333333333334,10.857142857142858,58.733333333333334
9770,7.3,7.75,0.54,0.31,0.14,106.06,5.69,0.36,284.19,34.2,58856.83,"87.4,29.26",2013-5-26,0.54,0.3875,7.75,3.5000000000000004,55.050000000000004,10.428571428571429,55.050000000000004
9780,6.13,6.45,0.33,0.55,0.13,106.11,2.07,2.83,283.14,36.09,57856.37,"88.94,29.48",2013-5-26,0.33,0.6875,6.45,3.25,55.09166666666667,8.757142857142858,55.09166666666667
9790,11.31,21.98,0.54,1.84,0.17,100.92,6.95,2.41,276.6,54.95,53332.04,"90.49,29.67",2013-5-26,0.54,2.3000000000000003,21.98,4.25,50.766666666666666,16.15714285714286,50.766666666666666
9800,5.75,6.31,0.23,0.62,0.12,101.42,0.86,3.31,280.45,48.65,57288.94,"92.04,29.85",2013-5-26,0.23,0.775,6.31,3.0,51.18333333333334,8.214285714285715,51.18333333333334
9810,6.06,6.23,0.22,0.46,0.12,97.38,-1.52,0.37,280.78,56.06,60261.14,"93.6,30.0",2013-5-26,0.22,0.5750000000000001,6.23,3.0,48.69,8.657142857142857,48.69
9820,6.36,6.5,0.25,0.41,0.12,98.22,0.03,1.04,280.18,64.38,61551.89,"95.16,30.14",2013-5-26,0.25,0.5125,6.5,3.0,49.11,9.085714285714287,49.11
9830,4.95,5.01,0.09,0.32,0.11,108.59,4.96,3.49,282.35,34.04,60996.54,"96.73,30.25",2013-5-26,0.09,0.4,5.01,2.75,57.15833333333334,7.071428571428572,57.15833333333334
9840,8.32,8.35,0.05,0.37,0.11,108.48,2.5,1.96,281.94,25.42,60304.62,"98.3,30.35",2013-5-26,0.05,0.4625,8.35,2.75,57.06666666666667,11.885714285714286,57.06666666666667
9850,9.99,10.03,0.11,0.67,0.12,110.44,3.28,-0.01,280.3,24.59,58721.74,"99.87,30.42",2013-5-26,0.11,0.8375,10.03,3.0,58.7,14.271428571428572,58.7
9860,8.45,8.6,0.47,0.83,0.12,103.19,0.48,-0.06,283.18,33.88,63556.7,"101.45,30.48",2013-5-26,0.47,1.0374999999999999,8.6,3.0,52.65833333333333,12.071428571428571,52.65833333333333
9870,21.73,28.01,4.27,2.19,0.23,83.35,-0.48,1.67,292.99,56.88,83207.23,"103.03,30.51",2013-5-26,4.27,2.7375,28.01,5.75,41.675,31.042857142857144,41.675
9880,32.86,43.74,8.93,8.05,0.4,65.72,0.25,-0.92,299.73,51.63,95072.36,"104.61,30.53",2013-5-26,8.93,10.0625,43.74,10.0,32.86,46.94285714285714,46.94285714285714
9890,27.41,39.57,15.47,7.24,0.54,92.57,1.2,-1.79,298.8,59.51,96190.14,"106.18,30.52",2013-5-26,15.47,9.05,39.57,13.5,46.285,39.15714285714286,46.285
9900,49.13,57.85,19.85,9.94,0.53,82.12,3.89,-0.37,296.32,74.33,94156.92,"107.76,30.5",2013-5-26,19.85,12.424999999999999,53.925,13.25,41.06,67.6625,67.6625
9910,70.36,73.72,32.18,6.73,0.41,81.52,4.74,-5.75,292.14,83.83,86746.61,"109.34,30.45",2013-5-26,32.18,8.412500000000001,61.86,10.25,40.76,94.2,94.2
9920,73.13,76.84,42.86,10.42,0.46,73.34,-0.63,-2.33,294.12,90.48,92247.76,"110.91,30.39",2013-5-26,42.86,13.025,63.42,11.5,36.67,97.6625,97.6625
9930,37.96,41.01,23.6,14.08,0.41,61.48,0.82,-0.38,297.74,86.72,99463.8,"112.49,30.3",2013-5-26,23.6,17.6,41.01,10.25,30.74,53.7,53.7
9940,17.24,18.47,15.48,8.94,0.38,59.68,2.7,6.41,298.87,82.74,99577.05,"114.06,30.2",2013-5-26,15.48,11.174999999999999,18.47,9.5,29.84,24.628571428571426,29.84
9950,18.0,20.97,9.42,6.89,0.39,62.74,-0.16,7.69,299.0,82.32,98876.78,"115.62,30.07",2013-5-26,9.42,8.612499999999999,20.97,9.75,31.37,25.714285714285715,31.37
9960,14.73,16.52,5.45,4.49,0.19,64.04,-2.35,9.82,296.64,83.18,96183.12,"117.18,29.93",2013-5-26,5.45,5.612500000000001,16.52,4.75,32.02,21.042857142857144,32.02
9970,21.65,25.8,5.2,7.52,0.21,61.33,-6.81,6.13,294.51,79.66,95864.6,"118.74,29.76",2013-5-26,5.2,9.399999999999999,25.8,5.25,30.665,30.928571428571427,30.928571428571427
9980,22.44,32.23,5.58,9.26,0.28,70.45,-3.87,8.96,296.52,64.97,98357.14,"120.29,29.58",2013-5-26,5.58,11.575,32.23,7.000000000000001,35.225,32.05714285714286,35.225
9990,19.96,28.12,1.23,1.79,0.15,79.29,-5.46,7.42,294.14,93.5,100030.78,"121.83,29.37",2013-5-26,1.23,2.2375,28.12,3.75,39.645,28.514285714285716,39.645
10000,7.53,8.21,0.75,0.42,0.15,104.59,6.07,-0.0,280.29,46.06,57264.18,"85.69,29.14",2013-5-26,0.75,0.525,8.21,3.75,53.825,10.757142857142858,53.825
10010,5.63,5.96,0.41,0.28,0.13,110.22,4.83,0.22,282.3,36.37,57321.98,"87.22,29.37",2013-5-26,0.41,0.35000000000000003,5.96,3.25,58.516666666666666,8.042857142857143,58.516666666666666
10020,6.28,6.5,0.25,0.34,0.12,107.97,4.25,0.77,278.32,43.66,53922.49,"88.76,29.59",2013-5-26,0.25,0.42500000000000004,6.5,3.0,56.641666666666666,8.971428571428572,56.641666666666666
10030,6.43,8.14,0.34,0.75,0.13,99.23,5.13,3.04,280.32,46.73,56272.4,"90.31,29.79",2013-5-26,0.34,0.9375,8.14,3.25,49.615,9.185714285714285,49.615
10040,5.97,6.99,0.24,0.99,0.12,100.19,-0.98,1.89,283.09,42.39,59586.73,"91.86,29.96",2013-5-26,0.24,1.2375,6.99,3.0,50.15833333333333,8.528571428571428,50.15833333333333
10050,6.14,6.29,0.2,0.36,0.12,101.97,0.66,2.41,277.21,59.56,55964.91,"93.42,30.12",2013-5-26,0.2,0.44999999999999996,6.29,3.0,51.641666666666666,8.77142857142857,51.641666666666666
10060,6.21,6.33,0.23,0.33,0.12,99.07,-0.78,1.55,280.57,60.17,61449.13,"94.99,30.26",2013-5-26,0.23,0.41250000000000003,6.33,3.0,49.535,8.871428571428572,49.535
10070,5.06,5.12,0.1,0.31,0.11,107.27,4.27,3.22,283.09,33.44,61846.37,"96.56,30.38",2013-5-26,0.1,0.3875,5.12,2.75,56.05833333333333,7.228571428571428,56.05833333333333
10080,8.5,8.53,0.06,0.37,0.11,108.62,2.2,0.66,282.6,26.33,61230.57,"98.13,30.48",2013-5-26,0.06,0.4625,8.53,2.75,57.18333333333334,12.142857142857142,57.18333333333334
10090,9.88,9.92,0.1,0.49,0.11,112.44,3.72,1.08,278.67,25.71,57322.38,"99.71,30.55",2013-5-26,0.1,0.6125,9.92,2.75,60.36666666666667,14.114285714285716,60.36666666666667
10100,7.9,8.0,0.3,0.79,0.12,105.82,1.35,-1.14,281.35,32.6,61338.58,"101.29,30.61",2013-5-26,0.3,0.9875,8.0,3.0,54.849999999999994,11.285714285714286,54.849999999999994
10110,15.06,19.0,1.97,0.94,0.17,88.22,-0.28,-0.86,287.85,54.83,72838.83,"102.87,30.65",2013-5-26,1.97,1.1749999999999998,19.0,4.25,44.11,21.514285714285716,44.11
10120,36.96,49.87,9.95,9.9,0.42,57.92,0.22,-0.35,299.12,51.95,93511.61,"104.45,30.67",2013-5-26,9.95,12.375,49.87,10.5,28.96,52.45,52.45
10130,29.87,39.32,15.73,6.76,0.49,93.58,1.08,-1.98,299.37,55.76,96343.9,"106.03,30.66",2013-5-26,15.73,8.45,39.32,12.25,46.79,42.67142857142857,46.79
10140,49.52,58.44,19.5,9.67,0.53,82.16,3.09,-0.65,296.24,75.35,94191.48,"107.61,30.64",2013-5-26,19.5,12.0875,54.22,13.25,41.08,68.15,68.15
10150,76.12,79.48,34.11,7.54,0.42,78.18,3.91,-2.56,290.12,93.37,85410.98,"109.19,30.6",2013-5-26,34.11,9.425,64.74000000000001,10.5,39.09,101.4,101.4
10160,68.59,71.57,33.45,7.05,0.42,79.47,-0.4,-4.28,292.26,87.75,87287.91,"110.77,30.53",2013-5-26,33.45,8.8125,60.785,10.5,39.735,91.98750000000001,91.98750000000001
10170,50.66,54.11,35.64,19.27,0.47,55.39,0.2,-2.35,297.31,88.75,99382.75,"112.34,30.45",2013-5-26,35.64,24.0875,52.055,11.75,27.695,69.57499999999999,69.57499999999999
10180,18.38,18.83,16.77,10.06,0.4,58.27,2.26,5.54,298.43,84.39,99457.77,"113.91,30.34",2013-5-26,16.77,12.575000000000001,18.83,10.0,29.135,26.257142857142856,29.135
10190,19.06,21.16,9.28,6.89,0.34,65.89,-0.48,8.01,298.91,83.34,99113.38,"115.48,30.22",2013-5-26,9.28,8.612499999999999,21.16,8.5,32.945,27.228571428571428,32.945
10200,13.63,15.22,5.24,4.15,0.2,66.66,-1.74,10.79,298.84,74.96,98256.62,"117.04,30.08",2013-5-26,5.24,5.1875,15.22,5.0,33.33,19.47142857142857,33.33
10210,19.05,22.16,4.41,6.39,0.19,63.46,-6.46,7.5,296.75,71.79,98196.27,"118.6,29.91",2013-5-26,4.41,7.9875,22.16,4.75,31.73,27.214285714285715,31.73
10220,26.09,41.14,6.93,12.92,0.38,68.13,-1.59,7.89,296.68,67.14,99674.91,"120.16,29.73",2013-5-26,6.93,16.15,41.14,9.5,34.065,37.27142857142857,41.14
10230,21.63,29.62,2.05,4.04,0.18,75.6,-5.23,7.94,294.57,88.42,99985.52,"121.7,29.53",2013-5-26,2.05,5.05,29.62,4.5,37.8,30.9,37.8
10240,5.95,6.45,0.63,0.47,0.15,104.63,4.68,0.96,280.57,43.25,57782.04,"85.51,29.25",2013-5-26,0.63,0.5874999999999999,6.45,3.75,53.85833333333333,8.5,53.85833333333333
10250,4.57,4.77,0.28,0.24,0.13,112.03,3.25,0.38,279.93,39.08,55326.05,"87.04,29.48",2013-5-26,0.28,0.3,4.77,3.25,60.025000000000006,6.528571428571429,60.025000000000006
10260,5.5,5.67,0.21,0.28,0.12,108.6,3.39,1.03,281.84,36.73,56893.89,"88.58,29.7",2013-5-26,0.21,0.35000000000000003,5.67,3.0,57.166666666666664,7.857142857142858,57.166666666666664
10270,5.04,5.46,0.23,0.43,0.12,103.03,6.29,0.79,276.74,52.5,53119.25,"90.13,29.9",2013-5-26,0.23,0.5375,5.46,3.0,52.525,7.2,52.525
10280,6.03,7.42,0.24,0.91,0.12,103.88,-2.22,0.72,281.77,45.7,58601.37,"91.69,30.08",2013-5-26,0.24,1.1375,7.42,3.0,53.23333333333333,8.614285714285716,53.23333333333333
10290,5.98,6.12,0.19,0.29,0.12,104.22,0.25,2.1,278.3,55.16,56918.07,"93.25,30.24",2013-5-26,0.19,0.3625,6.12,3.0,53.516666666666666,8.542857142857144,53.516666666666666
10300,5.49,5.6,0.19,0.23,0.11,103.33,-0.3,1.4,282.63,53.63,63920.32,"94.82,30.38",2013-5-26,0.19,0.28750000000000003,5.6,2.75,52.775,7.842857142857143,52.775
10310,4.79,4.84,0.1,0.32,0.11,107.07,4.24,1.6,281.97,34.83,60635.98,"96.39,30.5",2013-5-26,0.1,0.4,4.84,2.75,55.89166666666666,6.842857142857143,55.89166666666666
10320,8.84,8.88,0.06,0.36,0.11,109.42,2.2,0.72,283.59,25.36,61951.91,"97.96,30.6",2013-5-26,0.06,0.44999999999999996,8.88,2.75,57.85,12.628571428571428,57.85
10330,10.26,10.29,0.09,0.43,0.11,111.68,3.23,2.26,279.22,24.76,57727.07,"99.54,30.68",2013-5-26,0.09,0.5375,10.29,2.75,59.73333333333334,14.657142857142857,59.73333333333334
10340,7.56,7.63,0.2,0.8,0.12,107.86,-0.37,0.74,282.83,30.0,62833.68,"101.12,30.74",2013-5-26,0.2,1.0,7.63,3.0,56.55,10.799999999999999,56.55
10350,12.12,14.38,1.12,0.71,0.15,95.98,1.78,-3.73,283.13,48.12,65558.86,"102.7,30.78",2013-5-26,1.12,0.8875,14.38,3.75,47.99,17.314285714285713,47.99
10360,39.99,56.93,11.36,17.68,0.52,49.09,0.85,-0.15,299.62,51.12,94231.17,"104.29,30.8",2013-5-26,11.36,22.1,53.465,13.0,24.545,56.237500000000004,56.237500000000004
10370,31.11,38.68,15.23,6.06,0.44,93.38,1.28,-2.31,299.31,53.88,95808.41,"105.87,30.8",2013-5-26,15.23,7.574999999999999,38.68,11.0,46.69,44.44285714285714,46.69
10380,49.79,58.86,19.19,8.92,0.53,83.95,2.95,-1.05,296.61,73.4,94492.87,"107.45,30.78",2013-5-26,19.19,11.15,54.43,13.25,41.975,68.4875,68.4875
10390,75.99,81.03,36.07,9.16,0.45,74.94,3.01,-0.06,295.3,79.51,93611.62,"109.04,30.74",2013-5-26,36.07,11.45,65.515,11.25,37.47,101.2375,101.2375
10400,70.09,72.78,33.05,6.13,0.42,82.85,0.14,-4.15,290.61,91.71,85392.52,"110.62,30.67",2013-5-26,33.05,7.6625,61.39,10.5,41.425,93.86250000000001,93.86250000000001
10410,63.49,66.68,38.14,18.8,0.49,56.91,-0.23,-4.44,296.8,90.02,99196.19,"112.19,30.59",2013-5-26,38.14,23.5,58.34,12.25,28.455,85.61250000000001,85.61250000000001
10420,19.73,19.92,17.49,11.04,0.41,57.31,1.77,4.61,298.07,86.42,99415.68,"113.77,30.49",2013-5-26,17.49,13.799999999999999,19.92,10.25,28.655,28.185714285714287,28.655
10430,20.41,21.98,9.43,7.37,0.33,68.03,-0.72,7.89,298.39,86.02,98850.11,"115.34,30.37",2013-5-26,9.43,9.2125,21.98,8.25,34.015,29.15714285714286,34.015
10440,15.81,17.54,5.16,5.0,0.2,66.64,-0.76,11.73,299.59,73.84,99879.38,"116.91,30.23",2013-5-26,5.16,6.25,17.54,5.0,33.32,22.585714285714285,33.32
10450,20.69,23.14,4.61,7.05,0.2,61.8,-4.02,7.3,294.64,81.45,96094.07,"118.47,30.07",2013-5-26,4.61,8.8125,23.14,5.0,30.9,29.55714285714286,30.9
10460,23.77,37.02,5.37,10.11,0.34,70.89,-4.76,9.99,295.59,70.5,98035.95,"120.02,29.88",2013-5-26,5.37,12.6375,37.02,8.5,35.445,33.957142857142856,37.02
10470,23.31,31.89,2.58,5.39,0.2,74.98,-5.33,8.49,295.03,85.14,100391.03,"121.57,29.68",2013-5-26,2.58,6.7375,31.89,5.0,37.49,33.3,37.49
10480,5.0,5.34,0.51,0.46,0.14,104.3,5.29,-0.91,281.26,36.62,57712.1,"85.32,29.36",2013-5-26,0.51,0.5750000000000001,5.34,3.5000000000000004,53.58333333333333,7.142857142857143,53.58333333333333
10490,4.24,4.39,0.22,0.16,0.12,112.35,2.83,0.31,278.14,40.35,53754.13,"86.86,29.6",2013-5-26,0.22,0.2,4.39,3.0,60.291666666666664,6.057142857142858,60.291666666666664
10500,4.88,5.03,0.19,0.28,0.12,109.26,2.87,1.11,279.94,38.82,55260.3,"88.4,29.82",2013-5-26,0.19,0.35000000000000003,5.03,3.0,57.71666666666667,6.9714285714285715,57.71666666666667
10510,4.75,4.95,0.21,0.28,0.12,102.43,5.06,1.9,275.89,56.17,52705.73,"89.96,30.02",2013-5-26,0.21,0.35000000000000003,4.95,3.0,52.025000000000006,6.785714285714286,52.025000000000006
10520,5.93,7.43,0.23,0.87,0.12,104.22,-3.49,1.64,279.8,51.61,57133.96,"91.51,30.2",2013-5-26,0.23,1.0875,7.43,3.0,53.516666666666666,8.471428571428572,53.516666666666666
10530,5.41,5.53,0.16,0.23,0.12,106.58,1.68,1.52,276.78,58.23,55489.93,"93.08,30.36",2013-5-26,0.16,0.28750000000000003,5.53,3.0,55.483333333333334,7.728571428571429,55.483333333333334
10540,5.22,5.32,0.14,0.19,0.11,100.61,-0.16,1.5,275.1,71.31,56413.01,"94.65,30.5",2013-5-26,0.14,0.2375,5.32,2.75,50.50833333333333,7.457142857142857,50.50833333333333
10550,4.93,4.99,0.1,0.38,0.11,108.28,5.18,2.12,280.78,35.66,58858.96,"96.22,30.63",2013-5-26,0.1,0.475,4.99,2.75,56.9,7.042857142857143,56.9
10560,8.91,8.94,0.06,0.36,0.11,108.05,2.29,-0.11,282.65,25.6,60583.14,"97.8,30.73",2013-5-26,0.06,0.44999999999999996,8.94,2.75,56.70833333333333,12.72857142857143,56.70833333333333
10570,10.8,10.84,0.09,0.43,0.11,109.0,3.09,2.44,279.86,23.74,58283.0,"99.38,30.81",2013-5-26,0.09,0.5375,10.84,2.75,57.5,15.42857142857143,57.5
10580,7.66,7.71,0.16,0.92,0.12,105.18,-0.52,-0.51,283.13,29.61,62657.1,"100.96,30.87",2013-5-26,0.16,1.1500000000000001,7.71,3.0,54.31666666666667,10.942857142857143,54.31666666666667
10590,11.29,12.89,0.89,0.76,0.14,93.66,1.34,-0.97,280.7,49.77,63459.43,"102.54,30.91",2013-5-26,0.89,0.95,12.89,3.5000000000000004,46.83,16.128571428571426,46.83
10600,36.19,59.85,12.3,18.02,0.58,41.77,1.0,0.19,299.64,50.27,94173.55,"104.13,30.94",2013-5-26,12.3,22.525,54.925,14.499999999999998,20.885,51.4875,54.925
10610,31.8,37.85,14.7,5.27,0.4,93.44,1.18,-2.79,299.28,51.63,95283.2,"105.71,30.94",2013-5-26,14.7,6.5874999999999995,37.85,10.0,46.72,45.42857142857143,46.72
10620,51.52,60.35,19.16,8.49,0.53,84.81,2.95,-1.17,297.13,70.64,95043.84,"107.3,30.92",2013-5-26,19.16,10.6125,55.175,13.25,42.405,70.65,70.65
10630,76.45,81.82,40.97,11.04,0.47,74.25,2.89,0.08,296.42,75.96,94857.36,"108.88,30.88",2013-5-26,40.97,13.799999999999999,65.91,11.75,37.125,101.8125,101.8125
10640,69.21,72.11,31.4,6.86,0.43,76.35,1.02,-2.01,292.7,85.28,88760.54,"110.47,30.82",2013-5-26,31.4,8.575000000000001,61.055,10.75,38.175,92.76249999999999,92.76249999999999
10650,64.83,68.43,41.28,19.07,0.48,59.63,-0.29,-5.77,296.63,88.18,99040.93,"112.05,30.74",2013-5-26,41.28,23.8375,59.215,12.0,29.815,87.2875,87.2875
10660,21.69,21.85,17.77,11.83,0.42,57.1,1.28,3.72,297.92,86.85,99477.09,"113.62,30.64",2013-5-26,17.77,14.7875,21.85,10.5,28.55,30.985714285714288,30.985714285714288
10670,21.11,22.42,10.2,8.49,0.34,67.44,-0.73,7.66,298.43,86.26,99158.23,"115.2,30.52",2013-5-26,10.2,10.6125,22.42,8.5,33.72,30.15714285714286,33.72
10680,20.15,19.66,6.35,5.61,0.2,65.82,-0.23,10.23,299.6,75.93,99734.27,"116.77,30.38",2013-5-26,6.35,7.0125,19.66,5.0,32.91,28.785714285714285,32.91
10690,20.16,21.26,4.55,6.19,0.19,63.81,-4.65,10.65,294.97,79.1,95170.66,"118.33,30.22",2013-5-26,4.55,7.737500000000001,21.26,4.75,31.905,28.8,31.905
10700,25.41,41.35,5.73,11.54,0.37,68.88,-3.97,7.81,296.71,67.42,99478.88,"119.89,30.04",2013-5-26,5.73,14.424999999999999,41.35,9.25,34.44,36.300000000000004,41.35
10710,28.99,39.94,6.11,11.58,0.29,72.62,-5.25,8.76,295.09,83.87,100510.88,"121.44,29.84",2013-5-26,6.11,14.475,39.94,7.249999999999999,36.31,41.41428571428571,41.41428571428571
10720,5.43,5.75,0.51,0.42,0.14,103.46,6.29,-0.07,280.33,38.41,57200.92,"84.99,29.44",2013-5-26,0.51,0.525,5.75,3.5000000000000004,52.883333333333326,7.757142857142857,52.883333333333326
10730,5.49,5.73,0.34,0.22,0.13,110.45,4.7,0.9,275.78,43.87,52155.93,"86.53,29.68",2013-5-26,0.34,0.275,5.73,3.25,58.708333333333336,7.842857142857143,58.708333333333336
10740,3.99,4.12,0.18,0.21,0.12,111.22,3.65,0.85,280.18,38.57,55388.09,"88.07,29.91",2013-5-26,0.18,0.2625,4.12,3.0,59.35,5.7,59.35
10750,4.28,4.42,0.18,0.22,0.12,102.45,5.09,1.67,276.52,50.78,52968.75,"89.62,30.11",2013-5-26,0.18,0.275,4.42,3.0,52.04166666666667,6.114285714285715,52.04166666666667
10760,5.68,6.93,0.22,0.87,0.13,104.49,-3.86,2.8,280.46,50.74,57611.17,"91.18,30.3",2013-5-26,0.22,1.0875,6.93,3.25,53.74166666666666,8.114285714285714,53.74166666666666
10770,4.99,5.1,0.16,0.24,0.11,105.31,4.88,3.35,276.26,58.77,54496.25,"92.75,30.47",2013-5-26,0.16,0.3,5.1,2.75,54.425000000000004,7.128571428571429,54.425000000000004
10780,5.2,5.3,0.15,0.17,0.11,102.97,-0.08,3.31,276.07,68.19,57093.93,"94.32,30.61",2013-5-26,0.15,0.21250000000000002,5.3,2.75,52.475,7.428571428571429,52.475
10790,5.23,5.3,0.11,0.41,0.11,108.83,4.5,2.55,282.08,33.28,59918.04,"95.89,30.74",2013-5-26,0.11,0.5125,5.3,2.75,57.358333333333334,7.471428571428572,57.358333333333334
10800,8.46,8.5,0.07,0.5,0.11,105.8,1.54,0.08,284.07,24.6,61948.89,"97.47,30.85",2013-5-26,0.07,0.625,8.5,2.75,54.83333333333333,12.085714285714287,54.83333333333333
10810,10.94,10.97,0.09,0.55,0.11,106.25,0.11,2.6,283.27,22.15,61507.4,"99.05,30.93",2013-5-26,0.09,0.6875,10.97,2.75,55.208333333333336,15.628571428571428,55.208333333333336
10820,7.94,7.98,0.1,0.64,0.12,107.23,1.92,-0.29,280.07,30.37,59128.73,"100.63,31.0",2013-5-26,0.1,0.8,7.98,3.0,56.025000000000006,11.342857142857143,56.025000000000006
10830,10.19,11.17,1.02,0.83,0.13,95.23,0.95,-1.51,284.47,37.03,66136.38,"102.22,31.04",2013-5-26,1.02,1.0374999999999999,11.17,3.25,47.615,14.557142857142857,47.615
10840,22.48,36.45,7.73,6.76,0.35,45.29,1.51,0.99,298.44,46.95,91999.32,"103.81,31.07",2013-5-26,7.73,8.45,36.45,8.75,22.645,32.114285714285714,36.45
10850,32.24,36.87,12.98,4.57,0.34,91.89,0.58,-3.26,299.25,48.65,94991.73,"105.4,31.07",2013-5-26,12.98,5.7125,36.87,8.5,45.945,46.057142857142864,46.057142857142864
10860,52.83,59.82,18.73,6.77,0.5,87.41,1.53,-1.11,297.88,66.14,95986.43,"106.99,31.06",2013-5-26,18.73,8.462499999999999,54.91,12.5,43.705,72.2875,72.2875
10870,73.95,81.18,38.47,12.22,0.49,73.02,2.17,-0.09,296.7,74.59,94373.35,"108.57,31.02",2013-5-26,38.47,15.275,65.59,12.25,36.51,98.6875,98.6875
10880,73.51,76.35,33.19,7.14,0.43,77.82,3.0,-0.8,291.64,89.32,87805.21,"110.16,30.97",2013-5-26,33.19,8.924999999999999,63.175,10.75,38.91,98.1375,98.1375
10890,60.68,63.47,34.89,13.44,0.42,71.76,-0.12,-6.44,295.9,85.02,97526.24,"111.74,30.89",2013-5-26,34.89,16.8,56.735,10.5,35.88,82.1,82.1
10900,25.38,25.98,18.48,12.96,0.41,59.08,0.96,2.16,297.59,87.25,99388.18,"113.32,30.79",2013-5-26,18.48,16.200000000000003,25.98,10.25,29.54,36.25714285714286,36.25714285714286
10910,20.13,21.64,11.69,10.8,0.38,63.77,-0.4,6.06,298.34,86.81,99378.73,"114.9,30.68",2013-5-26,11.69,13.5,21.64,9.5,31.885,28.757142857142856,31.885
10920,29.69,27.13,9.06,7.81,0.25,64.48,0.4,8.61,297.95,85.98,98989.8,"116.47,30.54",2013-5-26,9.06,9.7625,27.13,6.25,32.24,42.41428571428572,42.41428571428572
10930,18.46,17.73,3.92,5.34,0.18,62.97,-2.83,8.9,298.32,70.61,98371.86,"118.04,30.39",2013-5-26,3.92,6.675,17.73,4.5,31.485,26.371428571428574,31.485
10940,28.54,45.32,6.55,12.99,0.39,66.45,-3.18,5.79,295.24,74.54,98143.48,"119.6,30.21",2013-5-26,6.55,16.2375,45.32,9.75,33.225,40.77142857142857,45.32
10950,28.01,37.75,6.7,12.62,0.3,71.92,-7.12,8.96,295.9,72.15,99772.93,"121.15,30.01",2013-5-26,6.7,15.774999999999999,37.75,7.5,35.96,40.01428571428572,40.01428571428572
10960,4.71,5.08,0.63,0.37,0.14,107.01,4.31,-0.75,279.32,35.36,56543.85,"84.04,29.42",2013-5-26,0.63,0.4625,5.08,3.5000000000000004,55.84166666666667,6.728571428571429,55.84166666666667
10970,6.98,7.18,0.32,0.22,0.13,109.65,6.0,-0.78,277.3,30.85,53224.43,"85.57,29.67",2013-5-26,0.32,0.275,7.18,3.25,58.04166666666667,9.971428571428572,58.04166666666667
10980,3.1,3.2,0.15,0.12,0.12,118.95,3.42,-0.94,277.4,45.92,53347.29,"87.12,29.91",2013-5-26,0.15,0.15,3.2,3.0,65.79166666666667,4.428571428571429,65.79166666666667
10990,4.34,4.44,0.14,0.17,0.12,107.15,4.4,1.34,279.15,37.32,54338.35,"88.67,30.13",2013-5-26,0.14,0.21250000000000002,4.44,3.0,55.958333333333336,6.2,55.958333333333336
11000,4.06,4.19,0.15,0.2,0.12,105.8,5.88,2.28,277.15,46.01,53170.98,"90.22,30.33",2013-5-26,0.15,0.25,4.19,3.0,54.83333333333333,5.8,54.83333333333333
11010,4.59,4.72,0.13,0.28,0.11,103.59,1.9,2.06,276.91,59.82,55661.98,"91.79,30.5",2013-5-26,0.13,0.35000000000000003,4.72,2.75,52.99166666666667,6.557142857142857,52.99166666666667
11020,4.96,5.07,0.15,0.3,0.12,104.56,2.94,2.99,277.84,53.52,56267.49,"93.36,30.66",2013-5-26,0.15,0.375,5.07,3.0,53.800000000000004,7.085714285714285,53.800000000000004
11030,5.53,5.61,0.14,0.22,0.11,107.98,4.45,7.1,276.49,53.91,55674.69,"94.93,30.8",2013-5-26,0.14,0.275,5.61,2.75,56.650000000000006,7.9,56.650000000000006
11040,6.5,6.55,0.09,0.53,0.11,107.03,2.83,3.02,279.37,34.31,57690.98,"96.51,30.92",2013-5-26,0.09,0.6625000000000001,6.55,2.75,55.858333333333334,9.285714285714286,55.858333333333334
11050,9.11,9.14,0.07,0.48,0.11,109.5,3.15,0.12,284.34,22.18,61631.05,"98.09,31.02",2013-5-26,0.07,0.6,9.14,2.75,57.916666666666664,13.014285714285714,57.916666666666664
11060,10.33,10.39,0.14,0.74,0.12,108.99,2.48,1.13,280.64,25.75,59470.5,"99.68,31.1",2013-5-26,0.14,0.925,10.39,3.0,57.49166666666666,14.757142857142858,57.49166666666666
11070,7.6,7.71,0.31,0.65,0.12,104.86,1.23,-1.3,278.78,36.07,58970.99,"101.26,31.15",2013-5-26,0.31,0.8125,7.71,3.0,54.05,10.857142857142858,54.05
11080,9.22,10.49,0.6,0.63,0.13,99.56,1.71,-4.67,278.05,46.67,59714.42,"102.85,31.19",2013-5-26,0.6,0.7875,10.49,3.25,49.78,13.171428571428573,49.78
11090,37.8,50.84,14.24,12.79,0.46,52.97,0.37,0.17,299.29,50.62,94007.62,"104.44,31.21",2013-5-26,14.24,15.987499999999999,50.42,11.5,26.485,53.5,53.5
11100,42.1,48.53,19.06,7.19,0.45,90.95,0.37,-1.85,299.25,53.61,95927.39,"106.03,31.21",2013-5-26,19.06,8.9875,48.53,11.25,45.475,58.875,58.875
11110,63.52,72.17,29.03,11.53,0.52,81.45,0.6,-1.01,296.95,73.56,94846.01,"107.62,31.18",2013-5-26,29.03,14.4125,61.085,13.0,40.725,85.65,85.65
11120,72.9,76.74,31.62,7.88,0.45,76.62,1.21,-0.85,294.81,80.41,92359.71,"109.21,31.14",2013-5-26,31.62,9.85,63.37,11.25,38.31,97.375,97.375
11130,61.22,63.48,28.44,6.22,0.4,85.49,-0.41,-4.15,294.0,79.08,90574.58,"110.8,31.08",2013-5-26,28.44,7.7749999999999995,56.739999999999995,10.0,42.745,82.775,82.775
11140,60.01,62.59,33.1,16.33,0.45,62.5,0.18,-5.74,296.12,90.06,98993.98,"112.38,30.99",2013-5-26,33.1,20.412499999999998,56.295,11.25,31.25,81.26249999999999,81.26249999999999
11150,20.17,19.88,22.61,15.03,0.46,53.42,0.64,3.42,297.62,88.27,99446.2,"113.97,30.89",2013-5-26,22.61,18.787499999999998,19.88,11.5,26.71,28.814285714285717,28.814285714285717
11160,24.9,24.1,8.9,6.39,0.29,67.85,-1.48,8.11,297.31,90.23,97524.47,"115.54,30.76",2013-5-26,8.9,7.9875,24.1,7.249999999999999,33.925,35.57142857142857,35.57142857142857
11170,31.2,28.24,8.01,10.27,0.28,60.85,-0.82,9.69,298.75,77.95,99868.55,"117.12,30.62",2013-5-26,8.01,12.837499999999999,28.24,7.000000000000001,30.425,44.57142857142857,44.57142857142857
11180,18.77,20.98,3.58,5.57,0.19,68.08,-3.03,10.12,295.69,73.19,95866.08,"118.68,30.45",2013-5-26,3.58,6.9625,20.98,4.75,34.04,26.814285714285713,34.04
11190,38.12,61.59,12.78,25.01,0.56,61.18,-4.44,6.96,296.96,65.31,100600.48,"120.24,30.27",2013-5-26,12.78,31.262500000000003,55.795,14.000000000000002,30.59,53.9,55.795
11200,6.18,6.62,0.81,0.44,0.15,114.46,4.83,0.85,275.32,52.04,54396.06,"83.55,29.47",2013-5-26,0.81,0.55,6.62,3.75,62.05,8.82857142857143,62.05
11210,4.42,4.63,0.33,0.21,0.13,110.92,3.17,0.51,277.81,33.31,54125.73,"85.08,29.73",2013-5-26,0.33,0.2625,4.63,3.25,59.1,6.314285714285714,59.1
11220,3.19,3.31,0.18,0.14,0.12,114.5,1.6,0.24,277.42,45.32,53493.15,"86.63,29.97",2013-5-26,0.18,0.17500000000000002,3.31,3.0,62.083333333333336,4.557142857142857,62.083333333333336
11230,2.85,2.93,0.13,0.13,0.12,109.12,4.05,0.69,278.41,38.95,53775.16,"88.18,30.2",2013-5-26,0.13,0.1625,2.93,3.0,57.6,4.071428571428572,57.6
11240,3.83,3.94,0.15,0.17,0.12,104.22,6.54,1.48,279.45,39.17,54844.59,"89.73,30.4",2013-5-26,0.15,0.21250000000000002,3.94,3.0,53.516666666666666,5.4714285714285715,53.516666666666666
11250,4.3,4.46,0.14,0.29,0.11,103.93,-3.21,0.27,278.85,59.91,57868.46,"91.3,30.59",2013-5-26,0.14,0.3625,4.46,2.75,53.275000000000006,6.142857142857142,53.275000000000006
11260,4.61,4.71,0.13,0.29,0.11,105.94,4.64,2.8,276.05,60.97,54955.06,"92.87,30.75",2013-5-26,0.13,0.3625,4.71,2.75,54.949999999999996,6.585714285714286,54.949999999999996
11270,4.92,5.0,0.14,0.15,0.11,105.16,3.56,5.25,274.99,67.99,55662.05,"94.44,30.9",2013-5-26,0.14,0.1875,5.0,2.75,54.3,7.0285714285714285,54.3
11280,5.28,5.33,0.1,0.36,0.11,107.93,4.27,0.69,280.13,34.05,58073.33,"96.02,31.02",2013-5-26,0.1,0.44999999999999996,5.33,2.75,56.60833333333334,7.542857142857144,56.60833333333334
11290,8.66,8.7,0.07,0.35,0.11,107.11,3.87,2.87,279.93,28.42,57892.36,"97.6,31.13",2013-5-26,0.07,0.4375,8.7,2.75,55.925,12.371428571428572,55.925
11300,11.31,11.35,0.11,0.68,0.12,105.69,1.84,2.2,282.24,22.86,60663.98,"99.19,31.21",2013-5-26,0.11,0.8500000000000001,11.35,3.0,54.74166666666667,16.15714285714286,54.74166666666667
11310,7.72,7.78,0.17,0.99,0.12,104.14,-0.66,0.57,285.24,28.32,65111.36,"100.78,31.28",2013-5-26,0.17,1.2375,7.78,3.0,53.45,11.028571428571428,53.45
11320,9.14,9.99,0.65,0.74,0.13,100.56,1.3,-3.94,279.69,42.57,60848.83,"102.37,31.32",2013-5-26,0.65,0.925,9.99,3.25,50.46666666666667,13.057142857142859,50.46666666666667
11330,21.7,32.39,5.94,4.61,0.28,59.12,-0.64,1.47,293.19,50.79,83139.0,"103.96,31.34",2013-5-26,5.94,5.7625,32.39,7.000000000000001,29.56,31.0,32.39
11340,41.04,44.11,15.51,4.1,0.33,94.47,0.55,-4.11,298.43,50.08,93766.2,"105.56,31.35",2013-5-26,15.51,5.125,44.11,8.25,47.235,57.55,57.55
11350,59.03,65.34,21.35,6.19,0.47,87.72,0.32,-2.56,297.15,68.26,94661.81,"107.15,31.33",2013-5-26,21.35,7.737500000000001,57.67,11.75,43.86,80.0375,80.0375
11360,65.32,68.44,25.83,6.71,0.41,81.12,0.35,-0.61,295.06,76.94,91395.51,"108.74,31.29",2013-5-26,25.83,8.3875,59.22,10.25,40.56,87.89999999999999,87.89999999999999
11370,60.31,62.53,24.53,5.78,0.39,79.04,0.75,-1.46,293.71,75.24,88632.31,"110.33,31.23",2013-5-26,24.53,7.2250000000000005,56.265,9.75,39.52,81.6375,81.6375
11380,60.43,62.77,30.99,13.34,0.41,69.86,-0.38,-7.26,295.02,88.03,96852.51,"111.92,31.15",2013-5-26,30.99,16.675,56.385000000000005,10.25,34.93,81.7875,81.7875
11390,24.88,25.52,19.54,14.0,0.42,55.48,0.4,1.31,297.0,89.71,99216.02,"113.5,31.06",2013-5-26,19.54,17.5,25.52,10.5,27.74,35.542857142857144,35.542857142857144
11400,23.31,24.36,10.2,8.85,0.32,64.84,-1.77,6.55,296.33,94.45,96873.73,"115.09,30.94",2013-5-26,10.2,11.0625,24.36,8.0,32.42,33.3,33.3
11410,36.02,29.92,8.26,8.41,0.28,61.89,0.48,7.88,297.63,87.22,98799.17,"116.66,30.8",2013-5-26,8.26,10.5125,29.92,7.000000000000001,30.945,51.275000000000006,51.275000000000006
11420,20.69,20.11,3.75,5.55,0.2,64.68,-3.59,9.97,297.54,72.51,98635.73,"118.23,30.64",2013-5-26,3.75,6.9375,20.11,5.0,32.34,29.55714285714286,32.34
11430,36.52,59.75,9.8,21.0,0.53,61.88,-4.5,7.45,295.05,73.67,98486.02,"119.8,30.46",2013-5-26,9.8,26.25,54.875,13.25,30.94,51.900000000000006,54.875
11440,5.71,6.13,0.72,0.42,0.15,113.62,5.28,1.41,278.07,44.51,56487.36,"83.67,29.63",2013-5-26,0.72,0.525,6.13,3.75,61.35000000000001,8.157142857142857,61.35000000000001
11450,3.06,3.22,0.27,0.17,0.13,114.27,3.18,0.99,276.34,32.16,52518.59,"85.21,29.89",2013-5-26,0.27,0.21250000000000002,3.22,3.25,61.891666666666666,4.371428571428572,61.891666666666666
11460,2.41,2.51,0.16,0.11,0.12,120.26,1.4,-1.62,277.19,51.89,53588.64,"86.75,30.13",2013-5-26,0.16,0.1375,2.51,3.0,66.88333333333334,3.442857142857143,66.88333333333334
11470,2.74,2.82,0.13,0.13,0.12,107.4,4.48,-0.26,277.56,40.36,53276.02,"88.31,30.35",2013-5-26,0.13,0.1625,2.82,3.0,56.16666666666667,3.9142857142857146,56.16666666666667
11480,3.85,3.95,0.14,0.16,0.12,102.0,6.23,1.29,280.09,37.51,55424.19,"89.87,30.56",2013-5-26,0.14,0.2,3.95,3.0,51.666666666666664,5.5,51.666666666666664
11490,3.82,3.92,0.12,0.29,0.1,99.62,2.09,4.17,274.58,72.5,54790.57,"91.43,30.74",2013-5-26,0.12,0.3625,3.92,2.5,49.81,5.457142857142857,49.81
11500,4.44,4.54,0.13,0.26,0.11,105.18,5.35,3.19,275.96,62.47,55028.02,"93.01,30.9",2013-5-26,0.13,0.325,4.54,2.75,54.31666666666667,6.342857142857143,54.31666666666667
11510,4.89,4.97,0.13,0.19,0.11,105.36,6.28,6.58,278.85,50.73,57854.39,"94.58,31.05",2013-5-26,0.13,0.2375,4.97,2.75,54.46666666666667,6.985714285714286,54.46666666666667
11520,5.51,5.56,0.09,0.4,0.11,105.89,4.86,0.69,280.09,33.84,58069.35,"96.17,31.17",2013-5-26,0.09,0.5,5.56,2.75,54.90833333333333,7.871428571428571,54.90833333333333
11530,8.88,8.91,0.07,0.41,0.11,110.52,3.32,1.76,280.95,27.96,59220.71,"97.75,31.27",2013-5-26,0.07,0.5125,8.91,2.75,58.766666666666666,12.685714285714287,58.766666666666666
11540,11.15,11.2,0.12,0.63,0.12,106.09,2.4,2.06,282.37,23.35,61002.2,"99.34,31.35",2013-5-26,0.12,0.7875,11.2,3.0,55.075,15.928571428571429,55.075
11550,7.75,7.81,0.17,0.83,0.12,103.34,-0.38,1.0,282.0,31.71,62088.99,"100.93,31.42",2013-5-26,0.17,1.0374999999999999,7.81,3.0,52.78333333333334,11.071428571428571,52.78333333333334
11560,8.54,9.3,0.46,0.7,0.13,99.98,1.45,-3.61,280.17,43.67,61642.63,"102.53,31.46",2013-5-26,0.46,0.875,9.3,3.25,49.99,12.2,49.99
11570,25.72,35.4,7.96,6.86,0.3,63.08,-0.49,1.32,295.12,48.41,86673.64,"104.12,31.48",2013-5-26,7.96,8.575000000000001,35.4,7.5,31.54,36.74285714285714,36.74285714285714
11580,45.74,48.72,18.0,5.11,0.34,92.55,0.83,-4.02,298.8,50.65,94381.23,"105.72,31.48",2013-5-26,18.0,6.3875,48.72,8.5,46.275,63.425000000000004,63.425000000000004
11590,68.78,72.17,24.72,6.36,0.44,88.24,-0.49,-2.78,296.94,66.91,93576.84,"107.31,31.46",2013-5-26,24.72,7.95,61.085,11.0,44.12,92.225,92.225
11600,60.54,63.01,21.79,4.95,0.38,83.57,-0.29,-1.9,293.2,76.64,87741.66,"108.91,31.42",2013-5-26,21.79,6.1875,56.504999999999995,9.5,41.785,81.925,81.925
11610,62.37,64.4,25.19,5.32,0.38,79.78,0.53,-4.65,291.02,79.47,84483.53,"110.5,31.36",2013-5-26,25.19,6.65,57.2,9.5,39.89,84.2125,84.2125
11620,64.37,67.68,39.14,18.84,0.45,62.09,0.92,-6.7,294.47,93.29,97235.02,"112.09,31.28",2013-5-26,39.14,23.55,58.84,11.25,31.045,86.7125,86.7125
11630,24.01,24.66,19.22,14.35,0.42,53.47,-0.2,1.45,296.79,90.94,99134.75,"113.68,31.18",2013-5-26,19.22,17.9375,24.66,10.5,26.735,34.300000000000004,34.300000000000004
11640,24.77,25.21,9.41,7.73,0.3,66.68,-1.92,6.52,295.61,95.74,95513.05,"115.26,31.06",2013-5-26,9.41,9.662500000000001,25.21,7.5,33.34,35.385714285714286,35.385714285714286
11650,35.4,29.89,7.27,8.72,0.29,60.96,-0.14,7.73,297.69,86.06,98993.48,"116.84,30.92",2013-5-26,7.27,10.9,29.89,7.249999999999999,30.48,50.5,50.5
11660,22.26,22.52,3.7,6.26,0.22,63.56,-2.75,9.66,298.36,68.21,99640.58,"118.41,30.76",2013-5-26,3.7,7.824999999999999,22.52,5.5,31.78,31.800000000000004,31.800000000000004
11670,43.54,69.23,13.59,27.8,0.62,57.07,-5.01,7.42,295.57,71.19,99380.85,"119.98,30.58",2013-5-26,13.59,34.75,59.615,15.5,28.535,60.675,60.675
11680,6.17,6.58,0.68,0.35,0.15,110.07,4.58,1.1,275.56,53.62,54767.71,"83.18,29.68",2013-5-26,0.68,0.4375,6.58,3.75,58.391666666666666,8.814285714285715,58.391666666666666
11690,5.1,5.32,0.37,0.24,0.13,110.32,6.63,-2.17,273.73,30.31,50999.99,"84.72,29.95",2013-5-26,0.37,0.3,5.32,3.25,58.599999999999994,7.285714285714286,58.599999999999994
11700,3.03,3.29,0.18,0.13,0.12,111.77,2.54,-0.66,276.34,43.94,52402.3,"86.26,30.19",2013-5-26,0.18,0.1625,3.29,3.0,59.80833333333333,4.328571428571428,59.80833333333333
11710,2.68,2.77,0.15,0.12,0.12,108.87,3.61,-1.32,277.38,40.91,53102.45,"87.81,30.42",2013-5-26,0.15,0.15,2.77,3.0,57.39166666666667,3.8285714285714287,57.39166666666667
11720,3.81,3.9,0.14,0.14,0.12,102.34,4.96,1.37,278.11,42.75,54071.71,"89.37,30.63",2013-5-26,0.14,0.17500000000000002,3.9,3.0,51.95,5.442857142857143,51.95
11730,3.92,4.04,0.15,0.17,0.11,110.68,-3.79,8.83,279.8,75.44,57139.82,"90.94,30.82",2013-5-26,0.15,0.21250000000000002,4.04,2.75,58.900000000000006,5.6,58.900000000000006
11740,4.06,4.15,0.12,0.27,0.11,104.24,6.1,4.17,275.59,61.84,54958.3,"92.51,30.99",2013-5-26,0.12,0.3375,4.15,2.75,53.53333333333333,5.8,53.53333333333333
11750,4.69,4.77,0.13,0.2,0.11,102.88,5.65,6.33,277.38,55.74,56718.25,"94.09,31.14",2013-5-26,0.13,0.25,4.77,2.75,52.4,6.700000000000001,52.4
11760,5.37,5.43,0.1,0.26,0.11,110.23,6.04,1.22,280.47,36.0,58498.3,"95.68,31.27",2013-5-26,0.1,0.325,5.43,2.75,58.525000000000006,7.671428571428572,58.525000000000006
11770,7.95,7.99,0.08,0.48,0.11,104.76,3.06,2.87,282.36,26.5,60144.0,"97.26,31.38",2013-5-26,0.08,0.6,7.99,2.75,53.96666666666667,11.357142857142858,53.96666666666667
11780,10.57,10.62,0.13,0.97,0.12,104.97,2.08,1.27,283.58,23.24,61692.43,"98.86,31.47",2013-5-26,0.13,1.2125,10.62,3.0,54.141666666666666,15.100000000000001,54.141666666666666
11790,7.94,7.99,0.13,0.94,0.12,107.31,1.92,0.12,284.15,28.88,63038.52,"100.45,31.54",2013-5-26,0.13,1.1749999999999998,7.99,3.0,56.09166666666667,11.342857142857143,56.09166666666667
11800,9.13,9.63,0.69,0.88,0.13,98.12,-0.31,-0.57,286.31,34.07,68093.79,"102.04,31.58",2013-5-26,0.69,1.1,9.63,3.25,49.06,13.042857142857144,49.06
11810,14.05,17.61,1.53,1.16,0.16,80.36,1.27,-3.55,287.48,46.58,71864.98,"103.64,31.61",2013-5-26,1.53,1.45,17.61,4.0,40.18,20.071428571428573,40.18
11820,39.06,42.14,13.27,3.68,0.3,95.12,-0.51,-2.96,298.68,46.87,93512.45,"105.24,31.62",2013-5-26,13.27,4.6000000000000005,42.14,7.5,47.56,55.075,55.075
11830,69.06,72.44,22.8,5.48,0.44,89.45,-0.22,-1.21,297.71,61.53,94433.09,"106.84,31.61",2013-5-26,22.8,6.8500000000000005,61.22,11.0,44.725,92.575,92.575
11840,61.07,63.5,22.11,4.6,0.37,86.92,-1.95,-4.54,293.41,74.82,88034.53,"108.43,31.57",2013-5-26,22.11,5.75,56.75,9.25,43.46,82.5875,82.5875
11850,72.72,74.76,24.7,5.59,0.39,75.08,-1.18,-3.73,286.89,97.14,81264.39,"110.03,31.52",2013-5-26,24.7,6.9875,62.38,9.75,37.54,97.15,97.15
11860,63.47,65.64,25.18,9.3,0.39,74.97,-0.52,-7.19,293.12,88.51,92500.06,"111.62,31.44",2013-5-26,25.18,11.625,57.82,9.75,37.485,85.5875,85.5875
11870,34.34,34.9,18.46,12.72,0.4,63.3,0.52,-2.57,295.61,92.86,97542.45,"113.21,31.35",2013-5-26,18.46,15.9,34.9,10.0,31.65,49.057142857142864,49.057142857142864
11880,21.4,22.26,11.43,11.91,0.34,58.67,-1.4,5.28,297.06,91.26,98840.94,"114.8,31.23",2013-5-26,11.43,14.8875,22.26,8.5,29.335,30.57142857142857,30.57142857142857
11890,32.14,29.52,9.1,6.69,0.26,67.72,-0.64,10.04,293.91,94.78,91344.59,"116.38,31.1",2013-5-26,9.1,8.3625,29.52,6.5,33.86,45.91428571428572,45.91428571428572
11900,35.5,32.96,7.02,12.37,0.32,54.61,-3.51,8.27,297.87,76.82,99522.65,"117.96,30.94",2013-5-26,7.02,15.462499999999999,32.96,8.0,27.305,50.625,50.625
11910,31.33,45.83,6.81,14.14,0.41,64.92,-5.98,7.67,296.34,68.96,99324.59,"119.53,30.77",2013-5-26,6.81,17.675,45.83,10.25,32.46,44.75714285714285,45.83
11920,7.0,7.45,0.73,0.35,0.15,107.51,5.31,-4.21,271.44,58.48,51111.09,"82.84,29.76",2013-5-26,0.73,0.4375,7.45,3.75,56.25833333333334,10.0,56.25833333333334
11930,7.39,7.58,0.32,0.21,0.13,113.64,5.8,0.19,275.32,35.06,52653.38,"84.38,30.03",2013-5-26,0.32,0.2625,7.58,3.25,61.36666666666667,10.557142857142857,61.36666666666667
11940,3.0,3.12,0.18,0.16,0.12,109.25,0.92,-0.5,279.56,32.37,55014.08,"85.92,30.28",2013-5-26,0.18,0.2,3.12,3.0,57.708333333333336,4.285714285714286,57.708333333333336
11950,2.4,2.5,0.15,0.12,0.12,109.93,3.54,-0.62,278.66,40.21,54213.5,"87.48,30.51",2013-5-26,0.15,0.15,2.5,3.0,58.275000000000006,3.4285714285714284,58.275000000000006
11960,3.96,4.04,0.14,0.14,0.12,99.86,4.17,0.87,280.49,35.91,55907.77,"89.04,30.73",2013-5-26,0.14,0.17500000000000002,4.04,3.0,49.93,5.6571428571428575,49.93
11970,5.64,5.73,0.13,0.15,0.11,109.26,0.93,0.92,281.42,47.92,56403.36,"90.61,30.92",2013-5-26,0.13,0.1875,5.73,2.75,57.71666666666667,8.057142857142857,57.71666666666667
11980,4.09,4.18,0.12,0.22,0.11,105.5,6.27,7.48,277.02,56.47,56014.23,"92.18,31.09",2013-5-26,0.12,0.275,4.18,2.75,54.583333333333336,5.8428571428571425,54.583333333333336
11990,4.51,4.59,0.12,0.19,0.11,103.93,6.84,6.63,276.29,59.34,55932.96,"93.76,31.25",2013-5-26,0.12,0.2375,4.59,2.75,53.275000000000006,6.442857142857143,53.275000000000006
12000,5.28,5.34,0.11,0.25,0.11,107.89,6.02,1.84,277.85,46.05,56524.09,"95.35,31.38",2013-5-26,0.11,0.3125,5.34,2.75,56.575,7.542857142857144,56.575
12010,7.21,7.26,0.09,0.44,0.11,102.07,3.52,0.75,283.68,25.29,61086.32,"96.93,31.49",2013-5-26,0.09,0.55,7.26,2.75,51.724999999999994,10.3,51.724999999999994
12020,9.98,10.02,0.11,0.88,0.12,110.71,2.47,-0.33,281.15,25.4,59380.44,"98.53,31.59",2013-5-26,0.11,1.1,10.02,3.0,58.925,14.257142857142858,58.925
12030,8.37,8.42,0.16,1.14,0.12,108.35,2.85,1.59,282.0,30.6,61204.49,"100.12,31.66",2013-5-26,0.16,1.4249999999999998,8.42,3.0,56.95833333333333,11.957142857142856,56.95833333333333
12040,8.14,8.37,0.42,0.76,0.12,99.49,0.9,1.03,285.22,30.56,65895.84,"101.72,31.71",2013-5-26,0.42,0.95,8.37,3.0,49.745,11.62857142857143,49.745
12050,13.21,15.91,1.16,0.86,0.15,86.46,1.85,-3.17,282.63,50.55,65937.08,"103.32,31.74",2013-5-26,1.16,1.075,15.91,3.75,43.23,18.871428571428574,43.23
12060,34.81,39.12,12.38,4.82,0.29,93.28,0.1,-1.44,299.72,40.52,94116.79,"104.92,31.75",2013-5-26,12.38,6.025,39.12,7.249999999999999,46.64,49.728571428571435,49.728571428571435
12070,63.49,66.78,22.63,5.58,0.41,91.05,-0.22,-1.34,298.76,54.58,94684.8,"106.52,31.75",2013-5-26,22.63,6.975,58.39,10.25,45.525,85.61250000000001,85.61250000000001
12080,61.07,63.19,23.56,4.31,0.38,90.76,-1.84,-4.11,295.52,69.22,91444.24,"108.12,31.72",2013-5-26,23.56,5.387499999999999,56.595,9.5,45.38,82.5875,82.5875
12090,71.17,73.22,24.28,5.79,0.39,79.58,-2.2,-2.72,288.54,95.27,84057.83,"109.72,31.67",2013-5-26,24.28,7.2375,61.61,9.75,39.79,95.2125,95.2125
12100,66.21,68.25,24.93,8.04,0.39,77.89,0.09,-5.4,291.66,91.19,89922.95,"111.31,31.6",2013-5-26,24.93,10.049999999999999,59.125,9.75,38.945,89.01249999999999,89.01249999999999
12110,40.33,41.49,18.27,11.76,0.38,69.03,-0.97,-3.65,294.91,93.36,96806.76,"112.91,31.5",2013-5-26,18.27,14.7,41.49,9.5,34.515,56.662499999999994,56.662499999999994
12120,24.55,25.99,14.53,18.16,0.42,49.12,-1.24,3.43,296.54,92.35,98780.26,"114.5,31.39",2013-5-26,14.53,22.7,25.99,10.5,24.56,35.07142857142858,35.07142857142858
12130,27.83,25.26,7.34,5.56,0.25,67.83,0.26,10.1,295.96,86.16,93526.79,"116.08,31.26",2013-5-26,7.34,6.949999999999999,25.26,6.25,33.915,39.75714285714285,39.75714285714285
12140,39.41,34.99,6.07,11.96,0.34,53.3,-3.63,7.46,298.01,79.75,99719.83,"117.66,31.11",2013-5-26,6.07,14.950000000000001,34.99,8.5,26.65,55.512499999999996,55.512499999999996
12150,27.84,37.15,5.34,11.0,0.34,65.59,-6.11,7.97,297.44,65.72,99964.52,"119.24,30.94",2013-5-26,5.34,13.75,37.15,8.5,32.795,39.77142857142857,39.77142857142857
12160,38.3,51.67,7.08,16.26,0.39,70.72,-6.95,7.16,295.52,76.01,100671.02,"120.8,30.75",2013-5-26,7.08,20.325000000000003,50.835,9.75,35.36,54.125,54.125
12170,2.63,2.85,0.36,0.25,0.13,121.63,5.81,-1.89,277.0,37.39,54559.07,"83.73,30.06",2013-5-26,0.36,0.3125,2.85,3.25,68.025,3.757142857142857,68.025
12180,4.55,4.66,0.21,0.22,0.13,107.98,4.24,-2.12,278.2,22.4,53406.35,"85.28,30.32",2013-5-26,0.21,0.275,4.66,3.25,56.650000000000006,6.5,56.650000000000006
12190,2.29,2.41,0.18,0.1,0.12,114.08,3.46,-0.17,278.75,46.72,54856.73,"86.83,30.56",2013-5-26,0.18,0.125,2.41,3.0,61.733333333333334,3.2714285714285714,61.733333333333334
12200,4.65,4.73,0.17,0.12,0.12,104.14,4.28,-0.75,279.45,33.22,54969.77,"88.39,30.78",2013-5-26,0.17,0.15,4.73,3.0,53.45,6.642857142857143,53.45
12210,7.57,7.72,0.16,0.11,0.12,120.85,6.82,-1.59,284.23,37.64,57069.11,"89.96,30.98",2013-5-26,0.16,0.1375,7.72,3.0,67.375,10.814285714285715,67.375
12220,3.8,3.88,0.12,0.22,0.11,105.5,4.62,9.13,278.78,56.31,56883.02,"91.53,31.16",2013-5-26,0.12,0.275,3.88,2.75,54.583333333333336,5.428571428571429,54.583333333333336
12230,4.35,4.42,0.12,0.23,0.11,105.81,5.19,5.92,276.5,57.39,55302.21,"93.11,31.32",2013-5-26,0.12,0.28750000000000003,4.42,2.75,54.84166666666667,6.2142857142857135,54.84166666666667
12240,4.97,5.04,0.11,0.25,0.11,106.94,2.33,3.82,279.7,47.58,59247.71,"94.7,31.47",2013-5-26,0.11,0.3125,5.04,2.75,55.78333333333333,7.1,55.78333333333333
12250,7.66,7.71,0.1,0.42,0.11,105.48,7.08,2.53,279.73,31.57,57359.93,"96.29,31.59",2013-5-26,0.1,0.525,7.71,2.75,54.56666666666667,10.942857142857143,54.56666666666667
12260,9.24,9.27,0.07,0.36,0.11,110.37,3.79,2.97,282.23,25.43,60245.14,"97.88,31.69",2013-5-26,0.07,0.44999999999999996,9.27,2.75,58.64166666666667,13.200000000000001,58.64166666666667
12270,11.51,11.56,0.13,0.61,0.12,106.98,4.22,3.6,280.82,25.43,59413.59,"99.48,31.77",2013-5-26,0.13,0.7625,11.56,3.0,55.81666666666667,16.442857142857143,55.81666666666667
12280,7.4,7.45,0.14,0.79,0.12,105.05,1.48,1.18,282.67,33.34,63075.32,"101.08,31.83",2013-5-26,0.14,0.9875,7.45,3.0,54.20833333333333,10.571428571428573,54.20833333333333
12290,9.12,9.88,0.46,0.79,0.13,99.29,0.89,-1.75,280.0,51.91,62271.11,"102.68,31.87",2013-5-26,0.46,0.9875,9.88,3.25,49.645,13.028571428571428,49.645
12300,28.63,33.57,6.32,2.77,0.24,86.91,-0.41,1.37,293.96,51.75,85592.42,"104.28,31.89",2013-5-26,6.32,3.4625,33.57,6.0,43.455,40.9,43.455
12310,45.11,48.14,17.89,4.69,0.33,92.0,0.95,-4.44,298.69,49.57,93426.39,"105.88,31.89",2013-5-26,17.89,5.862500000000001,48.14,8.25,46.0,62.6375,62.6375
12320,62.47,64.89,24.56,4.14,0.39,92.33,-3.81,-3.99,295.68,67.01,91203.52,"107.48,31.87",2013-5-26,24.56,5.175,57.445,9.75,46.165,84.3375,84.3375
12330,67.89,70.09,20.61,4.19,0.37,81.76,-1.39,-4.33,286.39,96.08,79773.66,"109.08,31.82",2013-5-26,20.61,5.237500000000001,60.045,9.25,40.88,91.1125,91.1125
12340,79.48,81.81,31.58,9.52,0.44,67.33,1.29,-2.96,288.31,97.88,84677.12,"110.68,31.76",2013-5-26,31.58,11.899999999999999,65.905,11.0,33.665,105.60000000000001,105.60000000000001
12350,55.09,58.49,30.69,17.83,0.41,62.61,0.16,-5.61,295.81,88.46,99170.05,"112.28,31.68",2013-5-26,30.69,22.287499999999998,54.245000000000005,10.25,31.305,75.11250000000001,75.11250000000001
12360,26.91,27.65,15.43,15.13,0.37,52.52,-1.32,-0.01,295.99,92.75,98688.58,"113.87,31.58",2013-5-26,15.43,18.9125,27.65,9.25,26.26,38.44285714285714,38.44285714285714
12370,25.99,25.58,8.78,7.83,0.27,64.53,-0.55,7.27,295.7,91.85,95311.0,"115.46,31.45",2013-5-26,8.78,9.7875,25.58,6.75,32.265,37.128571428571426,37.128571428571426
12380,35.36,33.26,6.07,10.72,0.31,57.05,-3.05,8.51,297.7,84.97,99069.28,"117.05,31.31",2013-5-26,6.07,13.4,33.26,7.75,28.525,50.45,50.45
12390,30.01,33.31,4.36,10.39,0.32,60.68,-5.37,6.72,297.75,70.2,100167.86,"118.63,31.14",2013-5-26,4.36,12.9875,33.31,8.0,30.34,42.871428571428574,42.871428571428574
12400,48.12,70.83,10.7,24.85,0.61,60.82,-7.43,8.88,295.49,73.81,100523.31,"120.2,30.96",2013-5-26,10.7,31.0625,60.415,15.25,30.41,66.4,66.4
12410,4.66,4.98,0.54,0.26,0.14,113.06,6.42,-0.77,275.87,49.45,54950.73,"82.93,30.05",2013-5-26,0.54,0.325,4.98,3.5000000000000004,60.88333333333334,6.6571428571428575,60.88333333333334
12420,6.12,6.24,0.22,0.17,0.13,116.57,3.26,0.15,278.22,24.17,54111.84,"84.47,30.32",2013-5-26,0.22,0.21250000000000002,6.24,3.25,63.80833333333333,8.742857142857144,63.80833333333333
12430,2.47,2.58,0.19,0.12,0.12,116.23,0.85,-1.74,280.87,30.61,56059.85,"86.02,30.57",2013-5-26,0.19,0.15,2.58,3.0,63.525000000000006,3.528571428571429,63.525000000000006
12440,3.13,3.22,0.17,0.11,0.12,109.85,3.54,-1.22,278.74,39.31,54562.85,"87.58,30.8",2013-5-26,0.17,0.1375,3.22,3.0,58.20833333333333,4.4714285714285715,58.20833333333333
12450,7.22,7.31,0.17,0.17,0.12,103.92,4.59,0.29,282.16,26.73,57058.86,"89.15,31.02",2013-5-26,0.17,0.21250000000000002,7.31,3.0,53.266666666666666,10.314285714285715,53.266666666666666
12460,6.13,6.21,0.15,0.15,0.12,109.59,2.3,4.04,282.0,47.77,57336.5,"90.72,31.21",2013-5-26,0.15,0.1875,6.21,3.0,57.99166666666667,8.757142857142858,57.99166666666667
12470,3.92,4.01,0.11,0.31,0.11,102.81,3.51,3.82,278.16,59.39,57849.52,"92.3,31.38",2013-5-26,0.11,0.3875,4.01,2.75,52.34166666666667,5.6,52.34166666666667
12480,4.57,4.64,0.11,0.24,0.11,105.38,4.26,3.87,279.41,46.36,57946.96,"93.89,31.53",2013-5-26,0.11,0.3,4.64,2.75,54.48333333333333,6.528571428571429,54.48333333333333
12490,5.01,5.07,0.1,0.34,0.11,108.9,5.19,0.29,276.3,51.56,56129.97,"95.48,31.66",2013-5-26,0.1,0.42500000000000004,5.07,2.75,57.41666666666667,7.157142857142857,57.41666666666667
12500,7.88,7.92,0.09,0.3,0.11,104.99,2.43,1.07,283.44,24.38,60999.54,"97.07,31.78",2013-5-26,0.09,0.375,7.92,2.75,54.15833333333333,11.257142857142858,54.15833333333333
12510,10.28,10.33,0.13,0.86,0.12,112.09,3.46,1.45,276.01,30.44,54887.25,"98.67,31.87",2013-5-26,0.13,1.075,10.33,3.0,60.075,14.685714285714285,60.075
12520,7.62,7.66,0.11,0.92,0.12,106.94,2.04,1.23,282.11,32.48,61541.07,"100.27,31.94",2013-5-26,0.11,1.1500000000000001,7.66,3.0,55.78333333333333,10.885714285714286,55.78333333333333
12530,8.21,8.43,0.44,0.75,0.12,97.63,0.18,0.44,283.44,38.44,64675.38,"101.87,31.99",2013-5-26,0.44,0.9375,8.43,3.0,48.815,11.72857142857143,48.815
12540,12.86,14.87,1.23,0.89,0.14,86.12,-0.04,-3.5,283.9,50.78,67165.34,"103.48,32.02",2013-5-26,1.23,1.1125,14.87,3.5000000000000004,43.06,18.37142857142857,43.06
12550,35.01,38.18,11.47,3.51,0.27,95.04,-0.34,-3.55,297.72,44.43,90690.7,"105.08,32.03",2013-5-26,11.47,4.387499999999999,38.18,6.75,47.52,50.012499999999996,50.012499999999996
12560,59.31,62.06,22.09,4.43,0.37,91.69,-2.14,-3.25,296.55,58.26,90880.22,"106.69,32.02",2013-5-26,22.09,5.5375,56.03,9.25,45.845,80.3875,80.3875
12570,68.14,70.08,24.59,4.39,0.39,89.44,-3.61,-5.19,290.38,86.75,86062.87,"108.29,31.98",2013-5-26,24.59,5.4875,60.04,9.75,44.72,91.425,91.425
12580,80.28,82.65,27.99,7.6,0.43,72.25,0.8,-2.19,290.07,96.67,89119.7,"109.89,31.93",2013-5-26,27.99,9.5,66.325,10.75,36.125,106.6,106.6
12590,73.14,75.63,27.76,12.05,0.42,67.6,0.67,-4.55,290.32,98.4,89381.44,"111.49,31.86",2013-5-26,27.76,15.0625,62.815,10.5,33.8,97.675,97.675
12600,38.61,39.88,16.33,13.34,0.36,65.61,-2.29,-4.34,295.49,91.23,98537.97,"113.09,31.77",2013-5-26,16.33,16.675,39.88,9.0,32.805,54.5125,54.5125
12610,25.45,26.56,12.54,15.03,0.33,51.98,-0.98,3.32,295.26,95.65,96885.6,"114.68,31.65",2013-5-26,12.54,18.787499999999998,26.56,8.25,25.99,36.357142857142854,36.357142857142854
12620,34.89,32.9,8.65,9.63,0.32,59.82,-2.75,3.74,298.29,82.03,98488.91,"116.27,31.52",2013-5-26,8.65,12.037500000000001,32.9,8.0,29.91,49.84285714285714,49.84285714285714
12630,50.63,47.61,7.36,16.38,0.44,50.29,-4.84,6.88,297.56,79.2,99875.34,"117.86,31.36",2013-5-26,7.36,20.474999999999998,47.61,11.0,25.145,69.5375,69.5375
12640,35.86,48.8,7.12,15.33,0.43,63.14,-7.4,9.31,295.89,71.34,99392.2,"119.44,31.19",2013-5-26,7.12,19.1625,48.8,10.75,31.57,51.075,51.075
12650,37.63,50.22,6.7,14.81,0.38,72.25,-8.1,8.31,294.58,83.2,100724.66,"121.01,31.0",2013-5-26,6.7,18.5125,50.11,9.5,36.125,53.2875,53.2875
12660,3.75,4.03,0.45,0.25,0.14,115.36,5.02,-0.05,277.65,45.28,56402.82,"82.9,30.18",2013-5-26,0.45,0.3125,4.03,3.5000000000000004,62.8,5.357142857142858,62.8
12670,1.85,1.97,0.22,0.16,0.13,113.71,3.62,-0.41,277.36,25.18,53247.4,"84.44,30.45",2013-5-26,0.22,0.2,1.97,3.25,61.425,2.6428571428571432,61.425
12680,2.68,2.8,0.22,0.11,0.12,116.83,0.34,-2.58,281.19,32.5,56190.07,"86.0,30.71",2013-5-26,0.22,0.1375,2.8,3.0,64.025,3.8285714285714287,64.025
12690,3.71,3.81,0.19,0.11,0.12,110.45,3.61,-0.56,280.1,36.22,55845.7,"87.56,30.94",2013-5-26,0.19,0.1375,3.81,3.0,58.708333333333336,5.3,58.708333333333336
12700,8.05,8.15,0.19,0.2,0.12,105.98,5.93,-1.5,282.02,20.77,56627.14,"89.12,31.15",2013-5-26,0.19,0.25,8.15,3.0,54.983333333333334,11.500000000000002,54.983333333333334
12710,8.68,8.75,0.16,0.18,0.12,109.12,4.47,2.23,283.55,38.33,57818.24,"90.7,31.34",2013-5-26,0.16,0.22499999999999998,8.75,3.0,57.6,12.4,57.6
12720,3.89,3.97,0.1,0.41,0.11,102.95,3.23,3.36,277.79,61.49,57706.6,"92.28,31.52",2013-5-26,0.1,0.5125,3.97,2.75,52.458333333333336,5.557142857142858,52.458333333333336
12730,4.63,4.7,0.11,0.24,0.11,105.93,3.25,3.63,280.28,42.82,58654.45,"93.87,31.67",2013-5-26,0.11,0.3,4.7,2.75,54.94166666666667,6.614285714285714,54.94166666666667
12740,4.84,4.9,0.09,0.31,0.11,108.01,6.39,2.88,274.94,55.04,55039.16,"95.46,31.8",2013-5-26,0.09,0.3875,4.9,2.75,56.675000000000004,6.914285714285715,56.675000000000004
12750,7.87,7.91,0.09,0.31,0.11,104.09,3.09,1.56,283.5,24.52,61058.6,"97.06,31.91",2013-5-26,0.09,0.3875,7.91,2.75,53.40833333333334,11.242857142857144,53.40833333333334
12760,11.2,11.26,0.14,0.76,0.12,111.57,3.84,2.67,277.28,28.7,55815.97,"98.66,32.0",2013-5-26,0.14,0.95,11.26,3.0,59.641666666666666,16.0,59.641666666666666
12770,7.33,7.37,0.11,0.94,0.12,107.09,1.91,1.1,282.22,33.56,62070.02,"100.26,32.07",2013-5-26,0.11,1.1749999999999998,7.37,3.0,55.90833333333334,10.471428571428572,55.90833333333334
12780,7.88,8.05,0.38,0.71,0.12,98.64,0.25,0.67,284.46,37.99,66129.02,"101.87,32.12",2013-5-26,0.38,0.8875,8.05,3.0,49.32,11.257142857142858,49.32
12790,12.35,14.04,1.41,0.85,0.14,86.79,-0.74,-3.37,281.25,56.18,64751.33,"103.47,32.15",2013-5-26,1.41,1.0625,14.04,3.5000000000000004,43.395,17.642857142857142,43.395
12800,35.5,38.42,10.99,3.15,0.26,93.99,-0.23,-4.26,294.73,50.44,86872.16,"105.08,32.16",2013-5-26,10.99,3.9375,38.42,6.5,46.995,50.625,50.625
12810,56.18,58.74,21.53,3.98,0.36,91.59,-2.69,-2.7,297.27,55.78,91778.6,"106.69,32.15",2013-5-26,21.53,4.975,54.370000000000005,9.0,45.795,76.475,76.475
12820,70.32,72.46,25.62,4.89,0.39,87.37,-2.28,-4.53,290.44,88.19,86930.27,"108.29,32.12",2013-5-26,25.62,6.1125,61.23,9.75,43.685,94.14999999999999,94.14999999999999
12830,81.01,83.59,28.79,8.71,0.45,70.59,0.85,-1.26,291.78,93.09,92185.88,"109.9,32.07",2013-5-26,28.79,10.887500000000001,66.795,11.25,35.295,107.5125,107.5125
12840,74.67,77.58,29.78,14.22,0.44,64.17,1.15,-3.91,290.99,98.07,91216.8,"111.5,31.99",2013-5-26,29.78,17.775000000000002,63.79,11.0,32.085,99.5875,99.5875
12850,38.66,40.06,14.94,13.64,0.35,66.3,-3.22,-5.11,295.34,90.01,98425.09,"113.1,31.9",2013-5-26,14.94,17.05,40.06,8.75,33.15,54.574999999999996,54.574999999999996
12860,26.96,28.48,12.83,16.59,0.33,47.54,-0.66,2.65,295.64,94.03,97755.41,"114.7,31.79",2013-5-26,12.83,20.7375,28.48,8.25,23.77,38.51428571428572,38.51428571428572
12870,36.84,35.79,8.88,10.83,0.34,56.95,-3.83,4.23,297.95,85.42,99050.81,"116.29,31.65",2013-5-26,8.88,13.5375,35.79,8.5,28.475,52.300000000000004,52.300000000000004
12880,56.52,54.08,8.14,18.33,0.5,49.39,-5.33,7.31,297.03,80.51,99344.96,"117.88,31.5",2013-5-26,8.14,22.912499999999998,52.04,12.5,24.695,76.9,76.9
12890,38.98,53.18,8.16,17.36,0.49,60.94,-7.01,9.27,296.5,68.74,100125.62,"119.46,31.32",2013-5-26,8.16,21.7,51.59,12.25,30.47,54.974999999999994,54.974999999999994
12900,41.07,56.09,9.13,16.86,0.5,69.87,-8.12,8.64,294.63,82.4,100744.72,"121.03,31.13",2013-5-26,9.13,21.075,53.045,12.5,34.935,57.5875,57.5875
12910,2.61,2.84,0.36,0.27,0.13,119.73,4.11,-1.2,278.29,36.26,56419.25,"82.87,30.32",2013-5-26,0.36,0.3375,2.84,3.25,66.44166666666666,3.7285714285714286,66.44166666666666
12920,1.52,1.64,0.21,0.15,0.13,112.65,4.43,-1.09,278.49,24.39,53991.91,"84.41,30.59",2013-5-26,0.21,0.1875,1.64,3.25,60.54166666666667,2.1714285714285717,60.54166666666667
12930,2.56,2.68,0.22,0.11,0.12,116.9,-0.15,-0.22,281.43,36.02,56867.29,"85.97,30.84",2013-5-26,0.22,0.1375,2.68,3.0,64.08333333333334,3.6571428571428575,64.08333333333334
12940,4.09,4.21,0.2,0.12,0.12,109.15,3.83,0.73,280.46,35.04,56223.05,"87.53,31.07",2013-5-26,0.2,0.15,4.21,3.0,57.62500000000001,5.8428571428571425,57.62500000000001
12950,9.18,9.27,0.2,0.2,0.12,105.29,7.04,-1.31,282.0,19.66,56249.36,"89.1,31.29",2013-5-26,0.2,0.25,9.27,3.0,54.40833333333334,13.114285714285714,54.40833333333334
12960,11.07,11.14,0.16,0.24,0.12,106.08,4.53,0.37,282.06,34.13,56849.92,"90.68,31.48",2013-5-26,0.16,0.3,11.14,3.0,55.06666666666666,15.814285714285715,55.06666666666666
12970,4.02,4.1,0.1,0.49,0.11,105.32,2.2,2.9,277.9,62.36,58111.48,"92.26,31.65",2013-5-26,0.1,0.6125,4.1,2.75,54.43333333333333,5.742857142857142,54.43333333333333
12980,4.68,4.74,0.11,0.29,0.11,106.14,2.37,3.74,281.29,39.22,59344.85,"93.85,31.8",2013-5-26,0.11,0.3625,4.74,2.75,55.11666666666667,6.685714285714285,55.11666666666667
12990,4.76,4.82,0.09,0.27,0.11,106.93,7.5,4.77,275.0,54.02,55113.84,"95.45,31.94",2013-5-26,0.09,0.3375,4.82,2.75,55.775000000000006,6.8,55.775000000000006
13000,7.93,7.98,0.1,0.31,0.11,103.42,2.88,1.16,283.79,24.65,61540.45,"97.05,32.05",2013-5-26,0.1,0.3875,7.98,2.75,52.85,11.32857142857143,52.85
13010,12.04,12.1,0.14,0.68,0.12,110.07,4.15,2.76,279.59,26.42,57944.8,"98.65,32.14",2013-5-26,0.14,0.8500000000000001,12.1,3.0,58.391666666666666,17.2,58.391666666666666
13020,6.88,6.92,0.13,0.92,0.12,109.17,1.44,0.92,282.22,32.8,62259.87,"100.25,32.21",2013-5-26,0.13,1.1500000000000001,6.92,3.0,57.641666666666666,9.82857142857143,57.641666666666666
13030,7.69,7.83,0.32,0.71,0.12,98.82,0.74,0.81,283.77,38.75,65476.33,"101.86,32.26",2013-5-26,0.32,0.8875,7.83,3.0,49.41,10.985714285714286,49.41
13040,11.8,13.23,1.52,0.89,0.14,87.75,-1.65,-2.1,282.59,54.24,66352.56,"103.47,32.29",2013-5-26,1.52,1.1125,13.23,3.5000000000000004,43.875,16.857142857142858,43.875
13050,35.61,38.29,10.46,2.97,0.25,92.06,-0.29,-4.05,292.94,54.86,84976.73,"105.08,32.3",2013-5-26,10.46,3.7125000000000004,38.29,6.25,46.03,50.7625,50.7625
13060,52.4,54.82,20.72,3.64,0.34,92.7,-3.23,-2.79,297.93,52.56,92012.11,"106.69,32.29",2013-5-26,20.72,4.55,52.41,8.5,46.35,71.75,71.75
13070,71.85,74.16,26.96,5.32,0.4,85.98,-2.56,-4.19,290.88,87.94,87934.26,"108.3,32.26",2013-5-26,26.96,6.65,62.08,10.0,42.99,96.0625,96.0625
13080,80.79,83.51,29.06,9.76,0.46,69.19,-0.14,-0.57,292.91,89.18,93761.05,"109.91,32.2",2013-5-26,29.06,12.2,66.755,11.5,34.595,107.23750000000001,107.23750000000001
13090,75.72,79.38,32.5,16.57,0.46,60.09,1.91,-3.31,293.01,94.38,95491.27,"111.51,32.13",2013-5-26,32.5,20.7125,64.69,11.5,30.045,100.9,100.9
13100,39.59,41.07,15.29,13.99,0.34,66.54,-4.04,-5.87,295.25,88.22,98100.6,"113.11,32.04",2013-5-26,15.29,17.4875,41.07,8.5,33.27,55.737500000000004,55.737500000000004
13110,28.94,30.39,13.67,17.58,0.33,46.19,-0.85,1.68,296.22,91.95,98865.23,"114.71,31.92",2013-5-26,13.67,21.974999999999998,30.39,8.25,23.095,41.34285714285715,41.34285714285715
13120,38.1,37.57,8.82,11.46,0.35,55.33,-4.17,4.76,297.86,86.96,99513.01,"116.31,31.79",2013-5-26,8.82,14.325000000000001,37.57,8.75,27.665,53.875,53.875
13130,60.47,59.69,8.85,20.32,0.53,48.84,-5.81,7.86,296.98,79.9,99304.49,"117.9,31.63",2013-5-26,8.85,25.4,54.845,13.25,24.42,81.8375,81.8375
13140,42.48,58.69,9.52,19.78,0.55,58.11,-6.88,8.43,296.69,68.22,100446.04,"119.48,31.46",2013-5-26,9.52,24.725,54.345,13.750000000000002,29.055,59.349999999999994,59.349999999999994
13150,45.47,65.27,12.22,20.5,0.64,65.75,-7.85,8.8,294.66,81.57,100744.02,"121.06,31.26",2013-5-26,12.22,25.625,57.635,16.0,32.875,63.0875,63.0875
13160,2.42,2.66,0.34,0.27,0.13,120.19,4.73,-2.38,277.67,33.38,55608.68,"82.68,30.42",2013-5-26,0.34,0.3375,2.66,3.25,66.825,3.4571428571428573,66.825
13170,1.57,1.7,0.22,0.14,0.13,114.19,5.96,-1.55,278.5,24.8,53894.01,"84.23,30.7",2013-5-26,0.22,0.17500000000000002,1.7,3.25,61.825,2.242857142857143,61.825
13180,2.96,3.14,0.27,0.12,0.13,123.6,1.63,-4.18,284.35,38.78,57827.38,"85.78,30.95",2013-5-26,0.27,0.15,3.14,3.25,69.66666666666666,4.228571428571429,69.66666666666666
13190,4.38,4.51,0.21,0.13,0.12,111.5,3.3,0.17,280.43,34.46,55860.37,"87.35,31.18",2013-5-26,0.21,0.1625,4.51,3.0,59.583333333333336,6.257142857142857,59.583333333333336
13200,9.98,10.07,0.21,0.17,0.12,108.26,6.94,-0.61,282.83,21.97,56970.88,"88.92,31.4",2013-5-26,0.21,0.21250000000000002,10.07,3.0,56.88333333333334,14.257142857142858,56.88333333333334
13210,13.65,13.71,0.16,0.27,0.12,104.2,6.11,-1.23,281.3,25.49,56128.91,"90.5,31.59",2013-5-26,0.16,0.3375,13.71,3.0,53.5,19.5,53.5
13220,4.29,4.36,0.11,0.56,0.11,106.1,2.09,2.95,277.14,64.19,56792.48,"92.08,31.77",2013-5-26,0.11,0.7000000000000001,4.36,2.75,55.08333333333333,6.128571428571429,55.08333333333333
13230,4.62,4.68,0.1,0.45,0.11,106.48,2.78,0.93,280.51,39.71,58410.14,"93.68,31.92",2013-5-26,0.1,0.5625,4.68,2.75,55.400000000000006,6.6000000000000005,55.400000000000006
13240,4.64,4.7,0.09,0.29,0.11,105.3,5.91,7.15,274.73,57.3,55435.35,"95.27,32.06",2013-5-26,0.09,0.3625,4.7,2.75,54.416666666666664,6.628571428571428,54.416666666666664
13250,7.62,7.68,0.11,0.36,0.11,101.47,3.1,0.41,283.76,25.76,61559.36,"96.87,32.17",2013-5-26,0.11,0.44999999999999996,7.68,2.75,51.225,10.885714285714286,51.225
13260,12.12,12.17,0.13,0.61,0.12,107.19,3.52,1.76,279.36,27.03,57722.45,"98.48,32.27",2013-5-26,0.13,0.7625,12.17,3.0,55.99166666666667,17.314285714285713,55.99166666666667
13270,7.04,7.08,0.12,0.75,0.12,108.55,1.79,1.13,282.08,31.06,61718.97,"100.09,32.34",2013-5-26,0.12,0.9375,7.08,3.0,57.125,10.057142857142857,57.125
13280,7.18,7.27,0.23,0.63,0.12,102.45,1.32,0.87,282.91,35.5,64026.94,"101.7,32.39",2013-5-26,0.23,0.7875,7.27,3.0,52.04166666666667,10.257142857142856,52.04166666666667
13290,10.76,11.89,1.45,0.77,0.13,92.15,0.95,-2.95,285.54,42.01,67803.31,"103.31,32.42",2013-5-26,1.45,0.9625,11.89,3.25,46.075,15.371428571428572,46.075
13300,32.66,34.98,8.57,2.33,0.23,89.61,-1.92,-4.09,292.98,51.74,84652.28,"104.92,32.44",2013-5-26,8.57,2.9125,34.98,5.75,44.805,46.65714285714285,46.65714285714285
13310,51.1,53.31,19.09,3.2,0.32,93.37,-2.13,-4.42,295.22,56.93,87754.93,"106.53,32.43",2013-5-26,19.09,4.0,51.655,8.0,46.685,70.125,70.125
13320,72.0,74.73,28.35,5.7,0.41,84.31,-3.66,-4.74,291.66,85.34,88931.88,"108.14,32.4",2013-5-26,28.35,7.125,62.365,10.25,42.155,96.25,96.25
13330,78.5,81.3,29.6,9.68,0.46,74.1,-0.96,-1.39,292.78,87.04,92777.24,"109.75,32.35",2013-5-26,29.6,12.1,65.65,11.5,37.05,104.375,104.375
13340,74.98,78.09,31.32,15.57,0.45,62.92,1.84,-3.01,293.41,92.08,95810.84,"111.36,32.27",2013-5-26,31.32,19.4625,64.045,11.25,31.46,99.97500000000001,99.97500000000001
13350,41.37,43.35,17.58,14.91,0.34,67.47,-4.62,-6.34,295.34,85.71,97821.49,"112.97,32.18",2013-5-26,17.58,18.6375,43.35,8.5,33.735,57.9625,57.9625
13360,32.52,33.86,15.12,18.87,0.34,47.72,-1.03,-0.67,295.99,92.05,99101.71,"114.57,32.07",2013-5-26,15.12,23.587500000000002,33.86,8.5,23.86,46.45714285714286,46.45714285714286
13370,42.37,37.85,8.82,12.17,0.36,55.04,-4.0,4.15,297.52,88.73,99443.23,"116.16,31.94",2013-5-26,8.82,15.2125,37.85,9.0,27.52,59.2125,59.2125
13380,62.41,59.25,8.64,20.26,0.53,48.13,-5.49,7.51,297.12,81.46,99741.45,"117.76,31.79",2013-5-26,8.64,25.325000000000003,54.625,13.25,24.065,84.26249999999999,84.26249999999999
13390,43.67,60.25,8.71,19.61,0.56,57.02,-7.37,8.08,296.25,70.86,100231.49,"119.34,31.61",2013-5-26,8.71,24.5125,55.125,14.000000000000002,28.51,60.837500000000006,60.837500000000006
13400,47.13,70.85,12.79,22.09,0.67,61.82,-7.89,8.81,294.92,78.87,100709.69,"120.92,31.42",2013-5-26,12.79,27.6125,60.425,16.75,30.91,65.16250000000001,65.16250000000001
13410,2.87,3.23,0.38,0.23,0.13,120.14,6.36,-2.0,276.13,44.59,54339.97,"82.34,30.5",2013-5-26,0.38,0.28750000000000003,3.23,3.25,66.78333333333333,4.1000000000000005,66.78333333333333
13420,1.63,1.78,0.24,0.13,0.13,117.26,6.83,0.42,274.45,30.28,51082.62,"83.89,30.78",2013-5-26,0.24,0.1625,1.78,3.25,64.38333333333334,2.3285714285714283,64.38333333333334
13430,3.56,3.72,0.28,0.14,0.13,123.22,4.34,-5.4,284.96,31.6,58229.31,"85.44,31.03",2013-5-26,0.28,0.17500000000000002,3.72,3.25,69.35,5.085714285714286,69.35
13440,4.67,4.79,0.24,0.16,0.13,112.96,4.17,-2.13,278.55,32.77,53968.64,"87.01,31.27",2013-5-26,0.24,0.2,4.79,3.25,60.8,6.671428571428572,60.8
13450,10.33,10.42,0.22,0.14,0.12,107.31,7.58,-2.26,283.45,17.13,57744.2,"88.58,31.49",2013-5-26,0.22,0.17500000000000002,10.42,3.0,56.09166666666667,14.757142857142858,56.09166666666667
13460,13.14,13.21,0.18,0.3,0.12,104.13,6.57,-0.4,281.8,22.43,56585.63,"90.16,31.69",2013-5-26,0.18,0.375,13.21,3.0,53.44166666666666,18.771428571428572,53.44166666666666
13470,4.8,4.87,0.12,0.38,0.11,106.13,0.21,5.02,278.83,54.67,57190.14,"91.75,31.87",2013-5-26,0.12,0.475,4.87,2.75,55.10833333333333,6.857142857142857,55.10833333333333
13480,5.46,5.53,0.11,0.32,0.11,102.33,5.91,3.94,279.85,44.2,57547.02,"93.34,32.03",2013-5-26,0.11,0.4,5.53,2.75,51.94166666666666,7.8,51.94166666666666
13490,4.42,4.47,0.09,0.29,0.11,103.7,5.5,5.63,274.7,57.86,55233.3,"94.94,32.17",2013-5-26,0.09,0.3625,4.47,2.75,53.083333333333336,6.314285714285714,53.083333333333336
13500,6.33,6.39,0.12,0.48,0.11,100.57,3.64,0.48,284.35,26.32,61843.54,"96.54,32.29",2013-5-26,0.12,0.6,6.39,2.75,50.474999999999994,9.042857142857143,50.474999999999994
13510,11.5,11.54,0.11,0.69,0.12,106.11,2.03,0.73,283.19,22.16,60855.42,"98.15,32.38",2013-5-26,0.11,0.8624999999999999,11.54,3.0,55.09166666666667,16.42857142857143,55.09166666666667
13520,8.03,8.07,0.11,0.7,0.12,108.14,2.59,2.02,280.45,32.65,59687.81,"99.76,32.46",2013-5-26,0.11,0.875,8.07,3.0,56.78333333333333,11.471428571428572,56.78333333333333
13530,6.63,6.68,0.13,0.68,0.12,105.18,2.54,0.07,282.85,31.85,63234.48,"101.37,32.52",2013-5-26,0.13,0.8500000000000001,6.68,3.0,54.31666666666667,9.471428571428572,54.31666666666667
13540,9.57,10.3,1.02,0.68,0.12,97.37,3.5,-1.68,281.25,48.65,63394.77,"102.98,32.56",2013-5-26,1.02,0.8500000000000001,10.3,3.0,48.685,13.671428571428573,48.685
13550,22.59,23.97,4.07,1.18,0.17,86.63,-0.65,-3.05,290.7,46.24,78408.1,"104.6,32.57",2013-5-26,4.07,1.4749999999999999,23.97,4.25,43.315,32.27142857142857,43.315
13560,51.55,53.53,18.03,3.26,0.3,93.38,-2.16,-5.37,291.44,69.05,84510.33,"106.21,32.57",2013-5-26,18.03,4.074999999999999,51.765,7.5,46.69,70.6875,70.6875
13570,68.21,70.89,27.42,4.87,0.39,89.38,-4.43,-6.09,290.34,84.04,85405.16,"107.83,32.54",2013-5-26,27.42,6.0875,60.445,9.75,44.69,91.51249999999999,91.51249999999999
13580,71.22,73.59,26.49,7.72,0.42,80.98,-2.0,-1.71,292.12,87.43,90979.56,"109.44,32.49",2013-5-26,26.49,9.65,61.795,10.5,40.49,95.275,95.275
13590,84.15,88.04,39.68,17.37,0.49,57.32,1.53,-2.37,292.15,94.28,93873.46,"111.05,32.43",2013-5-26,39.68,21.712500000000002,69.02000000000001,12.25,28.66,111.4375,111.4375
13600,45.59,48.25,19.74,16.13,0.36,67.53,-4.07,-6.79,295.76,84.18,98706.48,"112.66,32.34",2013-5-26,19.74,20.162499999999998,48.25,9.0,33.765,63.237500000000004,63.237500000000004
13610,36.49,37.54,15.35,19.45,0.34,51.34,-2.11,-3.63,295.09,93.49,99035.89,"114.26,32.23",2013-5-26,15.35,24.3125,37.54,8.5,25.67,51.862500000000004,51.862500000000004
13620,44.92,38.45,10.91,14.89,0.36,52.59,-3.37,2.33,297.04,90.46,99320.48,"115.86,32.1",2013-5-26,10.91,18.6125,38.45,9.0,26.295,62.400000000000006,62.400000000000006
13630,81.26,71.33,12.57,25.97,0.75,39.87,-5.26,7.11,296.94,85.81,99753.54,"117.46,31.95",2013-5-26,12.57,32.4625,60.665,18.75,19.935,107.825,107.825
13640,43.59,58.51,7.89,18.56,0.54,56.24,-7.16,8.12,296.71,69.93,100249.91,"119.05,31.78",2013-5-26,7.89,23.2,54.254999999999995,13.5,28.12,60.737500000000004,60.737500000000004
13650,50.97,78.54,14.19,24.75,0.75,55.27,-8.13,9.01,294.88,78.01,100637.55,"120.63,31.59",2013-5-26,14.19,30.9375,64.27000000000001,18.75,27.635,69.9625,69.9625
13660,3.78,4.11,0.49,0.31,0.14,115.94,2.14,0.26,277.01,47.31,56295.5,"81.69,30.51",2013-5-26,0.49,0.3875,4.11,3.5000000000000004,63.28333333333333,5.3999999999999995,63.28333333333333
13670,1.71,1.9,0.27,0.16,0.13,117.78,4.95,-0.76,273.5,34.02,51625.49,"83.23,30.8",2013-5-26,0.27,0.2,1.9,3.25,64.81666666666666,2.442857142857143,64.81666666666666
13680,3.48,3.6,0.28,0.16,0.13,107.01,3.27,-4.71,279.8,23.63,56004.16,"84.79,31.07",2013-5-26,0.28,0.2,3.6,3.25,55.84166666666667,4.9714285714285715,55.84166666666667
13690,4.69,4.79,0.25,0.16,0.13,107.52,4.18,-2.59,277.51,25.43,53606.25,"86.35,31.31",2013-5-26,0.25,0.2,4.79,3.25,56.266666666666666,6.700000000000001,56.266666666666666
13700,6.42,6.52,0.24,0.15,0.13,105.12,4.38,0.37,281.94,24.89,57608.53,"87.92,31.54",2013-5-26,0.24,0.1875,6.52,3.25,54.26666666666667,9.17142857142857,54.26666666666667
13710,10.27,10.34,0.23,0.2,0.13,117.75,3.9,-3.05,285.58,30.4,58412.28,"89.5,31.75",2013-5-26,0.23,0.25,10.34,3.25,64.79166666666667,14.67142857142857,64.79166666666667
13720,9.58,9.64,0.14,0.2,0.12,105.57,4.64,1.06,282.18,32.69,57247.89,"91.09,31.94",2013-5-26,0.14,0.25,9.64,3.0,54.64166666666666,13.685714285714287,54.64166666666666
13730,5.04,5.11,0.11,0.33,0.11,101.74,2.34,3.14,279.17,49.1,57555.68,"92.68,32.1",2013-5-26,0.11,0.41250000000000003,5.11,2.75,51.449999999999996,7.2,51.449999999999996
13740,5.73,5.78,0.1,0.24,0.11,107.97,3.84,3.99,277.58,44.28,56343.76,"94.28,32.25",2013-5-26,0.1,0.3,5.78,2.75,56.641666666666666,8.185714285714287,56.641666666666666
13750,4.79,4.85,0.09,0.28,0.11,107.09,6.89,2.77,280.5,36.04,58764.86,"95.88,32.38",2013-5-26,0.09,0.35000000000000003,4.85,2.75,55.90833333333334,6.842857142857143,55.90833333333334
13760,8.97,9.01,0.1,0.33,0.11,102.99,6.58,2.34,281.62,24.07,58842.93,"97.49,32.48",2013-5-26,0.1,0.41250000000000003,9.01,2.75,52.49166666666666,12.814285714285715,52.49166666666666
13770,11.1,11.14,0.1,0.47,0.12,105.33,2.48,1.44,282.02,27.33,60794.95,"99.1,32.57",2013-5-26,0.1,0.5874999999999999,11.14,3.0,54.44166666666666,15.857142857142858,54.44166666666666
13780,6.89,6.93,0.09,0.82,0.12,109.99,2.65,0.2,281.56,31.94,61304.44,"100.72,32.63",2013-5-26,0.09,1.025,6.93,3.0,58.324999999999996,9.842857142857143,58.324999999999996
13790,8.05,8.17,0.38,0.98,0.12,103.06,1.19,1.38,282.47,46.47,64915.45,"102.33,32.68",2013-5-26,0.38,1.225,8.17,3.0,52.550000000000004,11.500000000000002,52.550000000000004
13800,12.56,12.95,1.25,0.63,0.13,94.68,0.92,-4.71,282.32,47.44,65512.36,"103.95,32.7",2013-5-26,1.25,0.7875,12.95,3.25,47.34,17.942857142857143,47.34
13810,37.47,39.19,13.35,2.15,0.26,102.15,-1.52,-4.35,297.33,47.25,90302.38,"105.57,32.71",2013-5-26,13.35,2.6875,39.19,6.5,51.79166666666667,53.0875,53.0875
13820,53.31,59.05,20.65,3.09,0.38,91.08,-2.24,-4.49,290.4,77.81,84183.7,"107.18,32.69",2013-5-26,20.65,3.8625,54.525,9.5,45.54,72.8875,72.8875
13830,50.76,57.15,23.64,8.36,0.58,73.35,-2.49,-0.97,294.0,81.83,93513.46,"108.8,32.65",2013-5-26,23.64,10.45,53.575,14.499999999999998,36.675,69.69999999999999,69.69999999999999
13840,69.43,78.09,32.54,13.47,0.51,63.75,-0.71,-2.35,291.69,93.76,92779.31,"110.41,32.59",2013-5-26,32.54,16.837500000000002,64.045,12.75,31.875,93.03750000000001,93.03750000000001
13850,61.16,64.84,26.26,19.83,0.42,64.3,-4.17,-5.44,295.64,84.67,98551.39,"112.02,32.51",2013-5-26,26.26,24.787499999999998,57.42,10.5,32.15,82.69999999999999,82.69999999999999
13860,42.93,44.93,17.3,17.55,0.33,60.59,-3.96,-5.48,294.52,91.11,98253.96,"113.63,32.41",2013-5-26,17.3,21.9375,44.93,8.25,30.295,59.9125,59.9125
13870,35.3,37.59,17.7,20.16,0.32,45.87,-1.75,1.36,296.65,90.39,99321.93,"115.24,32.29",2013-5-26,17.7,25.2,37.59,8.0,22.935,50.375,50.375
13880,62.09,51.71,8.37,14.32,0.55,51.47,-5.09,7.2,297.62,86.19,99613.7,"116.84,32.15",2013-5-26,8.37,17.9,50.855000000000004,13.750000000000002,25.735,83.86250000000001,83.86250000000001
13890,59.23,76.26,9.87,25.29,0.63,48.07,-6.92,7.62,296.88,73.55,100037.91,"118.43,31.99",2013-5-26,9.87,31.612499999999997,63.13,15.75,24.035,80.2875,80.2875
13900,52.91,81.87,17.15,29.2,0.87,44.93,-7.11,8.82,295.75,71.03,100478.38,"120.02,31.81",2013-5-26,17.15,36.5,65.935,21.75,22.465,72.38749999999999,72.38749999999999
13910,26.91,41.62,2.14,3.68,0.19,86.06,-8.35,9.35,293.12,91.89,100919.33,"121.76,31.58",2013-5-26,2.14,4.6000000000000005,41.62,4.75,43.03,38.44285714285714,43.03
13920,2.77,3.0,0.37,0.27,0.13,116.72,4.7,-2.79,272.69,43.29,53186.91,"82.12,30.73",2013-5-26,0.37,0.3375,3.0,3.25,63.93333333333334,3.9571428571428573,63.93333333333334
13930,6.82,6.95,0.26,0.13,0.13,116.9,9.06,-3.08,275.66,23.53,52717.61,"83.67,31.02",2013-5-26,0.26,0.1625,6.95,3.25,64.08333333333334,9.742857142857144,64.08333333333334
13940,4.61,4.72,0.29,0.22,0.13,109.25,4.69,-4.74,279.82,22.94,55619.09,"85.23,31.28",2013-5-26,0.29,0.275,4.72,3.25,57.708333333333336,6.585714285714286,57.708333333333336
13950,5.36,5.45,0.26,0.21,0.13,104.55,5.08,-2.9,278.17,18.97,54183.34,"86.8,31.52",2013-5-26,0.26,0.2625,5.45,3.25,53.791666666666664,7.6571428571428575,53.791666666666664
13960,11.33,11.41,0.24,0.16,0.13,107.42,7.23,-1.1,281.72,21.53,56757.38,"88.37,31.74",2013-5-26,0.24,0.2,11.41,3.25,56.18333333333334,16.185714285714287,56.18333333333334
13970,11.64,11.7,0.17,0.29,0.12,102.04,4.4,0.08,282.64,22.66,57968.71,"89.96,31.94",2013-5-26,0.17,0.3625,11.7,3.0,51.7,16.62857142857143,51.7
13980,6.41,6.47,0.12,0.33,0.11,101.85,1.92,2.84,280.0,44.01,57493.16,"91.55,32.12",2013-5-26,0.12,0.41250000000000003,6.47,2.75,51.541666666666664,9.157142857142858,51.541666666666664
13990,7.19,7.25,0.11,0.27,0.11,100.83,4.68,3.27,278.66,45.47,56588.94,"93.14,32.29",2013-5-26,0.11,0.3375,7.25,2.75,50.69166666666666,10.271428571428572,50.69166666666666
14000,5.28,5.33,0.09,0.22,0.11,107.39,5.89,5.67,277.12,48.89,56386.29,"94.75,32.43",2013-5-26,0.09,0.275,5.33,2.75,56.15833333333333,7.542857142857144,56.15833333333333
14010,6.1,6.15,0.1,0.37,0.11,100.73,3.76,0.2,283.54,30.54,61841.2,"96.35,32.55",2013-5-26,0.1,0.4625,6.15,2.75,50.608333333333334,8.714285714285714,50.608333333333334
14020,11.22,11.26,0.11,0.53,0.11,105.64,3.14,1.62,280.22,25.13,58113.87,"97.96,32.65",2013-5-26,0.11,0.6625000000000001,11.26,2.75,54.7,16.02857142857143,54.7
14030,9.04,9.09,0.11,0.54,0.12,105.44,3.61,2.29,280.94,32.73,60185.32,"99.58,32.73",2013-5-26,0.11,0.675,9.09,3.0,54.53333333333333,12.914285714285713,54.53333333333333
14040,6.31,6.34,0.09,0.59,0.12,107.57,1.67,-1.2,281.87,29.04,61945.79,"101.2,32.79",2013-5-26,0.09,0.7374999999999999,6.34,3.0,56.30833333333333,9.014285714285714,56.30833333333333
14050,9.05,9.25,0.7,0.8,0.12,101.35,2.46,1.29,281.18,52.53,63961.2,"102.81,32.82",2013-5-26,0.7,1.0,9.25,3.0,51.12499999999999,12.92857142857143,51.12499999999999
14060,17.83,18.48,2.36,1.05,0.15,84.42,0.63,-3.02,287.62,48.02,74153.55,"104.43,32.84",2013-5-26,2.36,1.3125,18.48,3.75,42.21,25.471428571428568,42.21
14070,44.45,46.47,16.75,3.61,0.29,94.12,-1.85,-5.2,294.79,57.9,88849.73,"106.05,32.84",2013-5-26,16.75,4.5125,46.47,7.249999999999999,47.06,61.8125,61.8125
14080,51.81,57.62,20.28,4.89,0.46,81.49,-1.76,-1.24,291.58,79.42,87277.22,"107.67,32.82",2013-5-26,20.28,6.1125,53.81,11.5,40.745,71.0125,71.0125
14090,48.06,53.44,21.59,7.1,0.53,76.95,-4.7,-2.71,294.63,76.0,93814.81,"109.29,32.77",2013-5-26,21.59,8.875,51.72,13.25,38.475,66.325,66.325
14100,82.38,92.16,63.73,27.12,0.58,52.16,1.06,-1.41,294.28,88.62,97530.53,"110.91,32.71",2013-5-26,56.864999999999995,33.9,71.08,14.499999999999998,26.08,109.225,109.225
14110,53.09,56.22,24.55,20.39,0.39,63.32,-5.03,-6.94,295.84,83.01,98969.8,"112.52,32.62",2013-5-26,24.55,25.4875,53.11,9.75,31.66,72.61250000000001,72.61250000000001
14120,41.76,43.94,17.67,21.14,0.34,53.64,-3.41,-5.48,294.61,92.37,99032.76,"114.13,32.51",2013-5-26,17.67,26.425,43.94,8.5,26.82,58.449999999999996,58.449999999999996
14130,50.08,41.24,13.74,18.24,0.38,49.41,-3.09,2.4,296.56,91.97,99456.44,"115.73,32.39",2013-5-26,13.74,22.799999999999997,41.24,9.5,24.705,68.85,68.85
14140,67.99,62.51,10.96,21.4,0.66,44.08,-6.03,7.3,296.65,86.72,99403.54,"117.34,32.24",2013-5-26,10.96,26.75,56.254999999999995,16.5,22.04,91.2375,91.2375
14150,58.88,85.9,15.55,31.38,0.74,44.74,-7.39,8.51,296.41,71.79,100087.58,"118.93,32.07",2013-5-26,15.55,39.225,67.95,18.5,22.37,79.85,79.85
14160,51.89,84.99,17.15,28.54,0.85,48.16,-7.6,9.37,295.32,73.71,100554.25,"120.52,31.88",2013-5-26,17.15,35.675,67.495,21.25,24.08,71.1125,71.1125
14170,4.57,4.87,0.61,0.29,0.14,108.11,4.0,-0.8,276.92,50.51,58082.48,"81.0,30.66",2013-5-26,0.61,0.3625,4.87,3.5000000000000004,56.75833333333333,6.528571428571429,56.75833333333333
14180,2.21,2.44,0.34,0.17,0.13,119.39,8.03,1.43,270.7,42.25,50542.07,"82.55,30.95",2013-5-26,0.34,0.21250000000000002,2.44,3.25,66.15833333333333,3.157142857142857,66.15833333333333
14190,3.49,3.66,0.26,0.13,0.13,115.8,5.83,-4.36,283.15,20.04,58199.82,"84.1,31.23",2013-5-26,0.26,0.1625,3.66,3.25,63.166666666666664,4.985714285714286,63.166666666666664
14200,3.96,4.06,0.29,0.18,0.13,108.76,4.92,-4.61,279.79,20.79,55375.63,"85.67,31.48",2013-5-26,0.29,0.22499999999999998,4.06,3.25,57.300000000000004,5.6571428571428575,57.300000000000004
14210,7.04,7.14,0.26,0.24,0.13,102.44,5.7,-4.16,282.73,15.31,57949.76,"87.24,31.72",2013-5-26,0.26,0.3,7.14,3.25,52.03333333333333,10.057142857142857,52.03333333333333
14220,11.11,11.19,0.22,0.21,0.13,101.74,6.36,-3.27,283.81,11.36,58581.06,"88.82,31.94",2013-5-26,0.22,0.2625,11.19,3.25,51.449999999999996,15.87142857142857,51.449999999999996
14230,16.17,16.22,0.14,0.24,0.12,102.66,3.92,-0.35,281.33,31.2,57227.22,"90.41,32.13",2013-5-26,0.14,0.3,16.22,3.0,52.21666666666666,23.1,52.21666666666666
14240,6.56,6.62,0.12,0.37,0.11,100.56,2.79,2.06,279.51,42.02,56837.89,"92.01,32.31",2013-5-26,0.12,0.4625,6.62,2.75,50.46666666666667,9.371428571428572,50.46666666666667
14250,8.24,8.29,0.1,0.22,0.11,103.97,5.64,3.7,276.91,44.35,55050.87,"93.61,32.47",2013-5-26,0.1,0.275,8.29,2.75,53.30833333333333,11.771428571428572,53.30833333333333
14260,5.13,5.18,0.09,0.21,0.11,106.68,7.61,4.68,279.96,41.4,58410.39,"95.21,32.6",2013-5-26,0.09,0.2625,5.18,2.75,55.56666666666667,7.328571428571428,55.56666666666667
14270,5.77,5.81,0.1,0.3,0.11,102.52,5.6,3.21,279.8,31.4,57719.19,"96.82,32.72",2013-5-26,0.1,0.375,5.81,2.75,52.099999999999994,8.242857142857142,52.099999999999994
14280,13.45,13.5,0.12,0.67,0.12,103.76,3.22,1.63,283.81,21.57,61694.8,"98.44,32.81",2013-5-26,0.12,0.8375,13.5,3.0,53.13333333333334,19.214285714285715,53.13333333333334
14290,7.96,8.0,0.09,0.48,0.11,106.86,3.65,2.35,280.98,35.48,60804.61,"100.06,32.88",2013-5-26,0.09,0.6,8.0,2.75,55.71666666666667,11.371428571428572,55.71666666666667
14300,6.33,6.39,0.16,0.76,0.12,102.72,0.96,-0.26,284.4,29.82,65321.26,"101.68,32.94",2013-5-26,0.16,0.95,6.39,3.0,52.266666666666666,9.042857142857143,52.266666666666666
14310,9.96,10.25,0.8,0.81,0.12,96.39,2.22,-2.09,281.08,56.45,64728.29,"103.3,32.97",2013-5-26,0.8,1.0125000000000002,10.25,3.0,48.195,14.22857142857143,48.195
14320,30.33,31.87,7.03,1.93,0.22,89.35,-1.0,-2.1,294.08,46.02,85065.62,"104.92,32.98",2013-5-26,7.03,2.4125,31.87,5.5,44.675,43.32857142857143,44.675
14330,54.88,57.66,21.5,5.34,0.34,90.98,-0.95,-0.71,294.71,61.64,89770.3,"106.54,32.97",2013-5-26,21.5,6.675,53.83,8.5,45.49,74.85,74.85
14340,48.25,53.85,21.18,6.43,0.57,78.43,-0.33,-0.66,293.91,76.71,91611.44,"108.16,32.94",2013-5-26,21.18,8.0375,51.925,14.249999999999998,39.215,66.5625,66.5625
14350,53.35,59.42,23.21,9.09,0.55,71.65,-2.17,-1.93,293.61,82.75,94215.42,"109.78,32.89",2013-5-26,23.21,11.3625,54.71,13.750000000000002,35.825,72.9375,72.9375
14360,75.25,78.49,29.21,16.12,0.45,70.02,-1.63,-3.53,293.03,92.05,94977.28,"111.4,32.82",2013-5-26,29.21,20.150000000000002,64.245,11.25,35.01,100.3125,100.3125
14370,49.1,51.69,21.79,19.66,0.37,61.98,-4.96,-6.63,295.32,85.41,98732.31,"113.01,32.73",2013-5-26,21.79,24.575,50.845,9.25,30.99,67.625,67.625
14380,40.91,43.19,17.95,21.62,0.34,49.82,-2.52,-3.85,295.02,92.89,99263.52,"114.63,32.61",2013-5-26,17.95,27.025000000000002,43.19,8.5,24.91,57.387499999999996,57.387499999999996
14390,58.89,48.7,11.66,17.31,0.48,50.16,-4.11,3.51,296.64,92.32,99603.48,"116.23,32.48",2013-5-26,11.66,21.6375,48.7,12.0,25.08,79.8625,79.8625
14400,56.3,62.12,9.23,20.44,0.54,49.46,-6.9,7.4,296.31,81.64,99451.57,"117.83,32.33",2013-5-26,9.23,25.55,56.06,13.5,24.73,76.625,76.625
14410,55.35,83.97,17.3,29.39,0.83,42.67,-7.83,8.87,295.35,73.86,100187.85,"119.43,32.15",2013-5-26,17.3,36.7375,66.985,20.75,21.335,75.4375,75.4375
14420,43.49,68.15,11.85,20.69,0.53,61.1,-7.92,8.58,294.61,77.67,100729.16,"121.02,31.96",2013-5-26,11.85,25.8625,59.075,13.25,30.55,60.612500000000004,60.612500000000004
14430,4.66,4.96,0.67,0.32,0.14,113.55,3.26,0.38,276.54,52.79,58067.43,"80.66,30.73",2013-5-26,0.67,0.4,4.96,3.5000000000000004,61.291666666666664,6.6571428571428575,61.291666666666664
14440,1.95,2.62,0.32,0.14,0.13,131.57,9.67,-0.64,275.14,52.78,52041.11,"82.2,31.03",2013-5-26,0.32,0.17500000000000002,2.62,3.25,76.30833333333334,2.7857142857142856,76.30833333333334
14450,2.88,3.07,0.27,0.13,0.13,118.39,7.09,-4.13,280.86,26.53,56224.56,"83.76,31.31",2013-5-26,0.27,0.1625,3.07,3.25,65.325,4.114285714285714,65.325
14460,3.98,4.08,0.31,0.21,0.13,108.0,5.44,-4.61,276.03,26.15,52943.91,"85.33,31.57",2013-5-26,0.31,0.2625,4.08,3.25,56.666666666666664,5.685714285714286,56.666666666666664
14470,5.71,5.81,0.28,0.27,0.13,101.76,6.17,-2.99,282.65,15.91,58060.71,"86.9,31.81",2013-5-26,0.28,0.3375,5.81,3.25,51.46666666666667,8.157142857142857,51.46666666666667
14480,9.48,9.56,0.24,0.21,0.13,102.98,6.95,-2.42,282.62,14.0,57470.36,"88.48,32.03",2013-5-26,0.24,0.2625,9.56,3.25,52.483333333333334,13.542857142857144,52.483333333333334
14490,13.27,13.33,0.15,0.23,0.12,100.94,2.93,0.45,281.35,31.28,57431.8,"90.07,32.23",2013-5-26,0.15,0.28750000000000003,13.33,3.0,50.78333333333333,18.957142857142856,50.78333333333333
14500,9.08,9.14,0.12,0.35,0.11,99.68,3.33,2.71,278.36,45.3,55891.91,"91.67,32.41",2013-5-26,0.12,0.4375,9.14,2.75,49.84,12.971428571428572,49.84
14510,8.81,8.86,0.1,0.2,0.11,103.13,4.94,3.41,276.68,46.46,54912.3,"93.27,32.57",2013-5-26,0.1,0.25,8.86,2.75,52.60833333333333,12.585714285714287,52.60833333333333
14520,7.32,7.36,0.09,0.18,0.11,111.32,7.24,4.79,277.79,41.7,56027.45,"94.88,32.71",2013-5-26,0.09,0.22499999999999998,7.36,2.75,59.43333333333333,10.457142857142857,59.43333333333333
14530,5.58,5.63,0.1,0.35,0.11,100.94,4.62,2.19,280.98,34.66,59586.46,"96.49,32.83",2013-5-26,0.1,0.4375,5.63,2.75,50.78333333333333,7.9714285714285715,50.78333333333333
14540,12.71,12.75,0.12,0.65,0.12,104.16,4.51,3.05,283.59,21.14,60854.03,"98.1,32.93",2013-5-26,0.12,0.8125,12.75,3.0,53.46666666666666,18.15714285714286,53.46666666666666
14550,9.14,9.18,0.09,0.4,0.11,106.41,3.82,1.31,279.94,35.54,59246.57,"99.72,33.01",2013-5-26,0.09,0.5,9.18,2.75,55.34166666666666,13.057142857142859,55.34166666666666
14560,6.08,6.11,0.08,0.53,0.11,107.33,3.17,-0.63,282.78,24.53,62251.08,"101.35,33.06",2013-5-26,0.08,0.6625000000000001,6.11,2.75,56.108333333333334,8.685714285714287,56.108333333333334
14570,8.99,9.2,0.71,0.89,0.12,99.04,1.5,0.58,282.6,49.75,65945.73,"102.97,33.1",2013-5-26,0.71,1.1125,9.2,3.0,49.52,12.842857142857143,49.52
14580,22.54,23.55,3.54,1.51,0.17,83.53,-1.65,-1.54,291.08,44.68,78903.75,"104.59,33.11",2013-5-26,3.54,1.8875,23.55,4.25,41.765,32.2,41.765
14590,47.06,49.33,18.57,4.12,0.3,94.62,-0.58,-4.98,294.74,58.28,88591.95,"106.22,33.11",2013-5-26,18.57,5.15,49.33,7.5,47.31,65.075,65.075
14600,47.75,53.08,20.74,5.88,0.56,79.89,-0.56,0.91,295.72,70.17,93747.71,"107.84,33.08",2013-5-26,20.74,7.35,51.54,14.000000000000002,39.945,65.9375,65.9375
14610,52.51,58.04,21.52,8.2,0.61,73.39,-2.52,-4.1,291.16,87.09,89209.08,"109.47,33.04",2013-5-26,21.52,10.25,54.019999999999996,15.25,36.695,71.88749999999999,71.88749999999999
14620,71.61,75.82,28.41,14.13,0.45,70.26,-1.29,-4.02,293.87,87.08,95833.99,"111.09,32.97",2013-5-26,28.41,17.6625,62.91,11.25,35.13,95.7625,95.7625
14630,54.53,57.61,25.57,20.9,0.4,61.59,-5.26,-7.38,295.55,83.15,98763.3,"112.7,32.88",2013-5-26,25.57,26.125,53.805,10.0,30.795,74.4125,74.4125
14640,41.55,43.7,17.62,21.39,0.34,53.9,-3.94,-5.4,294.57,91.45,99164.29,"114.32,32.77",2013-5-26,17.62,26.7375,43.7,8.5,26.95,58.1875,58.1875
14650,58.75,46.26,14.26,20.17,0.46,48.35,-3.64,2.75,296.5,91.65,99666.46,"115.93,32.64",2013-5-26,14.26,25.212500000000002,46.26,11.5,24.175,79.6875,79.6875
14660,54.83,54.93,9.21,18.76,0.52,48.75,-6.68,7.28,296.11,85.33,99087.46,"117.53,32.49",2013-5-26,9.21,23.450000000000003,52.465,13.0,24.375,74.7875,74.7875
14670,54.29,80.92,15.51,27.75,0.74,44.55,-7.92,8.58,295.8,73.24,100238.41,"119.13,32.32",2013-5-26,15.51,34.6875,65.46000000000001,18.5,22.275,74.1125,74.1125
14680,47.86,77.28,14.3,25.52,0.66,51.5,-7.84,8.93,295.03,74.23,100692.69,"120.73,32.13",2013-5-26,14.3,31.9,63.64,16.5,25.75,66.075,66.075
14690,4.56,4.87,0.72,0.33,0.14,113.57,3.38,0.01,276.28,51.96,58229.46,"80.47,30.83",2013-5-26,0.72,0.41250000000000003,4.87,3.5000000000000004,61.30833333333333,6.514285714285714,61.30833333333333
14700,2.05,2.2,0.34,0.2,0.13,117.49,6.13,1.37,272.28,36.93,52414.14,"82.01,31.13",2013-5-26,0.34,0.25,2.2,3.25,64.57499999999999,2.9285714285714284,64.57499999999999
14710,7.1,7.23,0.28,0.13,0.13,117.81,8.92,-2.26,278.6,26.1,55231.6,"83.57,31.42",2013-5-26,0.28,0.1625,7.23,3.25,64.84166666666667,10.142857142857142,64.84166666666667
14720,4.73,4.84,0.32,0.27,0.13,104.67,5.19,-3.87,276.41,25.49,53604.57,"85.14,31.68",2013-5-26,0.32,0.3375,4.84,3.25,53.891666666666666,6.757142857142858,53.891666666666666
14730,5.63,5.72,0.29,0.26,0.13,101.44,5.91,-3.39,282.34,16.1,57971.0,"86.71,31.92",2013-5-26,0.29,0.325,5.72,3.25,51.199999999999996,8.042857142857143,51.199999999999996
14740,11.86,11.94,0.24,0.2,0.13,103.17,6.11,-2.55,281.98,11.32,56901.52,"88.3,32.14",2013-5-26,0.24,0.25,11.94,3.25,52.641666666666666,16.942857142857143,52.641666666666666
14750,15.39,15.45,0.18,0.2,0.12,104.12,3.03,-1.29,282.19,24.39,57561.89,"89.89,32.35",2013-5-26,0.18,0.25,15.45,3.0,53.43333333333334,21.985714285714288,53.43333333333334
14760,9.34,9.39,0.12,0.28,0.11,100.34,2.83,3.19,279.25,39.17,55953.61,"91.49,32.53",2013-5-26,0.12,0.35000000000000003,9.39,2.75,50.28333333333334,13.342857142857143,50.28333333333334
14770,9.76,9.81,0.1,0.19,0.11,103.67,6.32,3.94,276.24,44.82,53967.02,"93.09,32.69",2013-5-26,0.1,0.2375,9.81,2.75,53.05833333333334,13.942857142857143,53.05833333333334
14780,11.08,11.12,0.09,0.18,0.11,113.46,7.04,3.35,278.81,35.44,56282.6,"94.7,32.83",2013-5-26,0.09,0.22499999999999998,11.12,2.75,61.21666666666666,15.82857142857143,61.21666666666666
14790,6.14,6.19,0.09,0.3,0.11,101.73,5.74,2.34,280.72,34.79,58997.32,"96.31,32.95",2013-5-26,0.09,0.375,6.19,2.75,51.44166666666667,8.77142857142857,51.44166666666667
14800,11.84,11.89,0.13,0.61,0.12,103.1,4.96,1.64,284.09,21.8,61466.61,"97.93,33.05",2013-5-26,0.13,0.7625,11.89,3.0,52.58333333333333,16.914285714285715,52.58333333333333
14810,10.27,10.31,0.09,0.39,0.11,107.62,3.99,1.91,279.81,33.98,59038.67,"99.55,33.13",2013-5-26,0.09,0.48750000000000004,10.31,2.75,56.35,14.67142857142857,56.35
14820,6.17,6.2,0.07,0.46,0.11,107.54,3.76,-0.22,279.22,29.65,59278.64,"101.18,33.19",2013-5-26,0.07,0.5750000000000001,6.2,2.75,56.28333333333334,8.814285714285715,56.28333333333334
14830,8.38,8.54,0.55,0.91,0.12,96.97,0.87,0.81,283.28,46.02,66567.53,"102.8,33.23",2013-5-26,0.55,1.1375,8.54,3.0,48.485,11.971428571428573,48.485
14840,18.83,19.6,2.64,1.34,0.16,86.07,-1.29,-0.88,291.76,38.56,78248.86,"104.43,33.25",2013-5-26,2.64,1.675,19.6,4.0,43.035,26.9,43.035
14850,44.25,46.11,17.6,3.8,0.28,97.5,0.2,-5.41,294.39,58.97,88459.37,"106.06,33.25",2013-5-26,17.6,4.75,46.11,7.000000000000001,48.75,61.5625,61.5625
14860,47.41,52.94,21.23,6.88,0.59,78.58,0.07,0.96,295.29,70.35,93251.3,"107.68,33.22",2013-5-26,21.23,8.6,51.47,14.75,39.29,65.51249999999999,65.51249999999999
14870,51.86,58.17,19.57,8.62,0.68,68.08,-4.09,-4.57,290.27,88.87,87399.03,"109.31,33.18",2013-5-26,19.57,10.774999999999999,54.085,17.0,34.04,71.075,71.075
14880,68.3,74.47,28.22,13.39,0.47,68.04,-0.46,-3.85,292.82,88.78,93924.67,"110.93,33.11",2013-5-26,28.22,16.7375,62.235,11.75,34.02,91.625,91.625
14890,61.7,65.4,34.09,25.17,0.43,58.01,-5.23,-8.02,295.39,83.24,98574.59,"112.55,33.03",2013-5-26,34.09,31.462500000000002,57.7,10.75,29.005,83.375,83.375
14900,43.34,45.8,19.91,23.02,0.35,53.61,-4.53,-5.91,294.56,89.92,99273.2,"114.17,32.92",2013-5-26,19.91,28.775,45.8,8.75,26.805,60.425000000000004,60.425000000000004
14910,56.18,46.84,16.71,22.98,0.46,45.98,-3.32,1.88,296.26,92.12,99666.93,"115.78,32.79",2013-5-26,16.71,28.725,46.84,11.5,22.99,76.475,76.475
14920,52.21,51.09,9.68,18.0,0.52,49.27,-6.99,7.95,296.27,85.24,99072.7,"117.39,32.64",2013-5-26,9.68,22.5,50.545,13.0,24.635,71.5125,71.5125
14930,58.91,88.16,17.82,32.58,0.77,40.43,-7.92,8.66,295.75,73.87,100085.88,"118.99,32.48",2013-5-26,17.82,40.724999999999994,69.08,19.25,20.215,79.88749999999999,79.88749999999999
14940,47.6,75.41,14.62,24.07,0.68,50.54,-7.48,8.54,295.16,72.9,100613.33,"120.59,32.29",2013-5-26,14.62,30.0875,62.705,17.0,25.27,65.75,65.75
14950,3.97,4.25,0.69,0.37,0.14,114.74,4.22,-0.18,276.39,46.61,58061.43,"80.74,31.03",2013-5-26,0.69,0.4625,4.25,3.5000000000000004,62.28333333333333,5.671428571428572,62.28333333333333
14960,1.74,1.88,0.32,0.18,0.13,118.78,7.72,1.25,274.75,28.31,53877.97,"82.29,31.32",2013-5-26,0.32,0.22499999999999998,1.88,3.25,65.65,2.4857142857142858,65.65
14970,3.48,3.59,0.29,0.14,0.13,112.44,6.15,-3.48,278.45,21.35,54869.21,"83.85,31.6",2013-5-26,0.29,0.17500000000000002,3.59,3.25,60.36666666666667,4.9714285714285715,60.36666666666667
14980,4.11,4.22,0.32,0.24,0.13,103.82,5.57,-3.25,278.56,23.34,55536.11,"85.42,31.86",2013-5-26,0.32,0.3,4.22,3.25,53.18333333333333,5.871428571428572,53.18333333333333
14990,6.89,6.98,0.27,0.17,0.13,102.54,5.96,-4.7,281.18,15.69,56959.6,"87.0,32.1",2013-5-26,0.27,0.21250000000000002,6.98,3.25,52.116666666666674,9.842857142857143,52.116666666666674
15000,15.61,15.69,0.23,0.17,0.13,104.35,6.5,-3.51,282.3,11.35,56615.39,"88.59,32.32",2013-5-26,0.23,0.21250000000000002,15.69,3.25,53.62499999999999,22.3,53.62499999999999
15010,10.77,10.83,0.15,0.18,0.12,102.95,2.02,-1.08,280.66,31.43,56445.15,"90.19,32.52",2013-5-26,0.15,0.22499999999999998,10.83,3.0,52.458333333333336,15.385714285714286,52.458333333333336
15020,9.13,9.18,0.11,0.42,0.11,100.17,2.87,2.45,277.56,43.72,55153.22,"91.79,32.7",2013-5-26,0.11,0.525,9.18,2.75,50.141666666666666,13.042857142857144,50.141666666666666
15030,14.35,14.4,0.1,0.17,0.11,105.56,7.07,3.9,280.35,32.44,56698.07,"93.39,32.86",2013-5-26,0.1,0.21250000000000002,14.4,2.75,54.63333333333333,20.5,54.63333333333333
15040,13.5,13.53,0.08,0.18,0.11,107.2,5.29,0.65,281.53,29.29,58342.9,"95.01,32.99",2013-5-26,0.08,0.22499999999999998,13.53,2.75,56.0,19.285714285714285,56.0
15050,6.69,6.73,0.1,0.31,0.11,101.95,4.91,2.43,280.12,33.91,58593.16,"96.62,33.11",2013-5-26,0.1,0.3875,6.73,2.75,51.625,9.557142857142859,51.625
15060,12.81,12.85,0.11,0.58,0.12,100.66,2.39,2.05,282.7,22.2,60786.29,"98.25,33.21",2013-5-26,0.11,0.725,12.85,3.0,50.55,18.3,50.55
15070,9.69,9.72,0.08,0.33,0.11,108.05,3.7,1.3,280.05,35.24,59475.09,"99.87,33.28",2013-5-26,0.08,0.41250000000000003,9.72,2.75,56.70833333333333,13.842857142857142,56.70833333333333
15080,6.16,6.19,0.08,0.61,0.11,107.27,3.98,0.48,283.35,25.75,63262.05,"101.5,33.34",2013-5-26,0.08,0.7625,6.19,2.75,56.05833333333333,8.8,56.05833333333333
15090,9.78,9.99,0.66,0.77,0.12,94.65,0.37,1.11,281.9,54.51,65899.36,"103.13,33.37",2013-5-26,0.66,0.9625,9.99,3.0,47.325,13.971428571428572,47.325
15100,24.51,25.7,4.32,1.89,0.19,85.13,-0.86,-1.76,290.68,45.75,79176.07,"104.76,33.39",2013-5-26,4.32,2.3625,25.7,4.75,42.565,35.01428571428572,42.565
15110,44.74,46.76,18.39,3.18,0.29,100.91,-2.06,-2.14,294.63,55.61,86903.01,"106.39,33.38",2013-5-26,18.39,3.975,46.76,7.249999999999999,50.75833333333333,62.175000000000004,62.175000000000004
15120,35.55,40.19,16.28,6.01,0.6,80.62,-2.11,-2.84,294.49,64.65,89749.53,"108.01,33.35",2013-5-26,16.28,7.512499999999999,40.19,15.0,40.31,50.6875,50.6875
15130,52.42,58.76,20.18,9.53,0.7,64.22,-2.59,-4.57,290.89,88.44,88905.55,"109.64,33.3",2013-5-26,20.18,11.9125,54.379999999999995,17.5,32.11,71.775,71.775
15140,71.67,74.77,31.29,17.01,0.45,70.74,-1.71,-3.2,293.95,85.23,95376.41,"111.27,33.23",2013-5-26,31.29,21.262500000000003,62.385,11.25,35.37,95.8375,95.8375
15150,55.63,52.37,26.8,21.99,0.55,61.96,-5.42,-8.53,294.94,85.26,98402.85,"112.89,33.14",2013-5-26,26.8,27.487499999999997,51.185,13.750000000000002,30.98,75.7875,75.7875
15160,41.43,40.39,19.34,23.56,0.44,51.92,-4.56,-5.72,294.57,90.46,99457.17,"114.51,33.03",2013-5-26,19.34,29.45,40.39,11.0,25.96,58.0375,58.0375
15170,59.05,50.61,15.21,23.53,0.54,44.72,-3.93,3.34,296.29,92.12,99599.58,"116.12,32.9",2013-5-26,15.21,29.4125,50.305,13.5,22.36,80.0625,80.0625
15180,52.37,57.12,10.37,20.34,0.55,47.72,-7.11,7.74,296.21,81.33,99523.73,"117.73,32.75",2013-5-26,10.37,25.425,53.56,13.750000000000002,23.86,71.7125,71.7125
15190,56.28,86.84,19.14,30.64,0.85,38.93,-7.98,9.2,295.43,73.11,100343.04,"119.34,32.57",2013-5-26,19.14,38.3,68.42,21.25,19.465,76.6,76.6
15200,41.06,62.47,11.17,17.02,0.48,60.55,-7.53,8.67,294.66,75.25,100686.73,"120.93,32.38",2013-5-26,11.17,21.275,56.235,12.0,30.275,57.575,57.575
15210,3.19,3.42,0.58,0.38,0.14,115.77,3.35,-0.6,275.88,38.81,57015.12,"80.86,31.19",2013-5-26,0.58,0.475,3.42,3.5000000000000004,63.141666666666666,4.557142857142857,63.141666666666666
15220,1.62,1.75,0.32,0.18,0.13,118.42,7.08,-0.33,276.67,24.95,55103.82,"82.41,31.49",2013-5-26,0.32,0.22499999999999998,1.75,3.25,65.35,2.3142857142857145,65.35
15230,7.0,7.1,0.32,0.15,0.13,109.92,6.62,-4.19,278.76,21.47,55452.47,"83.98,31.76",2013-5-26,0.32,0.1875,7.1,3.25,58.266666666666666,10.0,58.266666666666666
15240,5.65,5.76,0.32,0.26,0.13,103.77,6.12,-2.63,278.94,21.4,55990.3,"85.55,32.02",2013-5-26,0.32,0.325,5.76,3.25,53.141666666666666,8.071428571428573,53.141666666666666
15250,9.01,9.1,0.26,0.15,0.13,103.3,6.74,-4.26,277.63,18.01,53964.3,"87.13,32.26",2013-5-26,0.26,0.1875,9.1,3.25,52.75,12.871428571428572,52.75
15260,14.95,15.03,0.22,0.18,0.13,103.9,5.61,-3.72,282.47,11.8,57084.49,"88.72,32.48",2013-5-26,0.22,0.22499999999999998,15.03,3.25,53.25000000000001,21.357142857142858,53.25000000000001
15270,12.64,12.7,0.15,0.17,0.12,106.21,3.12,-1.31,278.88,35.71,55044.3,"90.32,32.67",2013-5-26,0.15,0.21250000000000002,12.7,3.0,55.175,18.057142857142857,55.175
15280,7.51,7.55,0.11,0.35,0.11,102.55,3.91,2.76,276.21,45.15,53920.96,"91.93,32.85",2013-5-26,0.11,0.4375,7.55,2.75,52.125,10.728571428571428,52.125
15290,17.88,17.92,0.1,0.18,0.11,103.81,5.61,1.24,280.37,31.98,56884.39,"93.54,33.01",2013-5-26,0.1,0.22499999999999998,17.92,2.75,53.175000000000004,25.54285714285714,53.175000000000004
15300,15.24,15.27,0.08,0.17,0.11,112.52,3.72,0.23,280.29,32.17,57722.81,"95.15,33.14",2013-5-26,0.08,0.21250000000000002,15.27,2.75,60.43333333333333,21.771428571428572,60.43333333333333
15310,8.46,8.5,0.1,0.31,0.11,101.22,6.53,3.12,280.91,29.72,58657.7,"96.77,33.26",2013-5-26,0.1,0.3875,8.5,2.75,51.016666666666666,12.085714285714287,51.016666666666666
15320,13.4,13.44,0.1,0.38,0.11,100.64,2.15,2.0,281.28,23.65,59678.71,"98.4,33.35",2013-5-26,0.1,0.475,13.44,2.75,50.53333333333333,19.142857142857142,50.53333333333333
15330,9.7,9.73,0.08,0.38,0.11,107.14,2.84,1.46,280.35,34.84,60049.35,"100.03,33.43",2013-5-26,0.08,0.475,9.73,2.75,55.95,13.857142857142856,55.95
15340,6.15,6.18,0.09,0.64,0.11,105.78,3.9,0.15,282.54,30.43,63449.47,"101.66,33.48",2013-5-26,0.09,0.8,6.18,2.75,54.81666666666667,8.785714285714286,54.81666666666667
15350,10.23,10.45,0.68,0.86,0.12,94.03,1.22,1.39,281.99,54.88,66095.18,"103.29,33.51",2013-5-26,0.68,1.075,10.45,3.0,47.015,14.614285714285716,47.015
15360,27.35,28.71,5.54,1.84,0.2,89.26,-1.5,-3.09,290.9,46.02,79974.99,"104.92,33.52",2013-5-26,5.54,2.3000000000000003,28.71,5.0,44.63,39.07142857142858,44.63
15370,48.12,49.98,18.19,2.78,0.29,102.17,-4.7,-5.22,288.64,73.62,80479.62,"106.55,33.51",2013-5-26,18.19,3.4749999999999996,49.98,7.249999999999999,51.80833333333334,66.4,66.4
15380,38.2,42.78,14.73,6.4,0.67,76.88,-2.92,-7.33,291.45,70.77,85562.2,"108.18,33.48",2013-5-26,14.73,8.0,42.78,16.75,38.44,54.0,54.0
15390,50.29,56.86,20.49,10.12,0.72,63.36,-2.51,-3.72,291.86,83.93,89968.66,"109.81,33.43",2013-5-26,20.49,12.649999999999999,53.43,18.0,31.68,69.1125,69.1125
15400,69.07,72.3,32.55,18.63,0.45,68.57,-2.16,-3.18,294.38,80.52,95342.09,"111.44,33.36",2013-5-26,32.55,23.287499999999998,61.15,11.25,34.285,92.58749999999999,92.58749999999999
15410,56.83,49.67,28.88,26.2,0.75,55.53,-5.23,-8.61,294.15,88.96,97878.07,"113.06,33.27",2013-5-26,28.88,32.75,49.67,18.75,27.765,77.2875,77.2875
15420,41.63,39.48,20.05,25.4,0.51,48.49,-4.6,-5.61,294.44,90.98,99477.12,"114.68,33.15",2013-5-26,20.05,31.75,39.48,12.75,24.245,58.2875,58.2875
15430,55.94,51.06,14.51,22.74,0.6,44.92,-4.26,4.04,296.32,91.22,99556.61,"116.3,33.02",2013-5-26,14.51,28.424999999999997,50.53,15.0,22.46,76.175,76.175
15440,52.89,61.71,11.94,23.32,0.6,44.96,-7.17,7.61,296.12,79.62,99657.43,"117.91,32.87",2013-5-26,11.94,29.15,55.855000000000004,15.0,22.48,72.3625,72.3625
15450,53.7,82.16,17.41,26.28,0.86,40.78,-7.66,8.96,295.39,72.54,100428.14,"119.52,32.69",2013-5-26,17.41,32.85,66.08,21.5,20.39,73.375,73.375
15460,34.77,50.66,9.85,11.98,0.31,68.69,-7.74,8.75,294.29,77.07,100779.8,"121.12,32.5",2013-5-26,9.85,14.975000000000001,50.33,7.75,34.345,49.67142857142858,50.33
15470,3.36,3.61,0.61,0.39,0.14,115.47,3.1,-0.28,275.06,43.5,56340.12,"80.67,31.29",2013-5-26,0.61,0.48750000000000004,3.61,3.5000000000000004,62.891666666666666,4.8,62.891666666666666
15480,1.7,1.83,0.34,0.17,0.13,119.67,8.41,-1.52,273.51,27.45,52623.99,"82.22,31.59",2013-5-26,0.34,0.21250000000000002,1.83,3.25,66.39166666666667,2.4285714285714284,66.39166666666667
15490,4.45,4.56,0.35,0.15,0.13,109.21,7.12,-2.87,278.76,23.39,55784.29,"83.79,31.87",2013-5-26,0.35,0.1875,4.56,3.25,57.675,6.357142857142858,57.675
15500,4.31,4.42,0.33,0.26,0.13,103.77,6.07,-2.73,279.93,19.62,56754.26,"85.36,32.13",2013-5-26,0.33,0.325,4.42,3.25,53.141666666666666,6.157142857142857,53.141666666666666
15510,6.19,6.28,0.27,0.16,0.13,102.39,5.61,-2.43,278.2,18.37,54772.37,"86.95,32.37",2013-5-26,0.27,0.2,6.28,3.25,51.99166666666667,8.842857142857143,51.99166666666667
15520,13.21,13.28,0.23,0.16,0.13,103.23,6.84,-3.68,280.68,13.17,55879.91,"88.54,32.59",2013-5-26,0.23,0.2,13.28,3.25,52.69166666666667,18.871428571428574,52.69166666666667
15530,12.23,12.29,0.18,0.17,0.12,110.21,4.07,-2.38,278.8,28.8,54859.37,"90.14,32.79",2013-5-26,0.18,0.21250000000000002,12.29,3.0,58.508333333333326,17.47142857142857,58.508333333333326
15540,8.73,8.77,0.11,0.35,0.11,99.89,3.95,2.42,276.72,43.43,54275.19,"91.75,32.97",2013-5-26,0.11,0.4375,8.77,2.75,49.945,12.471428571428572,49.945
15550,18.82,18.86,0.1,0.18,0.11,102.89,5.71,1.54,280.68,32.23,57011.38,"93.36,33.13",2013-5-26,0.1,0.22499999999999998,18.86,2.75,52.40833333333333,26.885714285714286,52.40833333333333
15560,18.88,18.91,0.08,0.16,0.11,112.05,4.97,0.19,279.29,34.44,57011.05,"94.98,33.27",2013-5-26,0.08,0.2,18.91,2.75,60.041666666666664,26.97142857142857,60.041666666666664
15570,8.71,8.75,0.09,0.3,0.11,101.12,5.97,3.28,280.75,30.43,58508.36,"96.6,33.38",2013-5-26,0.09,0.375,8.75,2.75,50.93333333333334,12.442857142857145,50.93333333333334
15580,13.85,13.89,0.1,0.37,0.12,99.49,2.04,2.57,281.52,23.31,59856.74,"98.23,33.48",2013-5-26,0.1,0.4625,13.89,3.0,49.745,19.785714285714285,49.745
15590,10.77,10.8,0.08,0.42,0.11,106.83,2.96,2.24,280.59,34.46,60186.32,"99.85,33.56",2013-5-26,0.08,0.525,10.8,2.75,55.69166666666666,15.385714285714286,55.69166666666666
15600,6.28,6.31,0.08,0.59,0.11,106.47,4.56,0.1,282.13,31.04,62878.53,"101.49,33.61",2013-5-26,0.08,0.7374999999999999,6.31,2.75,55.391666666666666,8.971428571428572,55.391666666666666
15610,10.19,10.39,0.67,0.99,0.13,95.17,1.31,0.17,282.15,53.04,65960.7,"103.12,33.65",2013-5-26,0.67,1.2375,10.39,3.25,47.585,14.557142857142857,47.585
15620,24.08,25.21,3.98,1.62,0.18,86.79,-0.22,-2.94,288.18,48.56,75906.68,"104.75,33.66",2013-5-26,3.98,2.0250000000000004,25.21,4.5,43.395,34.4,43.395
15630,47.61,49.73,17.28,2.95,0.28,96.27,-5.67,-4.17,289.11,73.15,81401.02,"106.39,33.65",2013-5-26,17.28,3.6875,49.73,7.000000000000001,48.135,65.7625,65.7625
15640,41.01,44.81,13.86,5.26,0.62,77.07,-2.19,-8.84,287.64,86.29,82497.1,"108.02,33.62",2013-5-26,13.86,6.574999999999999,44.81,15.5,38.535,57.512499999999996,57.512499999999996
15650,49.82,57.78,18.97,10.98,0.89,57.3,-2.58,-4.62,290.96,85.96,88598.37,"109.66,33.57",2013-5-26,18.97,13.725000000000001,53.89,22.25,28.65,68.525,68.525
15660,72.12,75.2,33.64,17.76,0.45,69.8,-2.67,-3.07,293.25,80.9,92986.59,"111.29,33.5",2013-5-26,33.64,22.200000000000003,62.6,11.25,34.9,96.4,96.4
15670,62.04,52.74,30.53,26.99,0.88,54.85,-4.94,-9.14,293.5,90.98,97069.09,"112.91,33.41",2013-5-26,30.53,33.7375,51.370000000000005,22.0,27.425,83.8,83.8
15680,41.22,37.06,19.9,24.65,0.59,50.4,-5.22,-6.3,294.23,90.35,99431.69,"114.54,33.3",2013-5-26,19.9,30.8125,37.06,14.75,25.2,57.775,57.775
15690,51.59,49.82,14.69,22.49,0.59,45.71,-4.07,3.19,296.07,91.78,99506.14,"116.16,33.17",2013-5-26,14.69,28.112499999999997,49.82,14.75,22.855,70.73750000000001,70.73750000000001
15700,50.31,57.93,11.65,22.07,0.6,45.0,-7.43,7.33,296.06,80.91,99738.02,"117.77,33.02",2013-5-26,11.65,27.5875,53.965,15.0,22.5,69.1375,69.1375
15710,55.12,84.12,16.1,27.01,0.85,39.48,-8.31,9.2,295.0,74.77,100392.57,"119.38,32.84",2013-5-26,16.1,33.7625,67.06,21.25,19.74,75.15,75.15
15720,7.07,7.45,0.84,1.84,0.15,97.02,1.02,1.5,273.41,56.87,57075.47,"79.08,31.1",2013-5-26,0.84,2.3000000000000003,7.45,3.75,48.51,10.100000000000001,48.51
15730,2.95,3.17,0.56,0.39,0.14,116.59,3.4,0.01,272.96,46.79,54462.57,"80.63,31.42",2013-5-26,0.56,0.48750000000000004,3.17,3.5000000000000004,63.825,4.214285714285714,63.825
15740,1.76,1.9,0.36,0.18,0.13,116.01,7.9,-0.87,274.02,30.19,53462.1,"82.19,31.72",2013-5-26,0.36,0.22499999999999998,1.9,3.25,63.34166666666667,2.5142857142857142,63.34166666666667
15750,3.49,3.62,0.39,0.17,0.13,109.72,7.47,-2.33,279.92,23.98,56921.22,"83.76,32.0",2013-5-26,0.39,0.21250000000000002,3.62,3.25,58.1,4.985714285714286,58.1
15760,4.74,4.85,0.34,0.22,0.13,103.14,6.67,-2.01,279.36,18.79,56170.08,"85.34,32.26",2013-5-26,0.34,0.275,4.85,3.25,52.61666666666667,6.771428571428572,52.61666666666667
15770,6.87,6.96,0.27,0.15,0.13,102.44,5.95,-2.22,278.63,17.62,55076.38,"86.92,32.5",2013-5-26,0.27,0.1875,6.96,3.25,52.03333333333333,9.814285714285715,52.03333333333333
15780,12.6,12.67,0.23,0.16,0.13,103.42,6.88,-3.51,279.98,14.44,55634.44,"88.52,32.72",2013-5-26,0.23,0.2,12.67,3.25,52.85,18.0,52.85
15790,10.28,10.34,0.19,0.16,0.13,110.89,4.26,-2.57,278.58,27.62,54750.34,"90.12,32.92",2013-5-26,0.19,0.2,10.34,3.25,59.075,14.685714285714285,59.075
15800,5.29,5.33,0.11,0.3,0.11,98.7,4.99,1.94,277.55,41.21,54969.94,"91.73,33.1",2013-5-26,0.11,0.375,5.33,2.75,49.35,7.557142857142857,49.35
15810,23.12,23.16,0.1,0.18,0.11,103.06,5.66,1.71,281.06,30.5,57199.1,"93.34,33.26",2013-5-26,0.1,0.22499999999999998,23.16,2.75,52.550000000000004,33.02857142857143,52.550000000000004
15820,21.25,21.28,0.08,0.15,0.11,112.21,5.79,1.05,277.15,38.37,55417.38,"94.96,33.4",2013-5-26,0.08,0.1875,21.28,2.75,60.175,30.357142857142858,60.175
15830,9.43,9.47,0.09,0.27,0.11,101.79,5.73,2.75,280.95,28.59,58311.69,"96.59,33.52",2013-5-26,0.09,0.3375,9.47,2.75,51.491666666666674,13.471428571428572,51.491666666666674
15840,14.3,14.34,0.1,0.32,0.12,98.98,2.36,2.82,281.81,22.87,60190.75,"98.21,33.62",2013-5-26,0.1,0.4,14.34,3.0,49.49,20.42857142857143,49.49
15850,10.77,10.8,0.08,0.47,0.11,106.44,2.81,1.46,281.22,33.67,60947.7,"99.85,33.69",2013-5-26,0.08,0.5874999999999999,10.8,2.75,55.36666666666667,15.385714285714286,55.36666666666667
15860,6.34,6.38,0.08,0.57,0.11,105.77,4.3,-0.04,282.23,29.47,62812.32,"101.48,33.75",2013-5-26,0.08,0.7124999999999999,6.38,2.75,54.80833333333333,9.057142857142857,54.80833333333333
15870,10.31,10.52,0.66,0.96,0.13,96.8,1.31,0.4,282.03,50.75,65318.89,"103.12,33.78",2013-5-26,0.66,1.2,10.52,3.25,48.4,14.72857142857143,48.4
15880,24.81,26.02,4.26,1.64,0.19,87.51,-0.64,-1.31,288.89,47.21,77200.78,"104.75,33.8",2013-5-26,4.26,2.05,26.02,4.75,43.755,35.44285714285714,43.755
15890,46.93,49.03,18.4,3.57,0.28,98.74,-4.76,-2.17,291.65,67.07,85337.92,"106.39,33.79",2013-5-26,18.4,4.4624999999999995,49.03,7.000000000000001,49.37,64.9125,64.9125
15900,43.29,46.37,13.03,5.63,0.65,73.25,-1.47,-6.64,286.4,93.82,81954.88,"108.03,33.76",2013-5-26,13.03,7.0375,46.37,16.25,36.625,60.3625,60.3625
15910,50.73,59.71,18.51,11.8,1.01,53.65,-2.21,-4.56,289.65,91.07,87126.27,"109.66,33.71",2013-5-26,18.51,14.75,54.855000000000004,25.25,26.825,69.6625,69.6625
15920,77.35,80.56,34.5,18.12,0.45,68.79,-4.21,-5.01,291.56,82.07,89584.06,"111.3,33.64",2013-5-26,34.5,22.650000000000002,65.28,11.25,34.395,102.9375,102.9375
15930,62.93,49.29,30.69,29.23,1.16,52.09,-4.54,-8.24,293.74,90.39,97632.39,"112.93,33.55",2013-5-26,30.69,36.5375,49.29,28.999999999999996,26.045,84.9125,84.9125
15940,40.68,34.47,19.89,24.86,0.71,50.07,-5.68,-6.55,294.17,89.9,99469.87,"114.55,33.44",2013-5-26,19.89,31.075,34.47,17.75,25.035,57.1,57.1
15950,48.35,49.77,14.52,21.91,0.62,46.36,-4.23,2.99,296.0,91.84,99581.39,"116.17,33.31",2013-5-26,14.52,27.3875,49.77,15.5,23.18,66.6875,66.6875
15960,48.22,57.76,12.07,22.01,0.62,44.74,-7.61,7.08,295.85,81.6,99883.45,"117.79,33.15",2013-5-26,12.07,27.512500000000003,53.879999999999995,15.5,22.37,66.525,66.525
15970,53.17,78.8,16.16,23.76,0.81,40.96,-7.74,8.85,295.24,73.4,100363.99,"119.4,32.98",2013-5-26,16.16,29.700000000000003,64.4,20.25,20.48,72.7125,72.7125
15980,7.13,7.53,0.93,2.23,0.16,105.72,0.91,1.98,272.15,64.07,56442.68,"79.05,31.24",2013-5-26,0.93,2.7875,7.53,4.0,54.766666666666666,10.185714285714285,54.766666666666666
15990,2.65,2.86,0.57,0.27,0.14,120.42,3.59,0.41,272.94,45.48,54537.66,"80.6,31.56",2013-5-26,0.57,0.3375,2.86,3.5000000000000004,67.01666666666667,3.7857142857142856,67.01666666666667
16000,1.84,1.99,0.41,0.19,0.13,109.42,6.67,0.44,276.77,28.44,55835.31,"82.16,31.86",2013-5-26,0.41,0.2375,1.99,3.25,57.85,2.6285714285714286,57.85
16010,5.0,5.15,0.43,0.19,0.13,110.97,6.87,-1.99,280.9,26.1,57514.71,"83.73,32.14",2013-5-26,0.43,0.2375,5.15,3.25,59.141666666666666,7.142857142857143,59.141666666666666
16020,5.49,5.6,0.34,0.18,0.13,103.34,6.63,-2.23,278.62,19.73,55390.02,"85.31,32.4",2013-5-26,0.34,0.22499999999999998,5.6,3.25,52.78333333333334,7.842857142857143,52.78333333333334
16030,6.96,7.04,0.27,0.15,0.13,102.26,6.64,-2.1,278.87,16.94,55226.48,"86.89,32.64",2013-5-26,0.27,0.1875,7.04,3.25,51.88333333333334,9.942857142857143,51.88333333333334
16040,15.56,15.64,0.23,0.17,0.13,105.09,6.45,-2.44,279.68,15.97,55652.12,"88.49,32.86",2013-5-26,0.23,0.21250000000000002,15.64,3.25,54.24166666666667,22.22857142857143,54.24166666666667
16050,7.86,7.93,0.21,0.17,0.13,111.3,4.33,-2.6,278.8,26.0,55073.62,"90.09,33.06",2013-5-26,0.21,0.21250000000000002,7.93,3.25,59.416666666666664,11.22857142857143,59.416666666666664
16060,5.44,5.48,0.12,0.24,0.12,99.67,6.21,1.0,277.28,40.91,54644.18,"91.71,33.24",2013-5-26,0.12,0.3,5.48,3.0,49.835,7.771428571428572,49.835
16070,27.2,27.24,0.1,0.19,0.12,102.29,5.9,1.55,281.49,29.16,57586.22,"93.32,33.4",2013-5-26,0.1,0.2375,27.24,3.0,51.90833333333334,38.857142857142854,51.90833333333334
16080,22.85,22.88,0.08,0.14,0.11,110.59,7.26,2.64,275.33,41.67,53919.12,"94.95,33.54",2013-5-26,0.08,0.17500000000000002,22.88,2.75,58.825,32.642857142857146,58.825
16090,9.81,9.85,0.09,0.24,0.11,101.74,5.8,2.49,280.43,28.62,57764.37,"96.57,33.65",2013-5-26,0.09,0.3,9.85,2.75,51.449999999999996,14.014285714285716,51.449999999999996
16100,14.13,14.17,0.1,0.28,0.12,99.15,2.21,1.95,282.06,22.7,60737.64,"98.2,33.75",2013-5-26,0.1,0.35000000000000003,14.17,3.0,49.575,20.185714285714287,49.575
16110,10.3,10.35,0.1,0.61,0.11,103.11,2.55,0.48,281.0,36.1,61375.77,"99.84,33.83",2013-5-26,0.1,0.7625,10.35,2.75,52.59166666666667,14.714285714285715,52.59166666666667
16120,6.51,6.54,0.08,0.49,0.11,106.52,3.86,0.0,281.77,28.05,62187.71,"101.48,33.88",2013-5-26,0.08,0.6125,6.54,2.75,55.43333333333333,9.3,55.43333333333333
16130,10.05,10.24,0.6,0.94,0.12,96.01,1.13,1.37,283.46,47.62,66706.16,"103.11,33.92",2013-5-26,0.6,1.1749999999999998,10.24,3.0,48.005,14.357142857142858,48.005
16140,24.5,25.73,4.38,1.66,0.19,89.51,-1.55,-0.8,289.81,43.28,77750.54,"104.75,33.93",2013-5-26,4.38,2.0749999999999997,25.73,4.75,44.755,35.0,44.755
16150,45.59,48.04,17.9,3.56,0.28,99.63,-4.71,-3.03,293.28,61.92,87450.73,"106.39,33.92",2013-5-26,17.9,4.45,48.04,7.000000000000001,49.815,63.237500000000004,63.237500000000004
16160,43.26,44.93,12.79,6.28,0.68,70.95,-0.74,-4.5,287.27,93.47,83806.77,"108.03,33.9",2013-5-26,12.79,7.8500000000000005,44.93,17.0,35.475,60.324999999999996,60.324999999999996
16170,49.62,59.81,17.28,13.66,1.14,45.99,-1.7,-3.73,289.55,91.32,87181.97,"109.67,33.85",2013-5-26,17.28,17.075,54.905,28.499999999999996,22.995,68.275,68.275
16180,87.19,90.97,36.55,20.12,0.47,64.23,-5.83,-6.51,288.44,92.49,85439.48,"111.31,33.78",2013-5-26,36.55,25.150000000000002,70.485,11.75,32.115,115.2375,115.2375
16190,63.44,47.56,30.08,30.68,1.35,51.54,-4.55,-7.46,294.44,87.34,98599.95,"112.94,33.69",2013-5-26,30.08,38.35,47.56,33.75,25.77,85.55,85.55
16200,40.87,33.51,19.51,25.16,0.8,50.2,-6.1,-6.72,294.1,89.51,99531.24,"114.57,33.57",2013-5-26,19.51,31.45,33.51,20.0,25.1,57.3375,57.3375
16210,44.86,50.63,14.82,21.9,0.67,46.73,-4.55,2.46,295.89,92.07,99692.07,"116.19,33.44",2013-5-26,14.82,27.375,50.315,16.75,23.365,62.325,62.325
16220,45.95,57.99,12.2,22.01,0.64,44.12,-7.75,7.0,295.54,82.87,99897.24,"117.81,33.29",2013-5-26,12.2,27.512500000000003,53.995000000000005,16.0,22.06,63.6875,63.6875
16230,52.32,76.49,15.46,21.3,0.78,41.69,-7.56,8.5,295.31,73.05,100365.04,"119.42,33.11",2013-5-26,15.46,26.625,63.245,19.5,20.845,71.65,71.65
16240,9.56,10.12,1.46,2.24,0.18,110.39,4.31,1.8,270.37,70.95,54309.07,"78.85,31.34",2013-5-26,1.46,2.8000000000000003,10.12,4.5,58.65833333333333,13.657142857142858,58.65833333333333
16250,3.04,3.29,0.69,0.42,0.14,118.11,3.13,0.13,275.44,41.29,56935.66,"80.4,31.66",2013-5-26,0.69,0.525,3.29,3.5000000000000004,65.09166666666667,4.342857142857143,65.09166666666667
16260,2.09,2.27,0.51,0.22,0.14,107.35,6.72,0.51,278.91,26.43,57592.3,"81.97,31.96",2013-5-26,0.51,0.275,2.27,3.5000000000000004,56.12499999999999,2.9857142857142858,56.12499999999999
16270,10.39,10.53,0.45,0.2,0.14,108.97,7.22,-3.54,279.9,23.25,57008.04,"83.54,32.24",2013-5-26,0.45,0.25,10.53,3.5000000000000004,57.475,14.842857142857143,57.475
16280,10.76,10.87,0.35,0.17,0.13,104.31,7.09,-3.13,277.04,21.68,54339.09,"85.12,32.51",2013-5-26,0.35,0.21250000000000002,10.87,3.25,53.59166666666667,15.371428571428572,53.59166666666667
16290,7.4,7.49,0.28,0.16,0.13,102.37,6.42,-2.03,280.37,15.75,56420.88,"86.71,32.75",2013-5-26,0.28,0.2,7.49,3.25,51.975,10.571428571428573,51.975
16300,10.3,10.38,0.24,0.17,0.13,105.73,5.4,-1.65,279.91,16.76,56009.3,"88.31,32.97",2013-5-26,0.24,0.21250000000000002,10.38,3.25,54.775000000000006,14.714285714285715,54.775000000000006
16310,6.23,6.31,0.23,0.15,0.13,116.13,4.79,-3.36,279.52,23.69,55801.51,"89.91,33.17",2013-5-26,0.23,0.1875,6.31,3.25,63.44166666666666,8.9,63.44166666666666
16320,6.08,6.13,0.14,0.16,0.12,104.7,7.38,0.34,275.48,40.29,52811.7,"91.52,33.36",2013-5-26,0.14,0.2,6.13,3.0,53.91666666666667,8.685714285714287,53.91666666666667
16330,30.13,30.16,0.11,0.2,0.12,101.88,6.59,0.34,280.84,28.84,56916.71,"93.14,33.52",2013-5-26,0.11,0.25,30.16,3.0,51.56666666666666,43.042857142857144,51.56666666666666
16340,23.4,23.42,0.08,0.14,0.11,113.45,5.82,3.67,276.81,37.92,54909.33,"94.77,33.66",2013-5-26,0.08,0.17500000000000002,23.42,2.75,61.208333333333336,33.42857142857143,61.208333333333336
16350,10.67,10.71,0.09,0.23,0.11,102.41,4.99,2.99,280.76,29.84,58492.2,"96.4,33.78",2013-5-26,0.09,0.28750000000000003,10.71,2.75,52.00833333333333,15.242857142857144,52.00833333333333
16360,13.29,13.33,0.1,0.24,0.12,101.91,2.16,0.94,281.07,23.73,59740.8,"98.03,33.88",2013-5-26,0.1,0.3,13.33,3.0,51.59166666666666,18.985714285714284,51.59166666666666
16370,11.5,11.55,0.11,0.62,0.12,104.73,2.63,0.16,281.03,33.54,61160.21,"99.67,33.96",2013-5-26,0.11,0.775,11.55,3.0,53.94166666666667,16.42857142857143,53.94166666666667
16380,6.86,6.89,0.08,0.46,0.11,106.49,3.41,1.16,280.67,28.75,60957.68,"101.31,34.01",2013-5-26,0.08,0.5750000000000001,6.89,2.75,55.40833333333333,9.8,55.40833333333333
16390,9.72,9.9,0.56,1.19,0.12,95.31,1.08,0.62,283.72,45.9,66713.28,"102.95,34.05",2013-5-26,0.56,1.4874999999999998,9.9,3.0,47.655,13.885714285714286,47.655
16400,20.79,21.76,3.37,1.59,0.17,90.59,-0.72,-1.82,289.3,38.96,75467.98,"104.59,34.07",2013-5-26,3.37,1.9875,21.76,4.25,45.295,29.7,45.295
16410,44.29,46.45,16.67,2.87,0.27,101.82,-3.68,-3.58,291.82,65.24,84844.46,"106.23,34.06",2013-5-26,16.67,3.5875000000000004,46.45,6.75,51.51666666666666,61.6125,61.6125
16420,39.19,40.82,12.91,6.39,0.62,71.43,-0.59,-2.72,287.0,92.67,82719.49,"107.87,34.04",2013-5-26,12.91,7.9875,40.82,15.5,35.715,55.2375,55.2375
16430,48.76,59.53,15.03,17.49,1.29,39.54,-0.62,-3.02,287.92,97.82,84700.27,"109.51,33.99",2013-5-26,15.03,21.862499999999997,54.765,32.25,19.77,67.19999999999999,67.19999999999999
16440,78.86,88.63,37.19,21.33,0.52,59.57,-4.27,-5.4,289.53,92.26,87980.14,"111.15,33.92",2013-5-26,37.19,26.662499999999998,69.315,13.0,29.785,104.825,104.825
16450,69.5,51.6,29.57,30.74,1.48,52.03,-4.25,-6.63,294.0,87.94,97769.95,"112.79,33.83",2013-5-26,29.57,38.425,50.8,37.0,26.015,93.125,93.125
16460,41.65,32.52,17.9,23.28,0.95,52.84,-6.41,-7.04,294.09,89.12,99521.19,"114.42,33.72",2013-5-26,17.9,29.1,32.52,23.75,26.42,58.3125,58.3125
16470,44.5,54.11,17.24,25.93,0.74,42.78,-4.58,-1.01,295.05,93.72,99678.36,"116.05,33.59",2013-5-26,17.24,32.4125,52.055,18.5,21.39,61.875,61.875
16480,42.96,56.42,11.87,21.13,0.67,44.51,-7.79,6.84,295.31,84.91,99762.08,"117.67,33.44",2013-5-26,11.87,26.412499999999998,53.21,16.75,22.255,59.95,59.95
16490,52.32,75.74,14.46,20.21,0.73,41.59,-7.92,8.64,295.33,73.47,100330.73,"119.28,33.27",2013-5-26,14.46,25.262500000000003,62.87,18.25,20.795,71.65,71.65
16500,9.78,10.33,1.54,2.19,0.18,110.6,6.44,3.0,271.13,68.19,55052.01,"78.81,31.47",2013-5-26,1.54,2.7375,10.33,4.5,58.83333333333333,13.971428571428572,58.83333333333333
16510,3.33,3.6,0.76,0.38,0.15,119.51,3.42,0.79,274.34,43.63,56253.86,"80.37,31.79",2013-5-26,0.76,0.475,3.6,3.75,66.25833333333334,4.757142857142857,66.25833333333334
16520,6.91,7.11,0.58,0.29,0.14,107.58,7.12,0.07,278.54,27.91,57389.01,"81.93,32.09",2013-5-26,0.58,0.3625,7.11,3.5000000000000004,56.31666666666666,9.871428571428572,56.31666666666666
16530,8.14,8.28,0.47,0.24,0.14,107.34,8.11,-3.76,279.65,25.49,57234.7,"83.5,32.38",2013-5-26,0.47,0.3,8.28,3.5000000000000004,56.11666666666667,11.62857142857143,56.11666666666667
16540,7.8,7.9,0.35,0.17,0.13,103.57,7.83,-2.56,276.97,21.65,54425.02,"85.09,32.64",2013-5-26,0.35,0.21250000000000002,7.9,3.25,52.974999999999994,11.142857142857142,52.974999999999994
16550,7.69,7.78,0.28,0.16,0.13,104.44,7.07,-2.44,281.93,13.86,57589.14,"86.68,32.88",2013-5-26,0.28,0.2,7.78,3.25,53.699999999999996,10.985714285714286,53.699999999999996
16560,6.39,6.47,0.24,0.17,0.13,110.5,5.28,-2.03,279.72,18.61,56004.11,"88.28,33.11",2013-5-26,0.24,0.21250000000000002,6.47,3.25,58.75,9.128571428571428,58.75
16570,5.81,5.89,0.25,0.12,0.13,119.09,5.57,-3.97,280.44,28.84,55634.3,"89.89,33.31",2013-5-26,0.25,0.15,5.89,3.25,65.90833333333333,8.299999999999999,65.90833333333333
16580,13.27,13.32,0.15,0.16,0.12,103.19,7.33,-0.23,277.18,33.03,53768.48,"91.5,33.49",2013-5-26,0.15,0.2,13.32,3.0,52.65833333333333,18.957142857142856,52.65833333333333
16590,33.9,33.94,0.11,0.21,0.12,102.17,7.23,0.42,279.24,30.09,55616.98,"93.12,33.65",2013-5-26,0.11,0.2625,33.94,3.0,51.80833333333334,48.42857142857143,51.80833333333334
16600,23.99,24.02,0.08,0.14,0.11,113.2,6.47,4.04,278.02,36.24,55869.92,"94.75,33.79",2013-5-26,0.08,0.17500000000000002,24.02,2.75,61.0,34.27142857142857,61.0
16610,10.33,10.37,0.09,0.26,0.11,102.29,5.38,2.69,281.02,28.87,58696.91,"96.38,33.91",2013-5-26,0.09,0.325,10.37,2.75,51.90833333333334,14.757142857142858,51.90833333333334
16620,12.47,12.51,0.1,0.24,0.12,102.22,2.37,0.98,279.71,25.0,58528.02,"98.02,34.01",2013-5-26,0.1,0.3,12.51,3.0,51.85,17.814285714285717,51.85
16630,12.05,12.08,0.09,0.44,0.11,107.27,3.15,-0.47,280.46,28.24,60008.61,"99.66,34.09",2013-5-26,0.09,0.55,12.08,2.75,56.05833333333333,17.214285714285715,56.05833333333333
16640,6.91,6.95,0.08,0.47,0.11,106.18,2.69,1.24,282.97,24.63,62723.17,"101.3,34.15",2013-5-26,0.08,0.5874999999999999,6.95,2.75,55.150000000000006,9.871428571428572,55.150000000000006
16650,9.88,10.07,0.58,1.16,0.12,94.65,0.92,0.56,283.56,44.44,66491.2,"102.94,34.19",2013-5-26,0.58,1.45,10.07,3.0,47.325,14.114285714285716,47.325
16660,20.36,21.29,3.22,1.56,0.17,92.08,-0.52,-2.65,286.21,40.38,71571.3,"104.59,34.2",2013-5-26,3.22,1.9500000000000002,21.29,4.25,46.04,29.085714285714285,46.04
16670,45.84,47.94,16.69,2.89,0.27,102.39,-3.95,-3.98,289.57,73.24,82582.97,"106.23,34.2",2013-5-26,16.69,3.6125000000000003,47.94,6.75,51.99166666666667,63.550000000000004,63.550000000000004
16680,42.83,41.78,13.11,9.58,0.79,62.17,-0.31,0.13,291.77,83.24,91360.77,"107.88,34.17",2013-5-26,13.11,11.975,41.78,19.75,31.085,59.787499999999994,59.787499999999994
16690,44.71,55.54,14.59,18.07,1.34,39.2,-1.34,-3.33,288.24,96.22,84858.84,"109.52,34.12",2013-5-26,14.59,22.5875,52.769999999999996,33.5,19.6,62.1375,62.1375
16700,81.46,92.62,38.26,23.12,0.53,56.79,-4.61,-5.57,289.88,95.11,89877.07,"111.16,34.06",2013-5-26,38.26,28.900000000000002,71.31,13.25,28.395,108.07499999999999,108.07499999999999
16710,72.41,52.3,28.98,32.2,1.62,51.05,-4.34,-5.89,293.5,89.16,97037.07,"112.8,33.97",2013-5-26,28.98,40.25,51.15,40.5,25.525,96.76249999999999,96.76249999999999
16720,42.72,32.47,17.36,23.09,1.03,53.11,-6.61,-7.17,293.98,89.43,99495.81,"114.43,33.86",2013-5-26,17.36,28.8625,32.47,25.75,26.555,59.65,59.65
16730,45.07,57.6,19.01,27.92,0.85,40.37,-5.2,-2.8,294.5,94.58,99594.59,"116.06,33.73",2013-5-26,19.01,34.900000000000006,53.8,21.25,20.185,62.5875,62.5875
16740,41.84,58.19,11.15,20.81,0.72,43.94,-7.63,6.42,295.12,85.35,99744.19,"117.69,33.57",2013-5-26,11.15,26.0125,54.095,18.0,21.97,58.550000000000004,58.550000000000004
16750,51.82,74.64,13.7,18.9,0.72,41.08,-7.83,8.35,295.21,74.19,100306.91,"119.31,33.4",2013-5-26,13.7,23.625,62.32,18.0,20.54,71.025,71.025
16760,7.42,7.9,1.38,1.26,0.17,110.88,4.21,0.11,278.63,47.32,61571.03,"79.09,31.67",2013-5-26,1.38,1.575,7.9,4.25,59.06666666666666,10.6,59.06666666666666
16770,2.99,3.23,0.73,0.27,0.14,113.17,9.81,1.38,273.09,35.17,53925.46,"80.64,31.98",2013-5-26,0.73,0.3375,3.23,3.5000000000000004,60.975,4.271428571428572,60.975
16780,5.83,6.08,0.55,0.23,0.14,118.86,8.57,-0.07,279.15,33.95,57149.91,"82.21,32.28",2013-5-26,0.55,0.28750000000000003,6.08,3.5000000000000004,65.71666666666667,8.32857142857143,65.71666666666667
16790,7.99,8.13,0.45,0.21,0.14,105.23,7.99,-2.63,279.93,22.21,57348.78,"83.79,32.56",2013-5-26,0.45,0.2625,8.13,3.5000000000000004,54.358333333333334,11.414285714285715,54.358333333333334
16800,11.21,11.3,0.32,0.17,0.13,102.63,7.27,-2.59,279.23,18.93,56113.77,"85.38,32.82",2013-5-26,0.32,0.21250000000000002,11.3,3.25,52.19166666666666,16.014285714285716,52.19166666666666
16810,9.03,9.11,0.26,0.16,0.13,104.5,7.23,-1.83,279.74,15.66,55774.85,"86.97,33.06",2013-5-26,0.26,0.2,9.11,3.25,53.75,12.899999999999999,53.75
16820,6.77,6.85,0.24,0.17,0.13,114.43,5.44,-0.73,276.92,24.01,53947.09,"88.58,33.28",2013-5-26,0.24,0.21250000000000002,6.85,3.25,62.025000000000006,9.67142857142857,62.025000000000006
16830,5.51,5.59,0.21,0.16,0.13,108.19,4.74,-2.47,278.38,25.0,55264.81,"90.19,33.48",2013-5-26,0.21,0.2,5.59,3.25,56.824999999999996,7.871428571428571,56.824999999999996
16840,21.5,21.55,0.16,0.19,0.12,101.07,7.94,-0.43,280.41,25.92,56454.36,"91.81,33.66",2013-5-26,0.16,0.2375,21.55,3.0,50.89166666666666,30.714285714285715,50.89166666666666
16850,38.27,38.3,0.1,0.19,0.12,102.99,7.58,1.63,281.55,26.04,57314.94,"93.43,33.82",2013-5-26,0.1,0.2375,38.3,3.0,52.49166666666666,54.087500000000006,54.087500000000006
16860,15.17,15.2,0.08,0.18,0.11,111.47,6.03,3.05,278.01,38.61,56287.69,"95.06,33.96",2013-5-26,0.08,0.22499999999999998,15.2,2.75,59.55833333333334,21.67142857142857,59.55833333333334
16870,7.88,7.92,0.09,0.25,0.11,103.48,3.47,1.5,280.77,27.54,58684.7,"96.7,34.07",2013-5-26,0.09,0.3125,7.92,2.75,52.900000000000006,11.257142857142858,52.900000000000006
16880,12.65,12.69,0.09,0.27,0.12,101.31,2.15,1.64,280.5,24.13,59625.48,"98.34,34.17",2013-5-26,0.09,0.3375,12.69,3.0,51.09166666666667,18.071428571428573,51.09166666666667
16890,11.84,11.88,0.09,0.51,0.11,106.51,4.26,0.73,279.54,27.97,59045.58,"99.98,34.24",2013-5-26,0.09,0.6375,11.88,2.75,55.425000000000004,16.914285714285715,55.425000000000004
16900,7.05,7.09,0.1,0.64,0.11,106.18,2.4,0.17,283.06,29.94,64300.63,"101.62,34.3",2013-5-26,0.1,0.8,7.09,2.75,55.150000000000006,10.071428571428571,55.150000000000006
16910,12.01,12.46,0.9,0.79,0.13,95.35,-0.1,0.94,283.27,41.77,66073.1,"103.27,34.33",2013-5-26,0.9,0.9875,12.46,3.25,47.675,17.15714285714286,47.675
16920,23.2,25.25,4.24,1.82,0.18,92.7,-0.23,0.03,290.48,37.74,78045.62,"104.92,34.34",2013-5-26,4.24,2.275,25.25,4.5,46.35,33.142857142857146,46.35
16930,55.76,59.15,23.6,6.58,0.31,93.08,-2.94,-1.35,289.07,82.94,84687.1,"106.56,34.33",2013-5-26,23.6,8.225,54.575,7.75,46.54,75.94999999999999,75.94999999999999
16940,44.35,41.58,13.57,16.02,0.91,60.76,0.45,0.3,293.72,82.73,95369.92,"108.21,34.3",2013-5-26,13.57,20.025,41.58,22.75,30.38,61.6875,61.6875
16950,47.06,59.39,17.22,15.59,1.24,43.4,-2.65,-3.61,287.08,94.74,82441.4,"109.86,34.25",2013-5-26,17.22,19.4875,54.695,31.0,21.7,65.075,65.075
16960,98.27,104.44,45.36,29.34,0.52,55.2,-4.06,-4.1,289.39,98.55,89423.27,"111.5,34.18",2013-5-26,45.36,36.675,77.22,13.0,27.6,129.0875,129.0875
16970,69.31,47.16,23.55,33.42,1.69,49.68,-5.68,-7.42,293.65,88.63,97694.21,"113.14,34.08",2013-5-26,23.55,41.775000000000006,47.16,42.25,24.84,92.8875,92.8875
16980,43.78,33.83,19.19,25.18,1.0,49.66,-6.85,-7.07,293.61,90.9,99419.56,"114.77,33.97",2013-5-26,19.19,31.475,33.83,25.0,24.83,60.975,60.975
16990,48.3,65.77,19.68,29.53,1.03,38.75,-6.03,0.22,295.12,93.93,99665.86,"116.41,33.83",2013-5-26,19.68,36.9125,57.885,25.75,19.375,66.625,66.625
17000,43.39,62.37,10.14,20.42,0.72,41.52,-7.82,6.64,295.07,82.32,99975.72,"118.03,33.68",2013-5-26,10.14,25.525000000000002,56.185,18.0,20.76,60.4875,60.4875
17010,48.78,68.88,14.63,16.86,0.65,43.27,-7.94,8.19,295.01,73.4,100309.87,"119.65,33.5",2013-5-26,14.63,21.075,59.44,16.25,21.635,67.225,67.225
17020,6.16,6.63,1.38,0.5,0.17,113.53,3.43,1.34,277.68,52.01,61099.65,"79.36,31.86",2013-5-26,1.38,0.625,6.63,4.25,61.275000000000006,8.8,61.275000000000006
17030,4.06,4.32,0.76,0.28,0.15,108.28,6.47,-0.42,277.78,29.87,57717.07,"80.92,32.18",2013-5-26,0.76,0.35000000000000003,4.32,3.75,56.9,5.8,56.9
17040,13.54,13.72,0.55,0.27,0.14,107.0,8.31,-0.31,278.94,25.98,57165.22,"82.49,32.47",2013-5-26,0.55,0.3375,13.72,3.5000000000000004,55.833333333333336,19.34285714285714,55.833333333333336
17050,9.26,9.38,0.4,0.2,0.14,103.9,6.61,-2.46,280.7,20.55,57893.29,"84.07,32.75",2013-5-26,0.4,0.25,9.38,3.5000000000000004,53.25000000000001,13.228571428571428,53.25000000000001
17060,7.43,7.52,0.3,0.16,0.13,103.09,7.2,-2.42,278.7,18.72,55753.03,"85.66,33.01",2013-5-26,0.3,0.2,7.52,3.25,52.575,10.614285714285714,52.575
17070,10.17,10.25,0.25,0.17,0.13,103.53,7.13,-2.25,278.87,18.12,55122.61,"87.26,33.24",2013-5-26,0.25,0.21250000000000002,10.25,3.25,52.94166666666667,14.528571428571428,52.94166666666667
17080,6.65,6.73,0.23,0.16,0.13,113.87,4.22,-3.16,277.64,28.86,54870.43,"88.87,33.46",2013-5-26,0.23,0.2,6.73,3.25,61.55833333333334,9.5,61.55833333333334
17090,6.55,6.62,0.19,0.16,0.12,106.03,5.69,-1.78,277.65,31.05,54477.77,"90.49,33.65",2013-5-26,0.19,0.2,6.62,3.0,55.025,9.357142857142858,55.025
17100,22.47,22.53,0.15,0.24,0.12,100.0,8.31,-0.11,281.95,22.74,57774.15,"92.11,33.83",2013-5-26,0.15,0.3,22.53,3.0,50.0,32.1,50.0
17110,31.73,31.77,0.1,0.19,0.12,101.91,4.47,1.55,282.17,26.86,58423.89,"93.74,33.98",2013-5-26,0.1,0.2375,31.77,3.0,51.59166666666666,45.32857142857143,51.59166666666666
17120,9.9,9.93,0.08,0.23,0.11,110.68,5.35,2.44,277.83,39.53,56371.04,"95.37,34.12",2013-5-26,0.08,0.28750000000000003,9.93,2.75,58.900000000000006,14.142857142857144,58.900000000000006
17130,8.03,8.08,0.11,0.26,0.12,103.88,2.9,1.78,280.04,25.43,58308.96,"97.01,34.23",2013-5-26,0.11,0.325,8.08,3.0,53.23333333333333,11.471428571428572,53.23333333333333
17140,12.99,13.02,0.08,0.29,0.11,95.53,1.98,2.36,281.63,28.46,60754.32,"98.66,34.32",2013-5-26,0.08,0.3625,13.02,2.75,47.765,18.557142857142857,47.765
17150,10.97,11.04,0.15,0.79,0.11,104.06,2.85,0.84,282.34,26.96,62225.53,"100.3,34.39",2013-5-26,0.15,0.9875,11.04,2.75,53.38333333333333,15.671428571428573,53.38333333333333
17160,7.38,7.44,0.14,0.61,0.11,101.14,2.39,1.18,284.46,29.18,65285.63,"101.95,34.44",2013-5-26,0.14,0.7625,7.44,2.75,50.95,10.542857142857143,50.95
17170,13.07,14.1,1.23,1.14,0.14,93.36,0.85,1.37,287.28,34.67,70899.27,"103.6,34.47",2013-5-26,1.23,1.4249999999999998,14.1,3.5000000000000004,46.68,18.67142857142857,46.68
17180,31.17,34.15,7.38,3.2,0.23,98.14,-0.88,-0.0,289.18,51.91,78402.77,"105.25,34.48",2013-5-26,7.38,4.0,34.15,5.75,49.07,44.52857142857143,49.07
17190,53.69,64.63,26.35,8.52,0.39,90.21,-2.44,-1.74,290.52,80.21,87607.19,"106.9,34.46",2013-5-26,26.35,10.649999999999999,57.315,9.75,45.105,73.3625,73.3625
17200,33.93,41.99,11.81,27.48,1.19,54.35,-2.53,-1.69,293.83,81.29,94962.02,"108.55,34.43",2013-5-26,11.81,34.35,41.99,29.75,27.175,48.471428571428575,48.471428571428575
17210,52.45,64.41,20.24,17.74,1.09,43.1,-2.78,-3.73,288.67,94.66,86369.66,"110.19,34.37",2013-5-26,20.24,22.174999999999997,57.205,27.250000000000004,21.55,71.8125,71.8125
17220,92.61,81.46,44.56,37.61,1.13,48.8,-4.63,-4.22,289.41,99.04,90014.75,"111.84,34.29",2013-5-26,44.56,47.0125,65.72999999999999,28.249999999999996,24.4,122.0125,122.0125
17230,66.89,43.54,22.44,34.13,1.73,48.29,-5.57,-7.74,293.54,89.95,98158.52,"113.48,34.2",2013-5-26,22.44,42.6625,43.54,43.25,24.145,89.8625,89.8625
17240,45.55,36.66,21.03,27.88,0.9,44.91,-6.66,-6.83,293.5,91.44,99551.72,"115.12,34.08",2013-5-26,21.03,34.85,36.66,22.5,22.455,63.1875,63.1875
17250,50.78,71.78,19.88,31.6,1.29,36.68,-7.58,2.56,295.07,92.31,99656.24,"116.75,33.94",2013-5-26,19.88,39.5,60.89,32.25,18.34,69.725,69.725
17260,48.28,70.43,11.01,21.59,0.76,38.08,-8.01,7.28,294.67,81.23,99998.9,"118.38,33.78",2013-5-26,11.01,26.9875,60.215,19.0,19.04,66.6,66.6
17270,43.21,59.79,14.3,14.37,0.51,48.78,-7.92,7.22,294.71,73.56,100448.15,"120.0,33.6",2013-5-26,14.3,17.9625,54.894999999999996,12.75,24.39,60.2625,60.2625
17280,4.69,5.03,1.01,0.31,0.15,116.9,3.4,2.91,273.64,60.05,56975.81,"79.63,32.06",2013-5-26,1.01,0.3875,5.03,3.75,64.08333333333334,6.700000000000001,64.08333333333334
17290,5.16,5.38,0.68,0.31,0.14,105.77,7.15,0.64,277.0,33.74,57177.88,"81.2,32.37",2013-5-26,0.68,0.3875,5.38,3.5000000000000004,54.80833333333333,7.371428571428572,54.80833333333333
17300,7.7,7.87,0.51,0.26,0.14,104.31,7.87,-1.53,280.07,25.23,58271.16,"82.77,32.66",2013-5-26,0.51,0.325,7.87,3.5000000000000004,53.59166666666667,11.0,53.59166666666667
17310,8.19,8.3,0.37,0.18,0.13,103.65,8.23,-1.59,277.85,22.67,55612.09,"84.36,32.94",2013-5-26,0.37,0.22499999999999998,8.3,3.25,53.04166666666667,11.7,53.04166666666667
17320,12.53,12.61,0.29,0.15,0.13,105.86,8.09,-1.99,276.0,20.13,53445.92,"85.96,33.19",2013-5-26,0.29,0.1875,12.61,3.25,54.88333333333333,17.9,54.88333333333333
17330,9.5,9.58,0.25,0.17,0.13,104.74,6.23,-1.7,276.77,21.4,53628.99,"87.56,33.42",2013-5-26,0.25,0.21250000000000002,9.58,3.25,53.949999999999996,13.571428571428571,53.949999999999996
17340,5.18,5.27,0.23,0.17,0.13,109.05,4.63,-4.48,275.02,33.24,53329.02,"89.17,33.63",2013-5-26,0.23,0.21250000000000002,5.27,3.25,57.541666666666664,7.3999999999999995,57.541666666666664
17350,9.83,9.9,0.18,0.17,0.12,104.55,6.59,-1.34,277.51,25.59,54392.91,"90.79,33.82",2013-5-26,0.18,0.21250000000000002,9.9,3.0,53.791666666666664,14.042857142857143,53.791666666666664
17360,29.21,29.26,0.15,0.31,0.12,100.1,7.63,-0.5,281.8,22.11,57756.72,"92.42,34.0",2013-5-26,0.15,0.3875,29.26,3.0,50.08333333333333,41.72857142857143,50.08333333333333
17370,24.14,24.17,0.09,0.19,0.12,105.15,5.59,3.2,279.95,31.33,56974.17,"94.05,34.15",2013-5-26,0.09,0.2375,24.17,3.0,54.29166666666667,34.48571428571429,54.29166666666667
17380,6.56,6.59,0.09,0.33,0.11,109.01,1.37,1.54,281.41,31.15,59477.88,"95.69,34.28",2013-5-26,0.09,0.41250000000000003,6.59,2.75,57.50833333333334,9.371428571428572,57.50833333333334
17390,7.85,7.89,0.1,0.26,0.12,99.76,2.26,2.53,279.85,24.3,58144.62,"97.33,34.38",2013-5-26,0.1,0.325,7.89,3.0,49.88,11.214285714285714,49.88
17400,10.42,10.45,0.09,0.43,0.12,101.19,0.32,1.73,281.24,23.84,60809.83,"98.97,34.47",2013-5-26,0.09,0.5375,10.45,3.0,50.99166666666667,14.885714285714286,50.99166666666667
17410,9.74,9.78,0.12,0.77,0.11,104.34,3.38,2.21,282.72,26.83,62769.69,"100.62,34.54",2013-5-26,0.12,0.9625,9.78,2.75,53.61666666666667,13.914285714285715,53.61666666666667
17420,8.24,8.38,0.24,0.76,0.12,99.14,1.02,1.51,285.05,34.43,66876.64,"102.27,34.58",2013-5-26,0.24,0.95,8.38,3.0,49.57,11.771428571428572,49.57
17430,16.42,18.79,1.95,1.71,0.16,92.45,0.44,0.56,287.91,37.6,72815.66,"103.93,34.61",2013-5-26,1.95,2.1375,18.79,4.0,46.225,23.45714285714286,46.225
17440,42.87,48.03,15.7,9.74,0.31,94.39,-1.04,0.54,291.09,60.96,83885.74,"105.58,34.61",2013-5-26,15.7,12.175,48.03,7.75,47.195,59.8375,59.8375
17450,51.11,60.62,22.33,9.48,0.57,86.42,-1.31,-0.27,292.03,78.84,90157.5,"107.23,34.59",2013-5-26,22.33,11.850000000000001,55.31,14.249999999999998,43.21,70.1375,70.1375
17460,32.11,46.79,10.82,23.97,1.46,43.49,-2.92,-2.1,294.48,78.45,95625.9,"108.88,34.55",2013-5-26,10.82,29.9625,46.79,36.5,21.745,45.871428571428574,46.79
17470,56.89,68.82,27.09,23.75,0.96,40.03,-2.6,-2.05,291.73,90.17,92514.41,"110.53,34.49",2013-5-26,27.09,29.6875,59.41,24.0,20.015,77.3625,77.3625
17480,91.61,73.42,48.28,48.46,1.56,42.24,-4.31,-4.89,292.43,93.34,95827.96,"112.18,34.41",2013-5-26,48.28,60.575,61.71,39.0,21.12,120.7625,120.7625
17490,61.47,39.44,20.9,31.08,1.75,49.42,-5.78,-7.28,293.81,89.42,99148.59,"113.82,34.31",2013-5-26,20.9,38.849999999999994,39.44,43.75,24.71,83.0875,83.0875
17500,52.19,52.68,23.5,27.85,0.76,44.05,-7.0,-6.51,293.52,91.42,99610.55,"115.46,34.19",2013-5-26,23.5,34.8125,51.34,19.0,22.025,71.4875,71.4875
17510,49.38,69.14,13.93,25.69,1.14,39.38,-7.8,2.94,294.44,91.66,99448.05,"117.09,34.04",2013-5-26,13.93,32.112500000000004,59.57,28.499999999999996,19.69,67.975,67.975
17520,52.46,75.65,11.56,21.18,0.76,36.61,-7.74,7.11,295.0,78.22,100200.06,"118.72,33.88",2013-5-26,11.56,26.475,62.825,19.0,18.305,71.825,71.825
17530,35.3,51.54,8.64,8.92,0.34,62.94,-9.17,7.85,293.25,80.59,100610.16,"120.34,33.69",2013-5-26,8.64,11.15,50.769999999999996,8.5,31.47,50.375,50.769999999999996
17540,3.65,3.92,0.82,0.37,0.15,106.59,4.93,2.4,277.18,37.83,58385.77,"80.06,32.29",2013-5-26,0.82,0.4625,3.92,3.75,55.49166666666667,5.214285714285714,55.49166666666667
17550,8.63,8.82,0.59,0.25,0.14,106.19,9.17,0.19,276.29,32.36,56043.66,"81.63,32.59",2013-5-26,0.59,0.3125,8.82,3.5000000000000004,55.15833333333333,12.32857142857143,55.15833333333333
17560,13.35,13.48,0.44,0.21,0.14,105.59,7.85,-1.33,280.32,23.2,58092.07,"83.22,32.88",2013-5-26,0.44,0.2625,13.48,3.5000000000000004,54.65833333333334,19.071428571428573,54.65833333333334
17570,8.33,8.43,0.33,0.18,0.13,102.29,7.67,-1.55,277.85,21.47,55547.3,"84.81,33.15",2013-5-26,0.33,0.22499999999999998,8.43,3.25,51.90833333333334,11.9,51.90833333333334
17580,8.84,8.92,0.27,0.16,0.13,104.24,7.83,-2.02,277.16,19.18,54386.04,"86.41,33.39",2013-5-26,0.27,0.2,8.92,3.25,53.53333333333333,12.628571428571428,53.53333333333333
17590,7.03,7.11,0.25,0.16,0.13,106.59,5.59,-2.05,276.66,24.49,53730.84,"88.02,33.62",2013-5-26,0.25,0.2,7.11,3.25,55.49166666666667,10.042857142857143,55.49166666666667
17600,4.62,4.7,0.22,0.17,0.13,109.11,5.26,-3.18,275.8,32.05,53854.7,"89.63,33.83",2013-5-26,0.22,0.21250000000000002,4.7,3.25,57.59166666666667,6.6000000000000005,57.59166666666667
17610,5.95,6.02,0.17,0.19,0.12,102.18,7.0,-1.35,278.44,25.7,55324.19,"91.26,34.01",2013-5-26,0.17,0.2375,6.02,3.0,51.81666666666667,8.5,51.81666666666667
17620,33.04,33.08,0.12,0.27,0.12,100.73,5.98,-0.21,282.11,22.8,58141.63,"92.89,34.18",2013-5-26,0.12,0.3375,33.08,3.0,50.608333333333334,47.2,50.608333333333334
17630,12.2,12.23,0.09,0.18,0.11,109.59,4.91,2.64,280.21,33.22,57734.32,"94.52,34.32",2013-5-26,0.09,0.22499999999999998,12.23,2.75,57.99166666666667,17.428571428571427,57.99166666666667
17640,5.99,6.02,0.09,0.27,0.11,104.56,4.46,1.46,279.39,31.36,57373.88,"96.17,34.45",2013-5-26,0.09,0.3375,6.02,2.75,53.800000000000004,8.557142857142857,53.800000000000004
17650,9.26,9.3,0.09,0.34,0.12,96.97,1.28,1.64,280.89,22.38,59411.88,"97.81,34.55",2013-5-26,0.09,0.42500000000000004,9.3,3.0,48.485,13.228571428571428,48.485
17660,8.24,8.27,0.09,0.47,0.11,109.19,4.41,0.3,277.55,24.65,56842.04,"99.46,34.63",2013-5-26,0.09,0.5874999999999999,8.27,2.75,57.65833333333333,11.771428571428572,57.65833333333333
17670,8.33,8.37,0.09,0.57,0.11,106.38,1.62,1.66,282.77,29.84,64084.73,"101.11,34.69",2013-5-26,0.09,0.7124999999999999,8.37,2.75,55.31666666666666,11.9,55.31666666666666
17680,10.67,11.27,0.62,1.1,0.13,93.91,0.6,2.09,285.54,38.67,68408.11,"102.77,34.73",2013-5-26,0.62,1.375,11.27,3.25,46.955,15.242857142857144,46.955
17690,20.56,25.18,3.04,2.14,0.18,91.62,-0.18,0.36,290.09,32.39,75899.53,"104.42,34.75",2013-5-26,3.04,2.6750000000000003,25.18,4.5,45.81,29.37142857142857,45.81
17700,43.34,46.37,13.31,4.38,0.27,99.05,-1.75,0.58,290.22,66.98,83291.09,"106.08,34.74",2013-5-26,13.31,5.475,46.37,6.75,49.525,60.425000000000004,60.425000000000004
17710,49.42,55.86,13.6,7.39,0.68,78.63,-1.61,-0.76,288.96,89.15,85806.97,"107.73,34.72",2013-5-26,13.6,9.237499999999999,52.93,17.0,39.315,68.025,68.025
17720,31.56,43.98,10.67,17.94,1.44,46.42,-3.63,-2.74,294.99,77.0,96322.18,"109.38,34.67",2013-5-26,10.67,22.425,43.98,36.0,23.21,45.08571428571428,45.08571428571428
17730,69.53,82.52,43.52,30.78,0.63,46.78,-5.26,-1.98,292.92,83.71,93657.02,"111.03,34.61",2013-5-26,43.52,38.475,66.25999999999999,15.75,23.39,93.1625,93.1625
17740,84.73,60.49,30.14,44.44,1.77,44.85,-5.52,-5.61,293.18,88.34,96496.28,"112.68,34.52",2013-5-26,30.14,55.55,55.245000000000005,44.25,22.425,112.16250000000001,112.16250000000001
17750,52.49,35.36,16.18,26.66,1.53,50.55,-6.77,-7.32,293.64,89.48,99493.32,"114.33,34.41",2013-5-26,16.18,33.325,35.36,38.25,25.275,71.86250000000001,71.86250000000001
17760,55.45,71.38,23.56,27.89,0.99,41.58,-7.6,-5.65,293.42,92.63,99719.7,"115.97,34.28",2013-5-26,23.56,34.8625,60.69,24.75,20.79,75.5625,75.5625
17770,47.66,70.25,11.86,23.29,0.96,38.73,-7.75,3.21,294.48,87.33,99822.8,"117.6,34.13",2013-5-26,11.86,29.112499999999997,60.125,24.0,19.365,65.82499999999999,65.82499999999999
17780,51.81,73.75,11.67,16.98,0.66,40.07,-7.97,6.89,294.97,75.91,100420.78,"119.23,33.96",2013-5-26,11.67,21.225,61.875,16.5,20.035,71.0125,71.0125
17790,5.68,6.05,1.15,0.48,0.16,114.37,6.17,2.01,270.96,60.13,54539.56,"78.93,32.19",2013-5-26,1.15,0.6,6.05,4.0,61.97500000000001,8.114285714285714,61.97500000000001
17800,4.57,4.78,0.66,0.39,0.14,105.2,7.67,0.94,276.69,36.9,57555.59,"80.5,32.51",2013-5-26,0.66,0.48750000000000004,4.78,3.5000000000000004,54.333333333333336,6.528571428571429,54.333333333333336
17810,7.87,8.08,0.5,0.23,0.14,108.94,7.71,-2.14,278.45,31.17,57022.46,"82.07,32.82",2013-5-26,0.5,0.28750000000000003,8.08,3.5000000000000004,57.449999999999996,11.242857142857144,57.449999999999996
17820,11.77,11.89,0.4,0.19,0.14,106.37,8.87,-1.2,279.18,22.83,57058.81,"83.66,33.1",2013-5-26,0.4,0.2375,11.89,3.5000000000000004,55.30833333333334,16.814285714285713,55.30833333333334
17830,9.53,9.62,0.31,0.16,0.13,106.76,8.9,-2.06,274.01,24.73,52422.5,"85.26,33.36",2013-5-26,0.31,0.2,9.62,3.25,55.63333333333334,13.614285714285714,55.63333333333334
17840,9.12,9.2,0.27,0.17,0.13,103.89,7.54,-1.82,279.32,18.99,55834.07,"86.86,33.6",2013-5-26,0.27,0.21250000000000002,9.2,3.25,53.24166666666667,13.028571428571428,53.24166666666667
17850,6.42,6.51,0.24,0.17,0.13,112.98,4.68,-2.0,276.71,29.27,54487.62,"88.48,33.82",2013-5-26,0.24,0.21250000000000002,6.51,3.25,60.81666666666667,9.17142857142857,60.81666666666667
17860,4.44,4.51,0.2,0.18,0.12,102.96,4.22,-2.07,276.13,30.83,54107.92,"90.1,34.02",2013-5-26,0.2,0.22499999999999998,4.51,3.0,52.46666666666666,6.342857142857143,52.46666666666666
17870,22.93,22.99,0.16,0.21,0.12,100.81,6.84,-1.99,280.97,22.89,57393.09,"91.73,34.2",2013-5-26,0.16,0.2625,22.99,3.0,50.675000000000004,32.75714285714286,50.675000000000004
17880,24.71,24.75,0.11,0.24,0.12,99.65,4.07,1.91,281.61,26.17,58113.24,"93.36,34.36",2013-5-26,0.11,0.3,24.75,3.0,49.825,35.300000000000004,49.825
17890,7.33,7.36,0.08,0.2,0.11,108.22,4.45,2.48,280.78,32.14,58555.14,"95.0,34.5",2013-5-26,0.08,0.25,7.36,2.75,56.85,10.471428571428572,56.85
17900,6.92,6.96,0.1,0.22,0.11,102.05,3.24,1.25,279.9,27.38,58022.42,"96.65,34.61",2013-5-26,0.1,0.275,6.96,2.75,51.70833333333333,9.885714285714286,51.70833333333333
17910,12.45,12.48,0.09,0.41,0.12,95.86,0.95,0.14,281.52,22.48,60721.85,"98.3,34.71",2013-5-26,0.09,0.5125,12.48,3.0,47.93,17.785714285714285,47.93
17920,11.04,11.07,0.08,0.46,0.11,105.39,3.0,-0.04,283.18,20.66,62383.07,"99.95,34.79",2013-5-26,0.08,0.5750000000000001,11.07,2.75,54.49166666666667,15.77142857142857,54.49166666666667
17930,8.58,8.66,0.2,0.69,0.12,100.2,0.01,1.87,283.78,32.91,66159.07,"101.6,34.84",2013-5-26,0.2,0.8624999999999999,8.66,3.0,50.16666666666667,12.257142857142858,50.16666666666667
17940,14.59,18.36,1.17,1.27,0.14,95.3,-0.03,1.0,284.35,38.96,67322.47,"103.26,34.87",2013-5-26,1.17,1.5875,18.36,3.5000000000000004,47.65,20.84285714285714,47.65
17950,30.92,37.27,7.19,4.27,0.24,98.88,-2.41,1.39,290.5,49.91,80713.55,"104.92,34.88",2013-5-26,7.19,5.3374999999999995,37.27,6.0,49.44,44.17142857142858,49.44
17960,44.76,47.53,14.97,4.27,0.26,100.76,-2.04,-0.69,286.88,81.95,80013.01,"106.57,34.87",2013-5-26,14.97,5.3374999999999995,47.53,6.5,50.63333333333334,62.199999999999996,62.199999999999996
17970,41.19,48.05,11.67,9.5,0.88,70.01,-1.43,-0.52,290.74,84.05,88523.17,"108.23,34.84",2013-5-26,11.67,11.875,48.05,22.0,35.005,57.7375,57.7375
17980,32.95,44.43,12.89,20.3,1.2,51.35,-4.01,-2.52,295.03,75.9,96331.05,"109.89,34.79",2013-5-26,12.89,25.375,44.43,30.0,25.675,47.07142857142858,47.07142857142858
17990,86.92,93.75,47.18,30.25,0.5,61.53,-6.04,-1.49,291.51,90.98,93132.28,"111.54,34.72",2013-5-26,47.18,37.8125,71.875,12.5,30.765,114.9,114.9
18000,87.62,58.97,24.75,44.43,1.77,41.7,-5.74,-5.57,291.09,97.95,94477.66,"113.19,34.62",2013-5-26,24.75,55.5375,54.485,44.25,20.85,115.775,115.775
18010,50.85,36.51,18.41,27.41,1.35,47.32,-7.1,-7.11,293.3,90.82,99433.59,"114.83,34.51",2013-5-26,18.41,34.2625,36.51,33.75,23.66,69.8125,69.8125
18020,55.08,76.8,23.79,31.09,1.2,36.46,-8.24,-3.75,293.25,93.95,99711.27,"116.48,34.37",2013-5-26,23.79,38.8625,63.4,30.0,18.23,75.1,75.1
18030,49.14,71.58,10.89,21.53,0.84,37.54,-8.15,4.19,294.23,86.11,100038.77,"118.11,34.22",2013-5-26,10.89,26.9125,60.79,21.0,18.77,67.675,67.675
18040,43.66,60.02,11.86,13.74,0.48,48.51,-8.45,6.1,294.39,75.94,100472.04,"119.74,34.04",2013-5-26,11.86,17.175,55.010000000000005,12.0,24.255,60.824999999999996,60.824999999999996
18050,3.91,4.18,0.81,0.32,0.15,117.02,5.93,3.01,269.71,59.97,52983.13,"79.36,32.42",2013-5-26,0.81,0.4,4.18,3.75,64.18333333333334,5.585714285714286,64.18333333333334
18060,3.36,3.52,0.53,0.27,0.14,109.01,9.44,1.46,268.99,46.79,50794.59,"80.93,32.74",2013-5-26,0.53,0.3375,3.52,3.5000000000000004,57.50833333333334,4.8,57.50833333333334
18070,8.56,8.72,0.48,0.22,0.14,107.5,8.48,-1.93,279.48,26.01,58084.81,"82.51,33.03",2013-5-26,0.48,0.275,8.72,3.5000000000000004,56.25,12.22857142857143,56.25
18080,12.55,12.65,0.37,0.18,0.14,104.33,6.85,-0.09,280.98,19.15,58233.82,"84.11,33.31",2013-5-26,0.37,0.22499999999999998,12.65,3.5000000000000004,53.608333333333334,17.92857142857143,53.608333333333334
18090,15.44,15.52,0.3,0.16,0.13,105.52,8.14,-1.75,279.37,17.67,56087.38,"85.71,33.57",2013-5-26,0.3,0.2,15.52,3.25,54.599999999999994,22.057142857142857,54.599999999999994
18100,9.25,9.33,0.26,0.17,0.13,103.69,4.92,-1.86,277.32,24.06,54380.1,"87.32,33.8",2013-5-26,0.26,0.21250000000000002,9.33,3.25,53.074999999999996,13.214285714285715,53.074999999999996
18110,5.96,6.05,0.24,0.18,0.13,108.9,3.59,-0.39,274.03,37.25,53183.82,"88.94,34.02",2013-5-26,0.24,0.22499999999999998,6.05,3.25,57.41666666666667,8.514285714285714,57.41666666666667
18120,4.59,4.66,0.19,0.18,0.12,102.41,6.79,-1.36,274.61,32.14,52783.03,"90.56,34.21",2013-5-26,0.19,0.22499999999999998,4.66,3.0,52.00833333333333,6.557142857142857,52.00833333333333
18130,21.72,21.77,0.13,0.29,0.12,102.31,4.14,-1.27,280.51,24.4,57140.54,"92.2,34.38",2013-5-26,0.13,0.3625,21.77,3.0,51.925000000000004,31.02857142857143,51.925000000000004
18140,9.05,9.09,0.1,0.21,0.12,96.94,3.34,1.52,282.65,27.05,58997.75,"93.83,34.54",2013-5-26,0.1,0.2625,9.09,3.0,48.47,12.92857142857143,48.47
18150,5.89,5.92,0.09,0.32,0.11,107.4,2.91,0.26,279.34,33.77,57887.78,"95.48,34.67",2013-5-26,0.09,0.4,5.92,2.75,56.16666666666667,8.414285714285715,56.16666666666667
18160,8.89,8.93,0.09,0.26,0.11,95.52,1.17,0.46,280.9,24.75,59506.0,"97.13,34.78",2013-5-26,0.09,0.325,8.93,2.75,47.76,12.700000000000001,47.76
18170,13.04,13.07,0.09,0.47,0.12,99.53,0.64,-0.19,279.43,23.38,58928.46,"98.78,34.87",2013-5-26,0.09,0.5874999999999999,13.07,3.0,49.765,18.628571428571426,49.765
18180,10.45,10.48,0.08,0.5,0.11,104.15,2.94,1.73,284.59,21.18,64293.03,"100.44,34.94",2013-5-26,0.08,0.625,10.48,2.75,53.458333333333336,14.928571428571427,53.458333333333336
18190,9.09,9.24,0.28,0.69,0.12,98.73,1.46,2.69,283.17,33.33,64198.25,"102.1,34.99",2013-5-26,0.28,0.8624999999999999,9.24,3.0,49.365,12.985714285714286,49.365
18200,16.7,28.39,1.81,1.87,0.16,94.28,-0.57,1.07,290.66,28.39,74711.48,"103.75,35.01",2013-5-26,1.81,2.3375000000000004,28.39,4.0,47.14,23.857142857142858,47.14
18210,35.24,40.28,9.16,5.13,0.26,100.0,-1.07,1.13,290.63,58.22,81701.59,"105.42,35.02",2013-5-26,9.16,6.4125,40.28,6.5,50.0,50.300000000000004,50.300000000000004
18220,53.18,60.98,17.48,5.29,0.41,90.95,-0.75,-0.81,290.71,77.3,86794.66,"107.08,35.0",2013-5-26,17.48,6.6125,55.489999999999995,10.25,45.475,72.725,72.725
18230,40.69,49.88,11.16,12.72,1.09,60.23,-2.6,-2.11,290.21,86.97,88312.1,"108.73,34.97",2013-5-26,11.16,15.9,49.88,27.250000000000004,30.115,57.1125,57.1125
18240,43.16,55.82,24.98,19.9,0.96,52.53,-3.25,-3.21,293.3,83.94,94487.64,"110.39,34.91",2013-5-26,24.98,24.875,52.91,24.0,26.265,60.199999999999996,60.199999999999996
18250,79.78,67.15,39.93,34.66,1.24,57.83,-5.32,-3.29,291.84,92.73,94934.55,"112.05,34.83",2013-5-26,39.93,43.324999999999996,58.575,31.0,28.915,105.975,105.975
18260,73.32,47.24,19.86,36.38,2.02,48.73,-5.51,-6.3,293.71,89.48,98962.34,"113.7,34.73",2013-5-26,19.86,45.475,47.24,50.5,24.365,97.89999999999999,97.89999999999999
18270,50.53,42.85,23.67,27.04,0.96,47.37,-7.13,-6.38,293.18,91.56,99561.97,"115.34,34.61",2013-5-26,23.67,33.8,42.85,24.0,23.685,69.4125,69.4125
18280,59.85,85.96,34.38,41.13,1.38,26.22,-8.29,-2.27,293.42,91.85,99721.24,"116.99,34.46",2013-5-26,34.38,51.4125,67.97999999999999,34.5,13.11,81.0625,81.0625
18290,52.27,74.01,11.69,20.41,0.78,36.52,-7.88,4.21,294.39,82.83,100135.66,"118.62,34.3",2013-5-26,11.69,25.5125,62.005,19.5,18.26,71.5875,71.5875
18300,33.89,50.37,8.01,8.51,0.27,66.2,-9.58,7.41,292.53,85.17,100659.07,"120.25,34.12",2013-5-26,8.01,10.6375,50.185,6.75,33.1,48.41428571428572,50.185
18310,3.72,3.9,0.56,0.36,0.14,107.98,8.92,2.03,270.81,40.79,52113.36,"80.42,32.78",2013-5-26,0.56,0.44999999999999996,3.9,3.5000000000000004,56.650000000000006,5.314285714285715,56.650000000000006
18320,6.57,6.73,0.52,0.25,0.14,106.55,6.83,-2.32,279.7,27.0,58678.82,"82.0,33.08",2013-5-26,0.52,0.3125,6.73,3.5000000000000004,55.45833333333333,9.385714285714286,55.45833333333333
18330,10.41,10.51,0.4,0.18,0.14,108.84,9.48,-1.35,277.22,23.14,55307.53,"83.59,33.36",2013-5-26,0.4,0.22499999999999998,10.51,3.5000000000000004,57.36666666666667,14.871428571428572,57.36666666666667
18340,10.27,10.36,0.32,0.16,0.13,105.0,8.66,-0.68,276.71,22.91,54741.02,"85.2,33.63",2013-5-26,0.32,0.2,10.36,3.25,54.166666666666664,14.67142857142857,54.166666666666664
18350,9.85,9.94,0.28,0.17,0.13,104.69,6.04,-1.39,279.12,23.2,55987.12,"86.81,33.87",2013-5-26,0.28,0.21250000000000002,9.94,3.25,53.90833333333333,14.071428571428571,53.90833333333333
18360,7.02,7.1,0.25,0.18,0.13,112.43,4.69,-1.35,277.69,29.07,55456.62,"88.42,34.09",2013-5-26,0.25,0.22499999999999998,7.1,3.25,60.35833333333334,10.028571428571428,60.35833333333334
18370,4.28,4.35,0.21,0.19,0.12,102.93,4.39,-0.95,275.19,34.23,53755.38,"90.05,34.29",2013-5-26,0.21,0.2375,4.35,3.0,52.44166666666667,6.114285714285715,52.44166666666667
18380,17.41,17.46,0.16,0.19,0.12,100.33,4.98,-2.45,279.77,26.0,56581.9,"91.68,34.47",2013-5-26,0.16,0.2375,17.46,3.0,50.275,24.871428571428574,50.275
18390,10.95,10.99,0.11,0.23,0.12,98.48,3.1,1.23,281.12,26.58,57586.73,"93.32,34.63",2013-5-26,0.11,0.28750000000000003,10.99,3.0,49.24,15.642857142857142,49.24
18400,5.7,5.73,0.09,0.25,0.11,106.87,1.47,0.48,281.83,30.32,59849.63,"94.97,34.77",2013-5-26,0.09,0.3125,5.73,2.75,55.725,8.142857142857144,55.725
18410,8.74,8.78,0.09,0.22,0.11,99.35,2.11,-0.15,280.79,26.57,59141.05,"96.62,34.89",2013-5-26,0.09,0.275,8.78,2.75,49.675,12.485714285714286,49.675
18420,14.02,14.05,0.09,0.42,0.11,95.15,0.57,-0.55,279.66,25.25,59722.44,"98.27,34.98",2013-5-26,0.09,0.525,14.05,2.75,47.575,20.02857142857143,47.575
18430,12.3,12.33,0.08,0.39,0.11,105.52,3.98,-0.15,283.37,18.68,61907.87,"99.93,35.06",2013-5-26,0.08,0.48750000000000004,12.33,2.75,54.599999999999994,17.571428571428573,54.599999999999994
18440,9.81,9.94,0.33,0.73,0.12,96.84,0.28,1.59,282.11,33.32,63433.3,"101.59,35.11",2013-5-26,0.33,0.9125,9.94,3.0,48.42,14.014285714285716,48.42
18450,14.62,22.3,1.25,1.31,0.14,98.86,-1.26,1.18,284.07,36.58,66368.17,"103.25,35.14",2013-5-26,1.25,1.6375000000000002,22.3,3.5000000000000004,49.43,20.885714285714286,49.43
18460,29.37,40.23,6.3,3.15,0.22,99.83,-1.56,2.37,289.93,51.57,79488.24,"104.92,35.16",2013-5-26,6.3,3.9375,40.23,5.5,49.915,41.95714285714286,49.915
18470,46.06,49.71,19.59,7.96,0.27,98.29,-0.87,0.53,288.58,73.93,81753.41,"106.58,35.15",2013-5-26,19.59,9.95,49.71,6.75,49.145,63.825,63.825
18480,40.75,47.58,12.59,7.04,0.74,79.02,-1.98,0.49,290.91,78.87,87773.34,"108.24,35.12",2013-5-26,12.59,8.8,47.58,18.5,39.51,57.1875,57.1875
18490,33.46,43.05,15.25,13.66,0.93,66.56,-4.11,-2.68,294.22,74.34,94089.39,"109.9,35.06",2013-5-26,15.25,17.075,43.05,23.25,33.28,47.800000000000004,47.800000000000004
18500,80.48,85.81,38.32,21.46,0.46,70.11,-4.75,-1.74,290.98,93.09,92340.45,"111.56,34.99",2013-5-26,38.32,26.825000000000003,67.905,11.5,35.055,106.85000000000001,106.85000000000001
18510,84.55,58.4,23.08,45.68,1.59,46.79,-6.78,-5.68,293.57,90.42,99119.73,"113.21,34.9",2013-5-26,23.08,57.1,54.2,39.75,23.395,111.9375,111.9375
18520,56.46,40.08,19.98,29.16,1.55,45.84,-6.72,-6.16,293.27,90.67,99519.41,"114.87,34.78",2013-5-26,19.98,36.45,40.08,38.75,22.92,76.825,76.825
18530,56.62,77.08,24.89,27.91,1.08,41.94,-8.79,-3.66,293.29,91.92,99764.76,"116.51,34.64",2013-5-26,24.89,34.8875,63.54,27.0,20.97,77.025,77.025
18540,53.21,75.08,15.12,24.26,0.9,34.99,-8.09,1.19,293.84,87.21,99874.09,"118.15,34.49",2013-5-26,15.12,30.325000000000003,62.54,22.5,17.495,72.7625,72.7625
18550,39.53,54.51,10.35,11.38,0.41,53.32,-8.77,5.86,293.75,78.31,100334.75,"119.79,34.31",2013-5-26,10.35,14.225000000000001,52.254999999999995,10.25,26.66,55.6625,55.6625
18560,2.67,2.85,0.59,0.34,0.14,109.41,7.18,1.65,269.25,52.44,51696.96,"80.07,32.85",2013-5-26,0.59,0.42500000000000004,2.85,3.5000000000000004,57.84166666666666,3.814285714285714,57.84166666666666
18570,6.41,6.58,0.54,0.28,0.14,104.72,7.42,-2.14,278.75,29.71,58017.0,"81.65,33.16",2013-5-26,0.54,0.35000000000000003,6.58,3.5000000000000004,53.93333333333333,9.157142857142858,53.93333333333333
18580,10.01,10.12,0.4,0.19,0.14,107.53,8.08,-0.91,274.67,28.04,53797.57,"83.24,33.44",2013-5-26,0.4,0.2375,10.12,3.5000000000000004,56.275,14.3,56.275
18590,9.73,9.83,0.34,0.17,0.13,105.32,7.89,-0.08,277.76,23.37,55769.57,"84.84,33.71",2013-5-26,0.34,0.21250000000000002,9.83,3.25,54.43333333333333,13.9,54.43333333333333
18600,9.74,9.82,0.3,0.15,0.13,114.32,7.48,-1.11,279.19,29.52,55501.85,"86.45,33.95",2013-5-26,0.3,0.1875,9.82,3.25,61.93333333333333,13.914285714285715,61.93333333333333
18610,8.39,8.48,0.26,0.17,0.13,110.91,6.04,-0.95,276.63,27.75,54153.96,"88.07,34.18",2013-5-26,0.26,0.21250000000000002,8.48,3.25,59.09166666666667,11.985714285714288,59.09166666666667
18620,4.21,4.29,0.22,0.19,0.13,108.24,3.71,-0.45,275.2,35.79,54053.21,"89.7,34.39",2013-5-26,0.22,0.2375,4.29,3.25,56.86666666666666,6.014285714285714,56.86666666666666
18630,9.41,9.47,0.17,0.17,0.12,100.05,5.7,-3.03,278.84,25.94,55818.48,"91.34,34.57",2013-5-26,0.17,0.21250000000000002,9.47,3.0,50.041666666666664,13.442857142857143,50.041666666666664
18640,8.95,8.99,0.12,0.27,0.12,99.92,2.97,0.16,279.32,27.21,56219.46,"92.98,34.73",2013-5-26,0.12,0.3375,8.99,3.0,49.96,12.785714285714285,49.96
18650,5.22,5.26,0.09,0.24,0.11,104.06,3.13,0.58,280.81,31.75,58700.6,"94.62,34.88",2013-5-26,0.09,0.3,5.26,2.75,53.38333333333333,7.457142857142857,53.38333333333333
18660,9.03,9.07,0.1,0.23,0.11,101.82,2.36,0.06,279.97,29.05,58678.43,"96.28,35.0",2013-5-26,0.1,0.28750000000000003,9.07,2.75,51.51666666666666,12.899999999999999,51.51666666666666
18670,14.37,14.4,0.09,0.38,0.11,95.65,-0.13,-0.42,280.22,24.6,60142.48,"97.93,35.1",2013-5-26,0.09,0.475,14.4,2.75,47.825,20.52857142857143,47.825
18680,12.1,12.13,0.08,0.38,0.11,106.78,4.74,0.18,283.15,20.03,62278.11,"99.59,35.18",2013-5-26,0.08,0.475,12.13,2.75,55.65,17.285714285714285,55.65
18690,9.66,9.78,0.3,0.77,0.12,98.01,-1.26,2.5,282.91,29.56,63858.04,"101.25,35.24",2013-5-26,0.3,0.9625,9.78,3.0,49.005,13.8,49.005
18700,14.14,20.8,1.16,1.66,0.15,91.66,-0.02,1.59,286.04,36.06,69128.76,"102.92,35.28",2013-5-26,1.16,2.0749999999999997,20.8,3.75,45.83,20.200000000000003,45.83
18710,25.8,51.53,4.57,3.59,0.23,92.74,-0.86,2.64,290.47,40.86,77833.59,"104.58,35.29",2013-5-26,4.57,4.4875,50.765,5.75,46.37,36.85714285714286,50.765
18720,37.29,39.63,11.12,3.85,0.23,100.33,-3.29,-0.85,287.7,63.55,77975.25,"106.25,35.29",2013-5-26,11.12,4.8125,39.63,5.75,50.275,52.8625,52.8625
18730,43.42,50.64,14.76,8.22,0.61,83.6,-0.85,-0.23,292.08,74.78,88838.63,"107.91,35.26",2013-5-26,14.76,10.275,50.32,15.25,41.8,60.525000000000006,60.525000000000006
18740,35.6,45.81,13.33,12.63,1.02,63.49,-0.79,-1.45,292.21,81.94,91587.81,"109.58,35.21",2013-5-26,13.33,15.787500000000001,45.81,25.5,31.745,50.75,50.75
18750,65.96,74.03,34.29,16.78,0.48,71.97,-3.59,-0.85,292.83,82.25,93113.84,"111.24,35.14",2013-5-26,34.29,20.975,62.015,12.0,35.985,88.69999999999999,88.69999999999999
18760,70.98,50.34,24.27,38.71,1.39,56.36,-7.2,-4.01,295.09,78.68,99354.16,"112.9,35.05",2013-5-26,24.27,48.3875,50.17,34.75,28.18,94.97500000000001,94.97500000000001
18770,63.44,43.16,17.94,31.51,1.93,45.72,-6.03,-6.07,293.53,89.58,99546.14,"114.55,34.94",2013-5-26,17.94,39.3875,43.16,48.25,22.86,85.55,85.55
18780,56.93,72.02,24.62,24.54,0.91,48.16,-8.36,-4.62,293.22,91.42,99812.89,"116.2,34.81",2013-5-26,24.62,30.674999999999997,61.01,22.75,24.08,77.4125,77.4125
18790,59.69,81.68,20.2,26.68,0.97,35.61,-8.09,-1.69,293.17,90.84,99994.61,"117.84,34.65",2013-5-26,20.2,33.35,65.84,24.25,17.805,80.8625,80.8625
18800,41.73,57.22,10.72,13.76,0.48,47.93,-8.1,4.59,293.94,78.98,100264.82,"119.48,34.48",2013-5-26,10.72,17.2,53.61,12.0,23.965,58.412499999999994,58.412499999999994
18810,3.97,4.16,0.63,0.4,0.14,108.18,9.98,3.12,272.06,39.33,53146.91,"80.19,33.01",2013-5-26,0.63,0.5,4.16,3.5000000000000004,56.81666666666667,5.671428571428572,56.81666666666667
18820,6.48,6.64,0.52,0.26,0.14,107.25,7.45,-1.75,277.63,30.2,57036.79,"81.77,33.32",2013-5-26,0.52,0.325,6.64,3.5000000000000004,56.041666666666664,9.257142857142858,56.041666666666664
18830,8.38,8.49,0.4,0.18,0.14,110.28,9.18,-0.81,272.89,29.95,52264.81,"83.37,33.6",2013-5-26,0.4,0.22499999999999998,8.49,3.5000000000000004,58.56666666666667,11.971428571428573,58.56666666666667
18840,8.99,9.09,0.34,0.16,0.14,105.93,8.25,-0.06,276.85,24.38,54927.07,"84.97,33.87",2013-5-26,0.34,0.2,9.09,3.5000000000000004,54.94166666666667,12.842857142857143,54.94166666666667
18850,9.13,9.22,0.28,0.17,0.13,105.45,5.57,-1.37,276.18,28.24,53967.09,"86.59,34.11",2013-5-26,0.28,0.21250000000000002,9.22,3.25,54.54166666666667,13.042857142857144,54.54166666666667
18860,7.69,7.78,0.27,0.18,0.13,111.58,5.26,-0.84,277.75,27.87,55152.64,"88.21,34.34",2013-5-26,0.27,0.22499999999999998,7.78,3.25,59.65,10.985714285714286,59.65
18870,3.84,3.91,0.2,0.2,0.12,107.49,4.26,0.26,274.5,37.86,53457.38,"89.84,34.54",2013-5-26,0.2,0.25,3.91,3.0,56.24166666666666,5.485714285714286,56.24166666666666
18880,9.16,9.22,0.16,0.17,0.12,99.81,4.94,-2.57,278.67,27.17,55685.42,"91.48,34.72",2013-5-26,0.16,0.21250000000000002,9.22,3.0,49.905,13.085714285714285,49.905
18890,3.69,3.73,0.12,0.24,0.12,98.56,2.17,-1.25,281.07,27.27,58436.61,"93.12,34.88",2013-5-26,0.12,0.3,3.73,3.0,49.28,5.271428571428571,49.28
18900,5.84,5.88,0.1,0.25,0.11,100.76,1.46,-0.1,280.88,31.44,59061.66,"94.77,35.03",2013-5-26,0.1,0.3125,5.88,2.75,50.63333333333334,8.342857142857143,50.63333333333334
18910,10.9,10.94,0.1,0.23,0.11,98.59,1.19,0.18,280.49,27.44,59438.58,"96.43,35.15",2013-5-26,0.1,0.28750000000000003,10.94,2.75,49.295,15.571428571428573,49.295
18920,17.06,17.1,0.09,0.36,0.11,97.03,1.31,0.2,278.71,24.88,58642.04,"98.09,35.24",2013-5-26,0.09,0.44999999999999996,17.1,2.75,48.515,24.37142857142857,48.515
18930,13.61,13.64,0.09,0.43,0.11,104.58,5.08,-1.11,284.14,18.74,63023.34,"99.75,35.32",2013-5-26,0.09,0.5375,13.64,2.75,53.81666666666666,19.442857142857143,53.81666666666666
18940,10.17,10.31,0.36,0.67,0.12,96.57,-0.6,2.65,281.31,32.22,62306.82,"101.42,35.38",2013-5-26,0.36,0.8375,10.31,3.0,48.285,14.528571428571428,48.285
18950,16.85,31.59,1.6,2.19,0.18,91.39,-0.55,2.0,291.59,27.64,74963.97,"103.08,35.41",2013-5-26,1.6,2.7375,31.59,4.5,45.695,24.071428571428573,45.695
18960,26.13,48.79,4.78,3.16,0.22,93.86,-0.89,3.24,290.93,42.23,78987.39,"104.75,35.43",2013-5-26,4.78,3.95,48.79,5.5,46.93,37.32857142857143,48.79
18970,39.6,42.16,12.78,4.47,0.24,101.45,-1.4,0.71,288.32,66.11,79773.38,"106.42,35.42",2013-5-26,12.78,5.5874999999999995,42.16,6.0,51.208333333333336,55.75,55.75
18980,42.39,49.43,13.82,5.39,0.57,86.48,-1.52,0.32,291.43,75.21,87757.37,"108.08,35.39",2013-5-26,13.82,6.7375,49.43,14.249999999999998,43.24,59.2375,59.2375
18990,34.9,43.51,16.59,9.57,0.74,76.39,-1.68,-0.87,292.76,76.88,91211.45,"109.75,35.34",2013-5-26,16.59,11.9625,43.51,18.5,38.195,49.857142857142854,49.857142857142854
19000,71.09,76.09,33.91,14.88,0.44,78.42,-3.38,-1.09,291.16,87.05,90558.22,"111.41,35.27",2013-5-26,33.91,18.6,63.045,11.0,39.21,95.11250000000001,95.11250000000001
19010,71.38,52.0,22.66,37.31,1.4,57.47,-7.93,-4.18,295.03,76.8,98818.03,"113.07,35.18",2013-5-26,22.66,46.6375,51.0,35.0,28.735,95.475,95.475
19020,63.49,44.74,20.61,31.03,1.79,45.36,-6.1,-6.05,293.52,89.08,99581.66,"114.73,35.06",2013-5-26,20.61,38.7875,44.74,44.75,22.68,85.61250000000001,85.61250000000001
19030,57.76,74.17,26.3,25.33,0.92,48.32,-8.73,-4.13,293.36,89.5,99964.27,"116.38,34.93",2013-5-26,26.3,31.662499999999998,62.085,23.0,24.16,78.44999999999999,78.44999999999999
19040,61.1,81.27,22.18,26.6,0.88,37.09,-7.44,-1.81,292.71,92.18,99911.99,"118.03,34.77",2013-5-26,22.18,33.25,65.63499999999999,22.0,18.545,82.625,82.625
19050,3.54,3.8,0.83,1.19,0.15,103.51,5.67,-1.91,275.73,41.58,57845.52,"79.36,32.99",2013-5-26,0.83,1.4874999999999998,3.8,3.75,52.925000000000004,5.057142857142857,52.925000000000004
19060,4.36,4.54,0.59,0.34,0.14,106.82,7.61,-1.37,276.41,35.96,56585.07,"80.94,33.3",2013-5-26,0.59,0.42500000000000004,4.54,3.5000000000000004,55.68333333333333,6.2285714285714295,55.68333333333333
19070,6.79,6.91,0.45,0.2,0.14,112.23,9.65,-1.23,273.48,31.43,53110.36,"82.54,33.6",2013-5-26,0.45,0.25,6.91,3.5000000000000004,60.19166666666667,9.700000000000001,60.19166666666667
19080,7.88,7.98,0.38,0.17,0.14,111.26,8.71,-2.05,277.24,25.2,55352.23,"84.14,33.87",2013-5-26,0.38,0.21250000000000002,7.98,3.5000000000000004,59.38333333333334,11.257142857142858,59.38333333333334
19090,7.2,7.29,0.31,0.16,0.13,109.1,7.82,-1.39,276.14,28.79,54019.93,"85.75,34.13",2013-5-26,0.31,0.2,7.29,3.25,57.58333333333333,10.285714285714286,57.58333333333333
19100,7.73,7.83,0.29,0.17,0.13,105.44,5.46,-1.25,277.93,27.52,55293.73,"87.37,34.36",2013-5-26,0.29,0.21250000000000002,7.83,3.25,54.53333333333333,11.042857142857144,54.53333333333333
19110,5.58,5.67,0.28,0.14,0.13,113.15,3.63,-0.63,279.79,35.07,56521.95,"89.0,34.57",2013-5-26,0.28,0.17500000000000002,5.67,3.25,60.95833333333334,7.9714285714285715,60.95833333333334
19120,3.68,3.75,0.18,0.18,0.12,104.15,5.05,-2.14,277.98,29.88,56082.04,"90.64,34.77",2013-5-26,0.18,0.22499999999999998,3.75,3.0,53.458333333333336,5.257142857142857,53.458333333333336
19130,4.21,4.26,0.14,0.17,0.12,102.66,1.72,-2.47,277.66,32.8,55441.12,"92.28,34.94",2013-5-26,0.14,0.21250000000000002,4.26,3.0,52.21666666666666,6.014285714285714,52.21666666666666
19140,3.96,4.0,0.1,0.23,0.12,96.75,1.71,1.41,280.34,31.64,58109.51,"93.93,35.09",2013-5-26,0.1,0.28750000000000003,4.0,3.0,48.375,5.6571428571428575,48.375
19150,8.67,8.72,0.11,0.23,0.11,97.77,2.14,0.25,279.2,29.68,58077.3,"95.59,35.22",2013-5-26,0.11,0.28750000000000003,8.72,2.75,48.885,12.385714285714286,48.885
19160,18.56,18.6,0.09,0.25,0.11,95.42,0.31,0.97,279.14,26.15,58537.13,"97.25,35.33",2013-5-26,0.09,0.3125,18.6,2.75,47.71,26.514285714285712,47.71
19170,19.82,19.85,0.08,0.37,0.11,101.3,2.48,-0.25,280.16,25.13,60266.5,"98.91,35.42",2013-5-26,0.08,0.4625,19.85,2.75,51.08333333333333,28.314285714285717,51.08333333333333
19180,11.56,11.64,0.18,0.7,0.12,95.71,1.63,1.53,285.77,19.14,65087.14,"100.58,35.49",2013-5-26,0.18,0.875,11.64,3.0,47.855,16.514285714285716,47.855
19190,12.67,13.2,0.67,0.97,0.13,90.82,-1.31,3.1,285.91,31.19,67597.59,"102.24,35.53",2013-5-26,0.67,1.2125,13.2,3.25,45.41,18.1,45.41
19200,24.34,63.29,3.45,3.99,0.24,94.78,-3.46,2.32,291.72,33.32,77328.91,"103.91,35.56",2013-5-26,3.45,4.987500000000001,56.644999999999996,6.0,47.39,34.77142857142857,56.644999999999996
19210,33.28,38.7,8.35,4.22,0.25,96.96,-1.12,1.62,290.27,56.98,80866.02,"105.58,35.56",2013-5-26,8.35,5.2749999999999995,38.7,6.25,48.48,47.542857142857144,48.48
19220,55.18,63.38,17.7,6.09,0.42,87.88,-0.39,0.27,290.76,76.25,86473.97,"107.26,35.54",2013-5-26,17.7,7.6125,56.69,10.5,43.94,75.225,75.225
19230,44.68,53.4,14.09,6.52,0.7,73.55,-1.39,-0.68,289.68,85.49,86828.88,"108.92,35.5",2013-5-26,14.09,8.149999999999999,51.7,17.5,36.775,62.1,62.1
19240,43.35,60.07,39.27,21.03,0.74,62.04,-1.29,-2.69,294.46,76.84,95376.5,"110.59,35.44",2013-5-26,39.27,26.2875,55.035,18.5,31.02,60.4375,60.4375
19250,77.54,66.26,37.15,24.35,1.22,68.4,-3.18,-3.79,289.06,93.63,88395.31,"112.26,35.36",2013-5-26,37.15,30.4375,58.13,30.5,34.2,103.17500000000001,103.17500000000001
19260,86.48,66.06,20.66,42.0,2.03,45.96,-5.75,-6.86,294.14,87.25,99628.54,"113.92,35.26",2013-5-26,20.66,52.5,58.03,50.74999999999999,22.98,114.35000000000001,114.35000000000001
19270,66.93,67.89,31.7,31.37,0.9,42.89,-6.96,-5.34,293.34,89.5,99827.62,"115.57,35.13",2013-5-26,31.7,39.2125,58.945,22.5,21.445,89.91250000000001,89.91250000000001
19280,61.0,81.17,29.28,28.8,1.0,43.75,-10.35,-2.69,293.32,86.76,99668.48,"117.23,34.99",2013-5-26,29.28,36.0,65.58500000000001,25.0,21.875,82.5,82.5
19290,47.91,65.5,11.55,13.86,0.49,52.34,-8.46,-0.47,291.61,93.61,100105.48,"118.87,34.82",2013-5-26,11.55,17.325,57.75,12.25,26.17,66.13749999999999,66.13749999999999
19300,4.99,5.2,0.66,0.52,0.15,103.81,7.93,2.02,276.57,32.26,56909.59,"80.11,33.28",2013-5-26,0.66,0.65,5.2,3.75,53.175000000000004,7.128571428571429,53.175000000000004
19310,6.29,6.44,0.51,0.25,0.14,109.63,8.84,-0.67,272.06,40.98,52901.61,"81.7,33.58",2013-5-26,0.51,0.3125,6.44,3.5000000000000004,58.025,8.985714285714286,58.025
19320,7.59,7.7,0.41,0.19,0.14,109.82,8.61,-0.41,276.66,26.17,55229.05,"83.3,33.87",2013-5-26,0.41,0.2375,7.7,3.5000000000000004,58.18333333333333,10.842857142857143,58.18333333333333
19330,7.51,7.61,0.35,0.18,0.14,106.44,7.1,-0.32,278.23,23.89,55884.04,"84.91,34.13",2013-5-26,0.35,0.22499999999999998,7.61,3.5000000000000004,55.36666666666667,10.728571428571428,55.36666666666667
19340,6.78,6.87,0.29,0.17,0.13,106.54,6.11,-0.45,276.16,30.48,54111.24,"86.53,34.38",2013-5-26,0.29,0.21250000000000002,6.87,3.25,55.45,9.685714285714287,55.45
19350,5.74,5.83,0.27,0.19,0.13,109.95,5.02,-1.6,278.49,27.19,55881.75,"88.16,34.6",2013-5-26,0.27,0.2375,5.83,3.25,58.29166666666667,8.200000000000001,58.29166666666667
19360,3.27,3.34,0.19,0.2,0.12,109.92,3.92,0.31,275.84,35.09,54460.43,"89.79,34.81",2013-5-26,0.19,0.25,3.34,3.0,58.266666666666666,4.671428571428572,58.266666666666666
19370,4.12,4.18,0.16,0.17,0.12,101.57,3.23,-2.5,277.82,30.91,55496.88,"91.44,34.99",2013-5-26,0.16,0.21250000000000002,4.18,3.0,51.30833333333333,5.885714285714286,51.30833333333333
19380,2.99,3.03,0.13,0.28,0.12,105.24,1.5,-2.42,279.39,31.36,57432.16,"93.09,35.15",2013-5-26,0.13,0.35000000000000003,3.03,3.0,54.36666666666666,4.271428571428572,54.36666666666666
19390,6.94,6.99,0.11,0.22,0.11,96.98,0.66,-0.57,278.85,32.08,57791.96,"94.74,35.3",2013-5-26,0.11,0.275,6.99,2.75,48.49,9.914285714285715,48.49
19400,13.85,13.89,0.1,0.24,0.11,96.52,-0.21,-0.15,279.89,27.12,59263.39,"96.4,35.42",2013-5-26,0.1,0.3,13.89,2.75,48.26,19.785714285714285,48.26
19410,22.34,22.38,0.09,0.35,0.11,97.72,1.3,0.57,280.61,21.92,60074.79,"98.07,35.52",2013-5-26,0.09,0.4375,22.38,2.75,48.86,31.914285714285715,48.86
19420,15.31,15.36,0.12,0.43,0.11,101.77,4.91,-0.17,284.92,17.81,63486.16,"99.73,35.59",2013-5-26,0.12,0.5375,15.36,2.75,51.474999999999994,21.871428571428574,51.474999999999994
19430,12.3,12.48,0.45,0.72,0.12,93.69,-1.3,3.39,285.6,24.44,65897.12,"101.4,35.65",2013-5-26,0.45,0.8999999999999999,12.48,3.0,46.845,17.571428571428573,46.845
19440,24.38,57.94,3.25,4.81,0.29,88.18,-1.95,0.95,295.09,25.74,79876.77,"103.08,35.69",2013-5-26,3.25,6.012499999999999,53.97,7.249999999999999,44.09,34.82857142857143,53.97
19450,26.32,54.22,4.78,3.62,0.23,89.6,-0.73,2.95,291.74,38.56,79671.22,"104.75,35.7",2013-5-26,4.78,4.525,52.11,5.75,44.8,37.6,52.11
19460,41.07,43.76,13.25,6.15,0.25,99.14,-1.45,1.86,289.27,63.71,80842.24,"106.42,35.69",2013-5-26,13.25,7.6875,43.76,6.25,49.57,57.5875,57.5875
19470,44.35,52.7,15.04,3.51,0.47,87.51,-1.99,0.54,291.39,74.89,87445.57,"108.09,35.66",2013-5-26,15.04,4.387499999999999,51.35,11.75,43.755,61.6875,61.6875
19480,37.92,45.85,18.81,6.35,0.52,85.81,-3.18,-1.77,289.61,82.7,85950.49,"109.77,35.61",2013-5-26,18.81,7.9375,45.85,13.0,42.905,53.650000000000006,53.650000000000006
19490,68.89,75.37,37.59,16.19,0.46,80.76,-2.79,-3.63,293.49,77.16,93349.55,"111.43,35.54",2013-5-26,37.59,20.2375,62.685,11.5,40.38,92.3625,92.3625
19500,72.29,59.71,20.01,23.47,1.26,69.06,-6.83,-3.2,290.57,83.87,89878.84,"113.1,35.45",2013-5-26,20.01,29.3375,54.855000000000004,31.5,34.53,96.61250000000001,96.61250000000001
19510,67.81,51.83,22.93,30.06,1.62,46.95,-5.57,-5.75,293.59,87.99,99692.26,"114.76,35.33",2013-5-26,22.93,37.574999999999996,50.915,40.5,23.475,91.0125,91.0125
19520,67.4,86.29,32.1,34.42,0.92,41.49,-8.34,-4.23,293.51,87.87,100091.62,"116.42,35.2",2013-5-26,32.1,43.025000000000006,68.14500000000001,23.0,20.745,90.5,90.5
19530,64.7,83.84,27.39,27.86,0.79,41.88,-8.17,-2.56,291.77,93.73,99352.42,"118.07,35.04",2013-5-26,27.39,34.825,66.92,19.75,20.94,87.125,87.125
19540,5.17,5.38,0.73,0.66,0.15,105.45,9.98,2.41,272.84,37.92,53990.02,"79.6,33.31",2013-5-26,0.73,0.8250000000000001,5.38,3.75,54.54166666666667,7.385714285714286,54.54166666666667
19550,7.64,7.8,0.55,0.31,0.14,108.66,9.87,-0.86,274.16,38.79,54791.66,"81.19,33.63",2013-5-26,0.55,0.3875,7.8,3.5000000000000004,57.21666666666666,10.914285714285715,57.21666666666666
19560,6.74,6.86,0.44,0.21,0.14,112.12,9.69,-1.04,274.75,30.94,54047.94,"82.79,33.92",2013-5-26,0.44,0.2625,6.86,3.5000000000000004,60.10000000000001,9.62857142857143,60.10000000000001
19570,7.17,7.27,0.37,0.18,0.14,111.14,9.07,-1.61,274.11,30.15,53044.6,"84.4,34.19",2013-5-26,0.37,0.22499999999999998,7.27,3.5000000000000004,59.28333333333333,10.242857142857144,59.28333333333333
19580,8.27,8.36,0.3,0.17,0.13,107.82,7.73,-1.35,272.5,34.72,51452.59,"86.02,34.44",2013-5-26,0.3,0.21250000000000002,8.36,3.25,56.51666666666666,11.814285714285713,56.51666666666666
19590,6.19,6.29,0.29,0.2,0.13,104.79,5.22,-0.82,276.22,30.43,54194.6,"87.64,34.67",2013-5-26,0.29,0.25,6.29,3.25,53.991666666666674,8.842857142857143,53.991666666666674
19600,3.98,4.06,0.22,0.2,0.13,110.47,2.22,-0.05,277.73,32.51,55950.89,"89.28,34.88",2013-5-26,0.22,0.25,4.06,3.25,58.725,5.685714285714286,58.725
19610,3.22,3.28,0.18,0.16,0.12,106.94,2.7,-2.32,277.13,33.86,55644.48,"90.92,35.07",2013-5-26,0.18,0.2,3.28,3.0,55.78333333333333,4.6000000000000005,55.78333333333333
19620,2.74,2.79,0.14,0.16,0.12,106.15,1.56,-2.65,278.22,33.28,56947.94,"92.57,35.24",2013-5-26,0.14,0.2,2.79,3.0,55.12500000000001,3.9142857142857146,55.12500000000001
19630,4.79,4.82,0.1,0.21,0.11,98.74,0.26,-0.08,278.32,33.64,57328.7,"94.23,35.39",2013-5-26,0.1,0.2625,4.82,2.75,49.37,6.842857142857143,49.37
19640,11.72,11.78,0.11,0.23,0.11,95.97,1.24,-0.42,280.69,27.37,60163.46,"95.89,35.52",2013-5-26,0.11,0.28750000000000003,11.78,2.75,47.985,16.742857142857144,47.985
19650,25.28,25.32,0.1,0.29,0.11,95.51,2.25,0.11,277.88,26.75,57775.93,"97.55,35.62",2013-5-26,0.1,0.3625,25.32,2.75,47.755,36.114285714285714,47.755
19660,20.47,20.51,0.08,0.28,0.11,103.86,4.59,0.42,278.81,24.14,58712.91,"99.22,35.71",2013-5-26,0.08,0.35000000000000003,20.51,2.75,53.21666666666667,29.24285714285714,53.21666666666667
19670,14.72,14.86,0.38,0.79,0.12,92.03,-3.51,3.08,287.58,22.32,68246.44,"100.9,35.77",2013-5-26,0.38,0.9875,14.86,3.0,46.015,21.02857142857143,46.015
19680,16.55,22.1,2.3,2.21,0.17,88.52,-3.08,1.27,293.0,25.34,76289.33,"102.57,35.81",2013-5-26,2.3,2.7625,22.1,4.25,44.26,23.642857142857146,44.26
19690,24.69,63.05,4.09,4.35,0.25,93.51,-0.89,2.11,293.35,30.55,79303.4,"104.25,35.83",2013-5-26,4.09,5.4375,56.525,6.25,46.755,35.27142857142857,56.525
19700,35.25,39.41,10.04,3.92,0.24,97.99,-1.56,1.0,289.18,59.33,79403.51,"105.92,35.83",2013-5-26,10.04,4.9,39.41,6.0,48.995,50.3125,50.3125
19710,53.97,62.84,18.73,6.21,0.42,89.72,-1.58,0.52,290.92,74.78,85791.23,"107.6,35.81",2013-5-26,18.73,7.7625,56.42,10.5,44.86,73.7125,73.7125
19720,42.93,54.86,19.31,8.04,0.7,78.47,-0.95,-1.13,291.83,77.4,89248.46,"109.27,35.77",2013-5-26,19.31,10.049999999999999,52.43,17.5,39.235,59.9125,59.9125
19730,54.09,63.96,33.69,12.44,0.47,87.46,-4.6,-3.08,292.91,74.03,91183.11,"110.94,35.7",2013-5-26,33.69,15.549999999999999,56.980000000000004,11.75,43.73,73.86250000000001,73.86250000000001
19740,68.26,60.11,33.07,20.35,1.13,76.5,-4.82,-3.91,291.87,77.44,90890.77,"112.61,35.61",2013-5-26,33.07,25.4375,55.055,28.249999999999996,38.25,91.575,91.575
19750,88.51,74.99,20.63,34.49,1.84,46.44,-4.23,-6.65,293.77,90.29,99762.06,"114.28,35.51",2013-5-26,20.63,43.112500000000004,62.495,46.0,23.22,116.8875,116.8875
19760,78.27,96.46,31.17,33.04,0.89,42.48,-7.09,-4.56,293.4,89.22,99928.84,"115.94,35.38",2013-5-26,31.17,41.3,73.22999999999999,22.25,21.24,104.08749999999999,104.08749999999999
19770,67.13,83.55,20.91,23.73,0.81,47.18,-9.79,-2.44,291.16,94.84,97537.59,"117.59,35.23",2013-5-26,20.91,29.6625,66.775,20.25,23.59,90.1625,90.1625
19780,4.49,4.75,0.83,1.14,0.15,107.44,8.79,5.7,271.97,51.83,55059.8,"79.09,33.35",2013-5-26,0.83,1.4249999999999998,4.75,3.75,56.199999999999996,6.414285714285715,56.199999999999996
19790,6.82,7.03,0.59,0.44,0.15,106.72,8.33,0.82,276.3,38.27,56974.2,"80.67,33.67",2013-5-26,0.59,0.55,7.03,3.75,55.6,9.742857142857144,55.6
19800,9.34,9.49,0.48,0.24,0.14,111.57,11.17,1.04,272.45,39.52,52909.55,"82.27,33.97",2013-5-26,0.48,0.3,9.49,3.5000000000000004,59.641666666666666,13.342857142857143,59.641666666666666
19810,8.92,9.04,0.4,0.2,0.14,109.84,8.57,-0.12,277.48,25.91,55738.98,"83.88,34.24",2013-5-26,0.4,0.25,9.04,3.5000000000000004,58.2,12.742857142857144,58.2
19820,7.72,7.82,0.31,0.18,0.14,107.38,6.33,-0.03,274.03,32.84,52905.55,"85.5,34.5",2013-5-26,0.31,0.22499999999999998,7.82,3.5000000000000004,56.15,11.028571428571428,56.15
19830,6.86,6.95,0.3,0.19,0.13,105.67,5.31,-0.91,277.29,32.45,55464.76,"87.13,34.74",2013-5-26,0.3,0.2375,6.95,3.25,54.725,9.8,54.725
19840,4.64,4.72,0.24,0.18,0.13,108.63,2.86,-1.75,276.05,31.03,54325.27,"88.76,34.96",2013-5-26,0.24,0.22499999999999998,4.72,3.25,57.19166666666666,6.628571428571428,57.19166666666666
19850,3.12,3.18,0.18,0.17,0.12,109.02,1.75,-3.36,277.85,34.95,56789.84,"90.41,35.15",2013-5-26,0.18,0.21250000000000002,3.18,3.0,57.516666666666666,4.457142857142857,57.516666666666666
19860,2.83,2.88,0.15,0.15,0.12,101.94,1.19,-2.51,277.81,31.83,56479.28,"92.06,35.33",2013-5-26,0.15,0.1875,2.88,3.0,51.61666666666667,4.042857142857143,51.61666666666667
19870,3.6,3.64,0.11,0.31,0.12,98.77,-1.32,-0.73,280.09,31.27,58996.56,"93.71,35.48",2013-5-26,0.11,0.3875,3.64,3.0,49.385,5.142857142857143,49.385
19880,11.44,11.51,0.13,0.24,0.12,95.4,2.99,0.23,279.2,28.61,58635.71,"95.37,35.62",2013-5-26,0.13,0.3,11.51,3.0,47.7,16.34285714285714,47.7
19890,27.92,27.97,0.11,0.26,0.11,95.47,1.07,-0.0,278.71,26.06,58437.79,"97.04,35.73",2013-5-26,0.11,0.325,27.97,2.75,47.735,39.885714285714286,47.735
19900,28.65,28.69,0.09,0.29,0.11,101.58,3.55,1.05,280.88,22.89,60571.19,"98.71,35.82",2013-5-26,0.09,0.3625,28.69,2.75,51.31666666666666,40.92857142857143,51.31666666666666
19910,16.97,17.13,0.49,0.76,0.12,90.39,-2.15,-0.75,289.24,20.14,70057.92,"100.39,35.89",2013-5-26,0.49,0.95,17.13,3.0,45.195,24.24285714285714,45.195
19920,20.8,21.74,2.6,2.61,0.16,90.07,-4.14,0.88,292.04,25.88,75522.64,"102.06,35.94",2013-5-26,2.6,3.2624999999999997,21.74,4.0,45.035,29.714285714285715,45.035
19930,33.79,98.2,8.14,10.82,0.32,81.52,-2.29,2.4,294.29,27.7,79131.96,"103.74,35.97",2013-5-26,8.14,13.525,74.1,8.0,40.76,48.27142857142857,74.1
19940,30.32,38.14,6.46,3.46,0.23,92.93,-2.15,2.12,290.25,53.91,79788.64,"105.42,35.97",2013-5-26,6.46,4.325,38.14,5.75,46.465,43.31428571428572,46.465
19950,55.36,61.14,16.28,4.85,0.32,89.02,-0.78,1.22,290.87,72.38,85089.83,"107.1,35.95",2013-5-26,16.28,6.0625,55.57,8.0,44.51,75.45,75.45
19960,51.57,62.46,17.81,3.59,0.54,84.17,-2.06,0.24,289.48,83.79,85776.41,"108.78,35.92",2013-5-26,17.81,4.4875,56.230000000000004,13.5,42.085,70.7125,70.7125
19970,57.05,70.01,33.62,11.89,0.49,76.08,-0.24,-1.0,292.32,79.62,90845.87,"110.45,35.86",2013-5-26,33.62,14.8625,60.005,12.25,38.04,77.5625,77.5625
19980,63.97,60.75,30.89,14.43,0.79,83.43,-6.24,-2.86,289.68,83.88,87849.46,"112.12,35.78",2013-5-26,30.89,18.0375,55.375,19.75,41.715,86.2125,86.2125
19990,120.25,114.06,29.71,40.64,1.72,40.85,-2.92,-7.79,290.74,95.91,93990.07,"113.79,35.68",2013-5-26,29.71,50.8,82.03,43.0,20.425,157.5,157.5
20000,74.41,77.84,25.21,29.71,1.06,47.74,-6.23,-4.65,293.42,88.24,99817.84,"115.46,35.55",2013-5-26,25.21,37.1375,63.92,26.5,23.87,99.26249999999999,99.26249999999999
20010,64.18,80.81,18.08,23.43,0.86,51.96,-9.74,-2.25,292.83,87.53,98884.51,"117.12,35.41",2013-5-26,18.08,29.2875,65.405,21.5,25.98,86.47500000000001,86.47500000000001
20020,49.15,63.13,12.02,10.66,0.45,59.29,-9.68,0.29,291.11,93.54,99269.12,"118.77,35.24",2013-5-26,12.02,13.325,56.565,11.25,29.645,67.6875,67.6875
20030,6.36,6.63,0.66,0.55,0.15,111.38,9.84,-1.3,278.35,37.12,58910.59,"79.84,33.64",2013-5-26,0.66,0.6875,6.63,3.75,59.483333333333334,9.085714285714287,59.483333333333334
20040,7.71,7.87,0.53,0.32,0.14,108.58,10.06,0.48,275.7,35.48,55863.31,"81.44,33.95",2013-5-26,0.53,0.4,7.87,3.5000000000000004,57.15,11.014285714285714,57.15
20050,9.96,10.1,0.42,0.21,0.14,110.83,9.82,0.04,275.44,30.64,54552.66,"83.04,34.24",2013-5-26,0.42,0.2625,10.1,3.5000000000000004,59.025,14.22857142857143,59.025
20060,9.28,9.39,0.35,0.19,0.14,106.6,7.62,-0.14,275.62,29.94,54246.41,"84.66,34.51",2013-5-26,0.35,0.2375,9.39,3.5000000000000004,55.49999999999999,13.257142857142856,55.49999999999999
20070,9.03,9.13,0.3,0.2,0.13,107.29,6.36,-0.32,276.73,30.32,54908.6,"86.28,34.76",2013-5-26,0.3,0.25,9.13,3.25,56.075,12.899999999999999,56.075
20080,5.96,6.06,0.27,0.19,0.13,101.47,3.57,-1.14,277.17,29.16,55425.61,"87.92,34.99",2013-5-26,0.27,0.2375,6.06,3.25,51.225,8.514285714285714,51.225
20090,3.62,3.69,0.2,0.2,0.12,109.5,2.58,-0.6,277.64,32.68,56069.87,"89.56,35.19",2013-5-26,0.2,0.25,3.69,3.0,57.916666666666664,5.171428571428572,57.916666666666664
20100,3.4,3.46,0.19,0.14,0.12,111.72,2.9,-1.86,277.76,36.15,55838.58,"91.21,35.38",2013-5-26,0.19,0.17500000000000002,3.46,3.0,59.766666666666666,4.857142857142857,59.766666666666666
20110,2.99,3.04,0.13,0.17,0.12,105.04,0.64,-2.3,278.05,36.21,57575.57,"92.86,35.54",2013-5-26,0.13,0.21250000000000002,3.04,3.0,54.2,4.271428571428572,54.2
20120,8.05,8.1,0.11,0.23,0.11,94.27,0.05,0.3,278.32,30.42,58121.61,"94.53,35.69",2013-5-26,0.11,0.28750000000000003,8.1,2.75,47.135,11.500000000000002,47.135
20130,18.31,18.36,0.12,0.24,0.11,96.44,3.37,0.75,278.38,28.23,58222.16,"96.19,35.81",2013-5-26,0.12,0.3,18.36,2.75,48.22,26.157142857142855,48.22
20140,33.98,34.03,0.1,0.34,0.11,95.13,3.59,1.16,287.66,15.7,66339.02,"97.87,35.91",2013-5-26,0.1,0.42500000000000004,34.03,2.75,47.565,48.54285714285714,48.54285714285714
20150,15.28,15.32,0.1,0.36,0.11,99.65,4.89,0.3,280.81,23.84,60403.54,"99.54,35.99",2013-5-26,0.1,0.44999999999999996,15.32,2.75,49.825,21.82857142857143,49.825
20160,22.37,23.39,1.99,2.06,0.15,88.26,-4.75,-0.93,290.41,25.2,72750.09,"101.22,36.05",2013-5-26,1.99,2.575,23.39,3.75,44.13,31.95714285714286,44.13
20170,29.52,60.22,8.98,8.23,0.32,77.09,-2.42,-0.05,292.85,29.82,77307.23,"102.9,36.09",2013-5-26,8.98,10.287500000000001,55.11,8.0,38.545,42.17142857142857,55.11
20180,26.53,60.03,5.46,4.71,0.25,86.72,-0.47,1.5,292.0,35.55,78503.63,"104.58,36.11",2013-5-26,5.46,5.8875,55.015,6.25,43.36,37.900000000000006,55.015
20190,38.44,40.81,11.32,4.87,0.24,94.31,-1.76,3.07,290.71,58.0,81943.9,"106.26,36.1",2013-5-26,11.32,6.0875,40.81,6.0,47.155,54.3,54.3
20200,53.02,60.19,17.36,4.05,0.34,91.89,-2.61,1.04,291.84,71.18,86995.91,"107.94,36.07",2013-5-26,17.36,5.0625,55.095,8.5,45.945,72.525,72.525
20210,49.35,59.78,18.91,4.61,0.57,87.72,-3.24,-0.75,289.97,81.76,86517.3,"109.62,36.03",2013-5-26,18.91,5.7625,54.89,14.249999999999998,43.86,67.9375,67.9375
20220,73.54,81.67,39.35,16.27,0.48,77.69,-2.39,-3.88,293.75,73.24,93078.62,"111.3,35.96",2013-5-26,39.35,20.3375,65.83500000000001,12.0,38.845,98.17500000000001,98.17500000000001
20230,72.54,68.72,28.14,19.45,0.99,72.2,-4.11,-4.34,291.39,76.24,90066.95,"112.97,35.87",2013-5-26,28.14,24.3125,59.36,24.75,36.1,96.92500000000001,96.92500000000001
20240,85.73,78.71,23.15,30.68,1.49,46.21,-4.15,-4.91,293.95,89.35,99941.79,"114.64,35.75",2013-5-26,23.15,38.35,64.35499999999999,37.25,23.105,113.41250000000001,113.41250000000001
20250,82.43,108.17,24.85,34.73,1.07,44.23,-7.16,-3.18,293.59,88.25,100153.43,"116.31,35.62",2013-5-26,24.85,43.412499999999994,79.08500000000001,26.75,22.115,109.28750000000001,109.28750000000001
20260,66.28,81.54,16.54,20.96,0.7,51.05,-9.18,-1.69,291.01,94.34,97710.66,"117.96,35.46",2013-5-26,16.54,26.200000000000003,65.77000000000001,17.5,25.525,89.1,89.1
20270,4.26,4.51,0.79,1.24,0.16,107.72,7.24,2.5,274.2,44.27,56458.61,"79.01,33.61",2013-5-26,0.79,1.55,4.51,4.0,56.43333333333333,6.085714285714285,56.43333333333333
20280,6.82,7.0,0.57,0.44,0.15,106.16,9.02,2.57,274.95,37.78,55792.05,"80.6,33.93",2013-5-26,0.57,0.55,7.0,3.75,55.13333333333333,9.742857142857144,55.13333333333333
20290,9.7,9.86,0.46,0.24,0.14,110.16,10.38,0.5,274.5,34.3,54258.28,"82.2,34.23",2013-5-26,0.46,0.3,9.86,3.5000000000000004,58.46666666666667,13.857142857142856,58.46666666666667
20300,10.83,10.95,0.37,0.2,0.14,107.29,8.48,0.61,275.89,27.66,54486.86,"83.82,34.51",2013-5-26,0.37,0.25,10.95,3.5000000000000004,56.075,15.471428571428572,56.075
20310,9.28,9.39,0.32,0.19,0.14,108.71,7.49,0.07,274.83,32.37,53471.23,"85.44,34.77",2013-5-26,0.32,0.2375,9.39,3.5000000000000004,57.258333333333326,13.257142857142856,57.258333333333326
20320,7.41,7.51,0.28,0.2,0.13,103.21,3.97,-0.97,277.66,32.97,56320.44,"87.07,35.01",2013-5-26,0.28,0.25,7.51,3.25,52.675,10.585714285714285,52.675
20330,5.43,5.51,0.25,0.18,0.13,102.77,2.88,-1.18,275.89,30.99,54321.9,"88.71,35.23",2013-5-26,0.25,0.22499999999999998,5.51,3.25,52.30833333333333,7.757142857142857,52.30833333333333
20340,3.18,3.24,0.19,0.16,0.12,107.75,0.78,-4.69,276.3,39.14,55937.36,"90.36,35.42",2013-5-26,0.19,0.2,3.24,3.0,56.458333333333336,4.542857142857144,56.458333333333336
20350,2.81,2.87,0.16,0.14,0.12,103.02,1.7,-1.91,276.89,36.0,56269.09,"92.01,35.6",2013-5-26,0.16,0.17500000000000002,2.87,3.0,52.516666666666666,4.014285714285714,52.516666666666666
20360,4.48,4.52,0.12,0.24,0.12,98.35,-0.33,0.36,275.83,35.51,55435.96,"93.68,35.75",2013-5-26,0.12,0.3,4.52,3.0,49.175,6.4,49.175
20370,15.08,15.16,0.15,0.28,0.12,93.56,2.13,-1.02,278.28,27.87,58303.09,"95.34,35.89",2013-5-26,0.15,0.35000000000000003,15.16,3.0,46.78,21.542857142857144,46.78
20380,43.05,43.11,0.12,0.29,0.11,93.84,4.16,1.72,281.82,21.99,60688.51,"97.02,36.0",2013-5-26,0.12,0.3625,43.11,2.75,46.92,60.0625,60.0625
20390,33.44,33.47,0.09,0.31,0.11,100.89,3.35,1.19,280.52,22.96,60511.64,"98.69,36.09",2013-5-26,0.09,0.3875,33.47,2.75,50.74166666666667,47.77142857142857,50.74166666666667
20400,18.53,18.87,1.02,1.09,0.13,88.24,-4.84,0.16,289.43,24.99,70879.66,"100.37,36.16",2013-5-26,1.02,1.3625,18.87,3.25,44.12,26.471428571428575,44.12
20410,25.57,31.97,4.51,4.5,0.32,87.32,-3.21,3.69,288.45,29.04,70611.28,"102.05,36.21",2013-5-26,4.51,5.625,31.97,8.0,43.66,36.52857142857143,43.66
20420,77.55,249.98,33.19,41.69,0.66,17.64,-1.93,-0.19,294.94,31.61,81561.3,"103.74,36.24",2013-5-26,33.19,52.1125,149.99,16.5,8.82,103.1875,149.99
20430,28.76,35.59,5.92,3.19,0.22,91.05,-1.65,2.22,289.76,51.31,78377.24,"105.42,36.24",2013-5-26,5.92,3.9875,35.59,5.5,45.525,41.08571428571429,45.525
20440,57.5,61.02,16.29,4.11,0.3,89.61,-0.59,1.89,290.36,72.37,83957.02,"107.1,36.23",2013-5-26,16.29,5.1375,55.510000000000005,7.5,44.805,78.125,78.125
20450,52.51,62.32,17.65,3.37,0.42,88.44,-2.26,0.43,289.79,81.57,85900.66,"108.79,36.19",2013-5-26,17.65,4.2125,56.16,10.5,44.22,71.88749999999999,71.88749999999999
20460,56.86,66.17,25.55,9.0,0.41,84.82,-0.43,-0.6,293.2,75.63,91283.62,"110.47,36.13",2013-5-26,25.55,11.25,58.085,10.25,42.41,77.325,77.325
20470,63.82,63.35,31.17,14.62,0.7,83.1,-6.28,-2.64,290.61,78.56,88557.42,"112.15,36.05",2013-5-26,31.17,18.275,56.675,17.5,41.55,86.025,86.025
20480,133.47,139.39,35.72,44.72,1.68,33.56,-1.66,-5.75,291.35,93.49,95227.96,"113.82,35.95",2013-5-26,35.72,55.9,94.695,42.0,16.78,176.3857142857143,176.3857142857143
20490,80.18,91.86,23.42,28.7,1.04,49.68,-5.28,-3.64,293.71,87.34,100108.8,"115.49,35.82",2013-5-26,23.42,35.875,70.93,26.0,24.84,106.47500000000001,106.47500000000001
20500,66.68,86.56,16.86,23.19,0.86,53.09,-8.73,-1.72,292.83,88.22,99143.75,"117.15,35.68",2013-5-26,16.86,28.9875,68.28,21.5,26.545,89.60000000000001,89.60000000000001
20510,54.23,66.94,16.42,11.83,0.47,57.21,-8.92,-0.0,290.83,93.78,98987.87,"118.81,35.51",2013-5-26,16.42,14.7875,58.47,11.75,28.605,74.0375,74.0375
20520,5.65,5.88,0.68,0.58,0.15,109.79,8.76,2.05,271.79,50.27,54144.73,"79.61,33.88",2013-5-26,0.68,0.725,5.88,3.75,58.15833333333334,8.071428571428573,58.15833333333334
20530,9.05,9.21,0.5,0.3,0.14,109.04,10.02,2.43,272.31,38.91,53211.51,"81.2,34.19",2013-5-26,0.5,0.375,9.21,3.5000000000000004,57.53333333333334,12.92857142857143,57.53333333333334
20540,11.17,11.3,0.42,0.21,0.14,110.88,10.36,0.99,272.35,35.99,52246.71,"82.81,34.48",2013-5-26,0.42,0.2625,11.3,3.5000000000000004,59.06666666666666,15.957142857142857,59.06666666666666
20550,11.33,11.44,0.34,0.2,0.14,107.22,7.87,0.27,275.05,31.22,53680.39,"84.43,34.75",2013-5-26,0.34,0.25,11.44,3.5000000000000004,56.016666666666666,16.185714285714287,56.016666666666666
20560,10.73,10.83,0.3,0.2,0.13,105.7,5.48,-0.54,276.67,32.81,55239.84,"86.06,35.0",2013-5-26,0.3,0.25,10.83,3.25,54.75,15.32857142857143,54.75
20570,5.92,6.01,0.27,0.19,0.13,100.76,2.68,-1.24,277.01,29.12,55531.7,"87.7,35.23",2013-5-26,0.27,0.2375,6.01,3.25,50.63333333333334,8.457142857142857,50.63333333333334
20580,4.23,4.3,0.22,0.18,0.13,107.36,1.53,-2.25,277.04,34.17,56055.54,"89.35,35.44",2013-5-26,0.22,0.22499999999999998,4.3,3.25,56.13333333333333,6.042857142857144,56.13333333333333
20590,3.66,3.73,0.22,0.12,0.13,114.73,3.5,-3.38,277.26,41.51,55411.92,"91.0,35.63",2013-5-26,0.22,0.15,3.73,3.25,62.275000000000006,5.228571428571429,62.275000000000006
20600,3.25,3.3,0.15,0.16,0.12,105.75,0.45,-2.64,278.26,33.59,57920.16,"92.66,35.8",2013-5-26,0.15,0.2,3.3,3.0,54.791666666666664,4.642857142857143,54.791666666666664
20610,8.49,8.54,0.11,0.28,0.12,91.48,0.72,-1.39,279.24,27.22,59370.42,"94.33,35.95",2013-5-26,0.11,0.35000000000000003,8.54,3.0,45.74,12.12857142857143,45.74
20620,30.14,30.21,0.15,0.29,0.11,94.85,3.95,1.33,280.58,24.7,60740.26,"96.0,36.07",2013-5-26,0.15,0.3625,30.21,2.75,47.425,43.05714285714286,47.425
20630,58.14,58.2,0.12,0.43,0.11,92.78,4.14,2.09,292.69,12.54,71621.41,"97.68,36.18",2013-5-26,0.12,0.5375,54.1,2.75,46.39,78.925,78.925
20640,20.28,20.32,0.1,0.34,0.11,97.1,3.28,0.36,285.58,18.03,64410.73,"99.36,36.26",2013-5-26,0.1,0.42500000000000004,20.32,2.75,48.55,28.971428571428575,48.55
20650,19.66,21.07,1.83,1.77,0.16,89.4,-3.9,3.56,285.42,29.07,66637.14,"101.04,36.32",2013-5-26,1.83,2.2125,21.07,4.0,44.7,28.085714285714285,44.7
20660,27.49,44.54,10.61,8.96,0.31,81.14,-2.81,0.38,294.29,27.92,78960.28,"102.72,36.36",2013-5-26,10.61,11.200000000000001,44.54,7.75,40.57,39.27142857142857,44.54
20670,31.04,69.07,7.46,6.78,0.28,77.14,-0.64,0.85,295.04,30.03,81427.18,"104.41,36.38",2013-5-26,7.46,8.475,59.535,7.000000000000001,38.57,44.34285714285714,59.535
20680,35.88,39.02,10.54,4.92,0.24,90.85,-2.04,3.84,292.15,52.89,83020.41,"106.1,36.37",2013-5-26,10.54,6.15,39.02,6.0,45.425,51.1,51.1
20690,55.08,59.25,16.64,3.55,0.3,95.17,-2.29,1.6,291.52,70.3,85986.98,"107.78,36.35",2013-5-26,16.64,4.4375,54.625,7.5,47.585,75.1,75.1
20700,57.3,61.54,19.66,4.5,0.32,96.1,-2.93,0.4,290.64,78.62,86933.45,"109.47,36.3",2013-5-26,19.66,5.625,55.769999999999996,8.0,48.05,77.875,77.875
20710,63.36,69.13,30.23,11.53,0.47,97.58,-4.91,-0.93,288.59,85.62,85081.84,"111.15,36.24",2013-5-26,30.23,14.4125,59.565,11.75,48.79,85.45,85.45
20720,81.76,85.36,35.29,23.49,0.9,71.26,-4.39,-4.11,290.16,84.69,89411.84,"112.83,36.15",2013-5-26,35.29,29.362499999999997,67.68,22.5,35.63,108.45,108.45
20730,116.36,128.65,27.04,35.76,1.6,40.01,-3.13,-4.61,293.89,90.33,99773.74,"114.5,36.04",2013-5-26,27.04,44.699999999999996,89.325,40.0,20.005,151.94285714285715,151.94285714285715
20740,82.28,109.64,21.54,32.67,1.04,47.63,-6.18,-2.18,293.71,87.18,100180.14,"116.17,35.9",2013-5-26,21.54,40.837500000000006,79.82,26.0,23.815,109.1,109.1
20750,66.27,83.02,14.92,19.38,0.69,53.83,-9.24,-0.3,290.99,93.18,97256.47,"117.84,35.75",2013-5-26,14.92,24.224999999999998,66.50999999999999,17.25,26.915,89.08749999999999,89.08749999999999
20760,41.98,58.0,5.65,5.61,0.29,76.5,-9.19,-0.09,289.85,97.23,100172.16,"119.5,35.58",2013-5-26,5.65,7.0125,54.0,7.249999999999999,38.25,58.724999999999994,58.724999999999994
20770,6.93,7.11,0.61,0.41,0.15,110.87,9.83,1.24,272.2,42.34,53626.98,"80.21,34.13",2013-5-26,0.61,0.5125,7.11,3.75,59.05833333333334,9.9,59.05833333333334
20780,9.23,9.51,0.46,0.25,0.14,119.37,10.43,2.14,274.93,39.47,53900.48,"81.81,34.44",2013-5-26,0.46,0.3125,9.51,3.5000000000000004,66.14166666666668,13.185714285714287,66.14166666666668
20790,12.01,12.14,0.4,0.21,0.14,110.52,8.7,-0.19,275.54,29.03,54199.63,"83.43,34.72",2013-5-26,0.4,0.2625,12.14,3.5000000000000004,58.766666666666666,17.15714285714286,58.766666666666666
20800,13.01,13.12,0.32,0.2,0.14,107.86,6.79,0.55,276.67,31.14,55145.05,"85.05,34.99",2013-5-26,0.32,0.25,13.12,3.5000000000000004,56.55,18.585714285714285,56.55
20810,7.91,8.01,0.3,0.19,0.13,101.26,3.07,-1.7,275.77,33.08,54754.25,"86.69,35.23",2013-5-26,0.3,0.2375,8.01,3.25,51.050000000000004,11.3,51.050000000000004
20820,5.62,5.71,0.26,0.18,0.13,100.82,2.89,-0.91,277.67,28.04,56168.85,"88.33,35.45",2013-5-26,0.26,0.22499999999999998,5.71,3.25,50.68333333333333,8.028571428571428,50.68333333333333
20830,3.35,3.42,0.2,0.17,0.12,103.78,0.39,-4.44,273.96,48.16,54957.25,"89.98,35.65",2013-5-26,0.2,0.21250000000000002,3.42,3.0,53.15,4.785714285714286,53.15
20840,2.97,3.02,0.18,0.14,0.12,105.92,2.65,-1.16,275.66,36.92,55223.45,"91.64,35.84",2013-5-26,0.18,0.17500000000000002,3.02,3.0,54.93333333333334,4.242857142857143,54.93333333333334
20850,5.12,5.16,0.13,0.19,0.12,97.81,-0.33,-1.37,277.96,31.46,58117.48,"93.31,36.0",2013-5-26,0.13,0.2375,5.16,3.0,48.905,7.314285714285715,48.905
20860,20.88,21.15,0.42,0.91,0.12,90.79,2.21,-0.36,283.38,20.46,63910.01,"94.98,36.13",2013-5-26,0.42,1.1375,21.15,3.0,45.395,29.82857142857143,45.395
20870,80.23,80.31,0.16,0.37,0.11,90.5,5.53,0.6,290.74,14.17,70096.64,"96.66,36.25",2013-5-26,0.16,0.4625,65.155,2.75,45.25,106.53750000000001,106.53750000000001
20880,46.85,46.89,0.1,0.38,0.11,96.95,2.72,2.67,286.27,16.96,65500.36,"98.34,36.35",2013-5-26,0.1,0.475,46.89,2.75,48.475,64.8125,64.8125
20890,15.52,15.78,0.74,0.86,0.12,90.01,-1.91,1.21,287.36,24.7,67995.23,"100.02,36.42",2013-5-26,0.74,1.075,15.78,3.0,45.005,22.17142857142857,45.005
20900,52.77,112.66,24.91,19.95,1.21,65.96,-3.44,1.75,288.91,32.66,72346.59,"101.71,36.47",2013-5-26,24.91,24.9375,81.33,30.25,32.98,72.2125,81.33
20910,31.14,73.44,6.87,6.9,0.29,72.14,-1.31,-0.29,294.07,30.26,79581.23,"103.4,36.5",2013-5-26,6.87,8.625,61.72,7.249999999999999,36.07,44.48571428571429,61.72
20920,26.89,40.23,5.64,2.86,0.21,88.12,-1.59,3.18,291.45,43.27,79292.45,"105.08,36.51",2013-5-26,5.64,3.5749999999999997,40.23,5.25,44.06,38.41428571428572,44.06
20930,52.03,55.08,14.81,4.75,0.27,88.9,-0.94,2.75,289.58,69.48,82092.25,"106.77,36.5",2013-5-26,14.81,5.9375,52.54,6.75,44.45,71.2875,71.2875
20940,58.37,62.82,17.99,2.81,0.31,94.9,-2.44,1.61,289.28,79.48,84091.72,"108.46,36.47",2013-5-26,17.99,3.5125,56.41,7.75,47.45,79.2125,79.2125
20950,61.36,66.23,21.59,5.95,0.35,91.77,-2.71,0.05,291.49,77.52,88390.59,"110.15,36.41",2013-5-26,21.59,7.4375,58.115,8.75,45.885,82.95,82.95
20960,60.23,65.68,27.42,14.64,0.61,99.23,-4.16,-1.65,292.4,73.1,90103.48,"111.83,36.34",2013-5-26,27.42,18.3,57.84,15.25,49.615,81.5375,81.5375
20970,111.81,120.27,29.08,28.08,1.12,50.64,-5.76,-2.73,286.98,98.08,86425.17,"113.51,36.24",2013-5-26,29.08,35.099999999999994,85.13499999999999,28.000000000000004,25.32,146.0125,146.0125
20980,91.84,106.89,23.75,29.78,1.1,48.43,-4.28,-2.92,294.01,88.9,100061.24,"115.19,36.12",2013-5-26,23.75,37.225,78.445,27.500000000000004,24.215,121.05000000000001,121.05000000000001
20990,77.87,105.62,17.08,31.75,0.91,46.57,-7.49,-1.41,293.25,87.54,99467.25,"116.86,35.98",2013-5-26,17.08,39.6875,77.81,22.75,23.285,103.5875,103.5875
21000,65.42,78.61,15.85,14.51,0.57,55.1,-7.12,-1.21,290.57,94.94,98202.08,"118.52,35.82",2013-5-26,15.85,18.1375,64.305,14.249999999999998,27.55,88.025,88.025
21010,3.87,4.1,0.8,0.81,0.16,111.08,9.55,3.47,269.94,57.88,53121.06,"79.05,34.04",2013-5-26,0.8,1.0125000000000002,4.1,4.0,59.233333333333334,5.5285714285714285,59.233333333333334
21020,8.22,8.39,0.55,0.35,0.15,108.57,8.26,3.94,270.72,44.22,52343.46,"80.65,34.36",2013-5-26,0.55,0.4375,8.39,3.75,57.14166666666666,11.742857142857144,57.14166666666666
21030,13.2,13.36,0.47,0.24,0.14,111.17,10.83,0.68,271.45,39.38,51871.64,"82.26,34.66",2013-5-26,0.47,0.3,13.36,3.5000000000000004,59.30833333333334,18.857142857142858,59.30833333333334
21040,13.26,13.4,0.37,0.21,0.14,107.44,7.71,0.24,275.81,31.48,54475.06,"83.88,34.94",2013-5-26,0.37,0.2625,13.4,3.5000000000000004,56.199999999999996,18.942857142857143,56.199999999999996
21050,10.6,10.72,0.33,0.2,0.14,103.18,4.52,0.09,276.34,34.75,55294.72,"85.51,35.2",2013-5-26,0.33,0.25,10.72,3.5000000000000004,52.650000000000006,15.142857142857142,52.650000000000006
21060,6.61,6.71,0.29,0.2,0.13,102.09,3.0,-1.48,277.34,30.13,56216.48,"87.15,35.43",2013-5-26,0.29,0.25,6.71,3.25,51.74166666666667,9.442857142857143,51.74166666666667
21070,5.22,5.3,0.27,0.17,0.13,103.27,2.39,-2.06,275.39,32.78,54418.57,"88.8,35.65",2013-5-26,0.27,0.21250000000000002,5.3,3.25,52.724999999999994,7.457142857142857,52.724999999999994
21080,3.27,3.33,0.2,0.15,0.12,105.39,2.01,-2.62,274.28,45.64,55094.94,"90.46,35.85",2013-5-26,0.2,0.1875,3.33,3.0,54.49166666666667,4.671428571428572,54.49166666666667
21090,3.41,3.47,0.17,0.15,0.12,99.85,0.92,-2.18,277.99,33.13,57922.49,"92.12,36.02",2013-5-26,0.17,0.1875,3.47,3.0,49.925,4.871428571428572,49.925
21100,7.76,7.8,0.11,0.19,0.12,91.31,1.03,-1.05,278.15,28.48,58900.3,"93.79,36.17",2013-5-26,0.11,0.2375,7.8,3.0,45.655,11.085714285714285,45.655
21110,51.0,51.17,0.28,0.55,0.12,91.25,5.4,-0.04,289.4,14.9,69437.14,"95.47,36.31",2013-5-26,0.28,0.6875,50.585,3.0,45.625,70.0,70.0
21120,34.68,34.75,0.14,0.4,0.11,90.39,4.37,0.36,293.22,11.35,72580.7,"97.15,36.42",2013-5-26,0.14,0.5,34.75,2.75,45.195,49.542857142857144,49.542857142857144
21130,30.46,30.5,0.1,0.35,0.11,100.34,6.18,2.95,283.54,18.29,62640.55,"98.83,36.51",2013-5-26,0.1,0.4375,30.5,2.75,50.28333333333334,43.51428571428572,50.28333333333334
21140,17.09,17.76,1.31,1.67,0.13,90.72,-3.85,5.51,285.31,30.93,67568.28,"100.52,36.57",2013-5-26,1.31,2.0875,17.76,3.25,45.36,24.414285714285715,45.36
21150,31.16,52.0,8.65,7.26,0.58,82.61,-4.04,1.13,290.14,31.67,73751.19,"102.21,36.62",2013-5-26,8.65,9.075,51.0,14.499999999999998,41.305,44.51428571428571,51.0
21160,32.77,74.02,6.53,6.67,0.24,78.43,0.64,-0.09,293.21,32.31,78890.61,"103.9,36.65",2013-5-26,6.53,8.3375,62.01,6.0,39.215,46.81428571428572,62.01
21170,27.08,30.37,6.14,3.17,0.21,88.7,0.44,3.16,292.86,38.71,81056.52,"105.59,36.65",2013-5-26,6.14,3.9625,30.37,5.25,44.35,38.68571428571428,44.35
21180,55.59,59.36,16.17,2.9,0.3,92.15,-0.79,2.75,291.79,67.89,85029.4,"107.28,36.63",2013-5-26,16.17,3.625,54.68,7.5,46.075,75.73750000000001,75.73750000000001
21190,61.99,67.13,21.9,4.8,0.34,93.96,-1.86,1.09,290.07,80.59,86042.57,"108.97,36.59",2013-5-26,21.9,6.0,58.565,8.5,46.98,83.73750000000001,83.73750000000001
21200,55.44,62.02,21.6,7.36,0.42,98.03,-2.98,-0.05,293.15,69.37,90032.84,"110.66,36.53",2013-5-26,21.6,9.200000000000001,56.010000000000005,10.5,49.015,75.55,75.55
21210,70.34,75.28,30.4,23.12,0.84,96.28,-4.42,-2.01,290.0,84.82,88446.04,"112.35,36.45",2013-5-26,30.4,28.900000000000002,62.64,21.0,48.14,94.17500000000001,94.17500000000001
21220,147.41,174.48,39.73,45.08,1.62,31.94,-1.53,-3.78,292.66,90.63,96955.96,"114.03,36.34",2013-5-26,39.73,56.349999999999994,112.24,40.5,15.97,196.3,196.3
21230,89.85,117.14,25.06,34.07,1.09,46.68,-4.28,-1.96,294.05,86.2,100057.47,"115.71,36.22",2013-5-26,25.06,42.5875,83.57,27.250000000000004,23.34,118.5625,118.5625
21240,73.07,100.61,14.26,24.4,0.8,52.04,-7.25,-0.12,292.4,87.14,98250.47,"117.38,36.07",2013-5-26,14.26,30.5,75.305,20.0,26.02,97.58749999999999,97.58749999999999
21250,52.64,61.69,14.88,9.18,0.41,60.53,-6.86,-0.7,290.25,95.36,99044.77,"119.05,35.9",2013-5-26,14.88,11.475,55.845,10.25,30.265,72.05,72.05
21260,4.29,4.51,0.72,0.52,0.16,110.98,9.67,3.1,268.59,58.17,51793.62,"79.49,34.27",2013-5-26,0.72,0.65,4.51,4.0,59.150000000000006,6.128571428571429,59.150000000000006
21270,11.18,11.35,0.53,0.32,0.15,107.55,9.41,1.67,273.22,35.09,53725.68,"81.09,34.58",2013-5-26,0.53,0.4,11.35,3.75,56.291666666666664,15.971428571428572,56.291666666666664
21280,14.79,14.97,0.46,0.23,0.14,113.89,10.8,0.75,275.45,32.22,54473.89,"82.71,34.88",2013-5-26,0.46,0.28750000000000003,14.97,3.5000000000000004,61.575,21.128571428571426,61.575
21290,13.49,13.63,0.36,0.22,0.14,107.36,6.53,-0.11,277.46,30.93,55965.11,"84.34,35.15",2013-5-26,0.36,0.275,13.63,3.5000000000000004,56.13333333333333,19.271428571428572,56.13333333333333
21300,7.61,7.72,0.32,0.2,0.14,102.39,3.12,-1.08,275.53,36.23,55125.59,"85.97,35.4",2013-5-26,0.32,0.25,7.72,3.5000000000000004,51.99166666666667,10.871428571428572,51.99166666666667
21310,7.2,7.3,0.29,0.19,0.13,100.03,3.08,-0.6,276.43,31.48,55507.4,"87.62,35.63",2013-5-26,0.29,0.2375,7.3,3.25,50.025,10.285714285714286,50.025
21320,4.72,4.8,0.26,0.16,0.13,110.51,1.43,-1.92,276.06,38.51,55558.98,"89.27,35.85",2013-5-26,0.26,0.2,4.8,3.25,58.75833333333334,6.742857142857143,58.75833333333334
21330,3.2,3.27,0.21,0.14,0.13,105.79,4.73,-2.79,271.34,48.25,52257.77,"90.93,36.04",2013-5-26,0.21,0.17500000000000002,3.27,3.25,54.825,4.571428571428572,54.825
21340,4.6,4.65,0.16,0.16,0.12,99.48,0.54,-0.73,277.42,33.42,58297.3,"92.6,36.2",2013-5-26,0.16,0.2,4.65,3.0,49.74,6.571428571428571,49.74
21350,16.52,16.56,0.12,0.3,0.12,91.5,2.43,-0.7,289.3,15.19,70045.73,"94.28,36.35",2013-5-26,0.12,0.375,16.56,3.0,45.75,23.6,45.75
21360,38.84,38.98,0.25,0.48,0.12,89.49,4.93,0.25,293.27,12.12,73217.51,"95.96,36.48",2013-5-26,0.25,0.6,38.98,3.0,44.745,54.800000000000004,54.800000000000004
21370,26.24,26.29,0.13,0.37,0.11,93.64,2.52,1.37,292.39,11.67,71544.65,"97.64,36.58",2013-5-26,0.13,0.4625,26.29,2.75,46.82,37.48571428571429,46.82
21380,13.53,13.64,0.3,0.63,0.12,93.14,0.12,-1.12,288.92,16.73,68627.54,"99.33,36.66",2013-5-26,0.3,0.7875,13.64,3.0,46.57,19.32857142857143,46.57
21390,22.29,29.23,5.46,3.58,0.28,83.46,-4.97,3.78,285.08,33.41,67438.5,"101.02,36.73",2013-5-26,5.46,4.475,29.23,7.000000000000001,41.73,31.84285714285714,41.73
21400,22.9,38.18,4.92,5.19,0.28,84.31,-1.56,-0.2,289.53,34.47,73928.95,"102.71,36.77",2013-5-26,4.92,6.487500000000001,38.18,7.000000000000001,42.155,32.714285714285715,42.155
21410,33.21,61.84,7.66,6.0,0.25,71.11,-2.86,0.64,294.53,37.99,83130.96,"104.41,36.78",2013-5-26,7.66,7.5,55.92,6.25,35.555,47.44285714285714,55.92
21420,37.1,39.8,10.49,4.56,0.24,87.79,-2.35,4.33,292.85,51.29,83679.8,"106.1,36.78",2013-5-26,10.49,5.699999999999999,39.8,6.0,43.895,52.625,52.625
21430,53.96,58.02,15.63,2.33,0.29,95.6,-1.39,2.2,290.76,69.24,83836.14,"107.8,36.76",2013-5-26,15.63,2.9125,54.010000000000005,7.249999999999999,47.8,73.7,73.7
21440,57.76,62.67,22.87,5.37,0.33,95.76,-2.32,1.12,291.99,72.94,87969.7,"109.49,36.71",2013-5-26,22.87,6.7125,56.335,8.25,47.88,78.44999999999999,78.44999999999999
21450,58.42,66.19,23.48,9.2,0.56,104.22,-5.45,-1.97,289.14,81.27,85354.14,"111.18,36.64",2013-5-26,23.48,11.5,58.095,14.000000000000002,53.516666666666666,79.275,79.275
21460,84.23,95.54,30.15,23.26,0.86,88.39,-4.81,-0.63,290.66,82.01,89777.23,"112.87,36.55",2013-5-26,30.15,29.075000000000003,72.77000000000001,21.5,44.195,111.53750000000001,111.53750000000001
21470,136.38,167.04,32.39,32.33,1.42,41.03,-2.3,-3.56,294.16,89.39,99948.99,"114.55,36.44",2013-5-26,32.39,40.412499999999994,108.52,35.5,20.515,180.54285714285714,180.54285714285714
21480,85.06,118.43,22.23,36.72,1.17,44.24,-4.04,-1.18,294.24,84.22,100182.08,"116.23,36.31",2013-5-26,22.23,45.9,84.215,29.25,22.12,112.575,112.575
21490,66.55,87.93,13.38,19.07,0.69,57.81,-9.58,1.37,290.75,89.95,95930.55,"117.9,36.16",2013-5-26,13.38,23.8375,68.965,17.25,28.905,89.4375,89.4375
21500,45.86,55.65,8.6,6.36,0.39,70.4,-7.94,1.81,289.93,95.16,99434.91,"119.57,35.98",2013-5-26,8.6,7.95,52.825,9.75,35.2,63.575,63.575
21510,9.6,9.79,0.66,0.4,0.15,111.77,10.4,3.64,271.79,43.36,53437.34,"80.09,34.53",2013-5-26,0.66,0.5,9.79,3.75,59.80833333333333,13.714285714285714,59.80833333333333
21520,13.91,14.12,0.51,0.28,0.15,108.39,10.05,0.95,275.29,33.52,55161.11,"81.7,34.84",2013-5-26,0.51,0.35000000000000003,14.12,3.75,56.99166666666667,19.871428571428574,56.99166666666667
21530,14.23,14.5,0.43,0.21,0.14,114.94,10.86,-0.12,276.64,34.02,55021.42,"83.33,35.12",2013-5-26,0.43,0.2625,14.5,3.5000000000000004,62.45,20.32857142857143,62.45
21540,10.6,10.73,0.33,0.21,0.14,101.99,3.94,-0.14,276.15,36.59,55577.94,"84.96,35.39",2013-5-26,0.33,0.2625,10.73,3.5000000000000004,51.65833333333333,15.142857142857142,51.65833333333333
21550,7.77,7.88,0.31,0.2,0.13,102.1,4.13,-0.64,275.69,34.2,55173.69,"86.6,35.63",2013-5-26,0.31,0.25,7.88,3.25,51.74999999999999,11.1,51.74999999999999
21560,6.35,6.45,0.3,0.18,0.13,101.45,2.85,-2.41,275.68,32.88,55411.46,"88.25,35.86",2013-5-26,0.3,0.22499999999999998,6.45,3.25,51.208333333333336,9.071428571428571,51.208333333333336
21570,3.69,3.76,0.23,0.17,0.13,103.06,1.42,-1.12,273.66,49.41,54984.0,"89.91,36.06",2013-5-26,0.23,0.21250000000000002,3.76,3.25,52.550000000000004,5.271428571428571,52.550000000000004
21580,3.59,3.66,0.2,0.16,0.12,99.92,2.97,-0.91,275.23,39.07,55503.38,"91.58,36.24",2013-5-26,0.2,0.2,3.66,3.0,49.96,5.128571428571428,49.96
21590,8.08,8.12,0.13,0.18,0.12,94.1,0.26,0.04,281.87,22.85,62524.96,"93.25,36.4",2013-5-26,0.13,0.22499999999999998,8.12,3.0,47.05,11.542857142857143,47.05
21600,34.27,34.76,0.73,1.65,0.13,85.73,4.97,-1.93,291.74,13.54,72747.91,"94.93,36.54",2013-5-26,0.73,2.0625,34.76,3.25,42.865,48.95714285714286,48.95714285714286
21610,12.91,12.97,0.2,0.33,0.11,95.11,2.46,-1.31,292.98,10.89,73059.91,"96.62,36.66",2013-5-26,0.2,0.41250000000000003,12.97,2.75,47.555,18.442857142857143,47.555
21620,21.62,21.67,0.15,0.41,0.11,97.85,3.96,3.82,287.39,14.65,66223.93,"98.3,36.75",2013-5-26,0.15,0.5125,21.67,2.75,48.925,30.885714285714286,48.925
21630,14.12,14.82,1.46,1.48,0.13,90.84,-0.04,0.25,283.78,37.65,69486.3,"100.0,36.83",2013-5-26,1.46,1.85,14.82,3.25,45.42,20.17142857142857,45.42
21640,42.52,92.14,28.33,23.77,1.05,70.87,-1.94,1.0,289.42,34.05,73449.23,"101.69,36.88",2013-5-26,28.33,29.7125,71.07,26.25,35.435,59.400000000000006,71.07
21650,26.95,45.31,3.04,3.27,0.22,84.23,0.15,-1.05,289.59,34.47,74144.29,"103.39,36.91",2013-5-26,3.04,4.0875,45.31,5.5,42.115,38.5,45.31
21660,25.74,33.61,7.6,4.77,0.21,84.79,0.2,3.53,293.49,35.68,80841.3,"105.08,36.92",2013-5-26,7.6,5.9624999999999995,33.61,5.25,42.395,36.77142857142857,42.395
21670,43.9,51.4,13.42,3.53,0.29,90.06,-1.6,3.81,289.77,65.47,81530.77,"106.78,36.91",2013-5-26,13.42,4.4125,50.7,7.249999999999999,45.03,61.125,61.125
21680,58.05,62.97,19.92,3.68,0.31,96.22,-2.14,2.26,290.41,73.51,84480.14,"108.48,36.88",2013-5-26,19.92,4.6000000000000005,56.485,7.75,48.11,78.8125,78.8125
21690,59.96,65.1,21.87,4.98,0.34,95.8,-1.63,1.12,293.59,69.22,90233.36,"110.17,36.82",2013-5-26,21.87,6.2250000000000005,57.55,8.5,47.9,81.2,81.2
21700,63.15,70.24,27.42,16.15,0.84,108.94,-3.39,-1.2,291.15,73.24,87486.58,"111.86,36.74",2013-5-26,27.42,20.1875,60.12,21.0,57.449999999999996,85.1875,85.1875
21710,109.3,126.78,30.26,31.18,1.12,63.52,-3.88,-1.87,290.98,86.67,91937.61,"113.55,36.65",2013-5-26,30.26,38.975,88.39,28.000000000000004,31.76,142.875,142.875
21720,114.0,140.88,26.52,34.93,1.13,44.84,-3.21,-2.25,294.2,88.58,100107.49,"115.24,36.53",2013-5-26,26.52,43.6625,95.44,28.249999999999996,22.42,148.75,148.75
21730,70.23,97.26,11.35,22.99,0.84,51.73,-8.38,2.57,292.92,83.5,97582.22,"116.92,36.39",2013-5-26,11.35,28.737499999999997,73.63,21.0,25.865,94.03750000000001,94.03750000000001
21740,64.88,77.48,14.62,14.11,0.58,56.98,-7.92,3.01,289.88,94.21,96098.21,"118.59,36.22",2013-5-26,14.62,17.6375,63.74,14.499999999999998,28.49,87.35,87.35
21750,3.89,4.11,0.8,0.91,0.16,111.91,8.7,3.33,270.01,60.05,53755.5,"78.93,34.44",2013-5-26,0.8,1.1375,4.11,4.0,59.925,5.557142857142858,59.925
21760,11.01,11.19,0.6,0.4,0.15,108.15,9.6,1.65,272.84,38.72,54044.3,"80.54,34.76",2013-5-26,0.6,0.5,11.19,3.75,56.79166666666667,15.728571428571428,56.79166666666667
21770,15.03,15.29,0.5,0.24,0.15,115.32,11.92,2.07,273.03,39.26,53173.35,"82.15,35.06",2013-5-26,0.5,0.3,15.29,3.75,62.766666666666666,21.47142857142857,62.766666666666666
21780,14.58,14.75,0.4,0.22,0.14,107.24,7.5,0.55,276.74,32.46,55795.92,"83.78,35.34",2013-5-26,0.4,0.275,14.75,3.5000000000000004,56.03333333333333,20.82857142857143,56.03333333333333
21790,8.86,8.98,0.32,0.2,0.13,103.01,3.13,-0.18,274.11,40.44,54056.69,"85.42,35.6",2013-5-26,0.32,0.25,8.98,3.25,52.50833333333334,12.657142857142857,52.50833333333334
21800,6.91,7.01,0.31,0.19,0.14,102.78,3.3,-1.04,276.53,33.17,56132.71,"87.07,35.84",2013-5-26,0.31,0.2375,7.01,3.5000000000000004,52.31666666666667,9.871428571428572,52.31666666666667
21810,6.17,6.26,0.31,0.16,0.13,103.87,2.49,-1.92,275.99,34.42,56052.3,"88.72,36.05",2013-5-26,0.31,0.2,6.26,3.25,53.225,8.814285714285715,53.225
21820,3.63,3.7,0.22,0.17,0.13,103.96,3.48,-1.64,273.92,49.83,55255.44,"90.39,36.25",2013-5-26,0.22,0.21250000000000002,3.7,3.25,53.3,5.185714285714286,53.3
21830,5.94,6.01,0.18,0.17,0.12,91.42,0.97,-1.92,279.86,29.41,60468.75,"92.06,36.42",2013-5-26,0.18,0.21250000000000002,6.01,3.0,45.71,8.485714285714286,45.71
21840,14.09,14.14,0.13,0.29,0.12,89.79,2.17,-2.24,289.99,15.32,71123.22,"93.74,36.58",2013-5-26,0.13,0.3625,14.14,3.0,44.895,20.12857142857143,44.895
21850,18.93,19.07,0.24,0.43,0.12,92.71,3.54,-1.74,292.08,12.04,73163.84,"95.42,36.71",2013-5-26,0.24,0.5375,19.07,3.0,46.355,27.042857142857144,46.355
21860,18.16,18.21,0.15,0.3,0.11,96.03,0.87,0.64,292.12,11.14,71842.63,"97.11,36.82",2013-5-26,0.15,0.375,18.21,2.75,48.015,25.942857142857143,48.015
21870,9.94,10.04,0.26,0.62,0.12,99.29,1.63,-0.72,287.12,16.13,66859.16,"98.8,36.91",2013-5-26,0.26,0.775,10.04,3.0,49.645,14.2,49.645
21880,18.59,19.83,3.46,3.58,0.15,86.55,-5.34,2.27,284.93,36.64,68802.12,"100.5,36.98",2013-5-26,3.46,4.475,19.83,3.75,43.275,26.557142857142857,43.275
21890,21.15,24.36,3.38,2.65,0.23,88.8,-2.55,2.45,284.63,40.34,68092.7,"102.2,37.03",2013-5-26,3.38,3.3125,24.36,5.75,44.4,30.21428571428571,44.4
21900,30.28,44.88,3.17,2.87,0.17,81.27,1.51,-2.14,292.5,28.71,77076.31,"103.9,37.05",2013-5-26,3.17,3.5875000000000004,44.88,4.25,40.635,43.25714285714286,44.88
21910,25.77,30.11,7.01,4.13,0.24,86.25,-1.21,2.55,294.49,38.89,83622.91,"105.6,37.06",2013-5-26,7.01,5.1625,30.11,6.0,43.125,36.81428571428572,43.125
21920,48.35,56.06,15.19,2.44,0.31,93.98,-0.19,3.76,291.5,66.51,84060.98,"107.29,37.04",2013-5-26,15.19,3.05,53.03,7.75,46.99,66.6875,66.6875
21930,58.27,63.27,23.01,4.76,0.32,96.56,-1.73,2.54,291.27,72.33,86027.07,"108.99,37.0",2013-5-26,23.01,5.949999999999999,56.635000000000005,8.0,48.28,79.0875,79.0875
21940,53.98,61.09,20.72,5.92,0.46,104.07,-2.87,0.92,292.15,67.79,87811.23,"110.69,36.94",2013-5-26,20.72,7.4,55.545,11.5,53.39166666666666,73.725,73.725
21950,77.02,80.21,29.46,23.53,0.92,105.3,-3.52,-0.33,288.07,88.56,85137.32,"112.38,36.85",2013-5-26,29.46,29.4125,65.10499999999999,23.0,54.416666666666664,102.52499999999999,102.52499999999999
21960,132.73,157.93,34.52,39.55,1.35,40.6,-1.68,-2.99,292.72,87.32,96225.29,"114.07,36.75",2013-5-26,34.52,49.4375,103.965,33.75,20.3,175.32857142857142,175.32857142857142
21970,106.04,138.91,28.54,40.83,1.25,40.8,-3.46,-1.2,294.28,87.07,100219.94,"115.76,36.62",2013-5-26,28.54,51.037499999999994,94.455,31.25,20.4,138.8,138.8
21980,74.7,104.26,11.7,22.71,0.78,52.42,-6.93,2.82,291.47,88.58,96437.61,"117.44,36.47",2013-5-26,11.7,28.387500000000003,77.13,19.5,26.21,99.625,99.625
21990,58.0,66.3,19.51,12.52,0.48,57.02,-7.46,1.38,290.4,94.42,99611.8,"119.11,36.3",2013-5-26,19.51,15.649999999999999,58.15,12.0,28.51,78.75,78.75
22000,4.04,4.25,0.82,0.78,0.16,112.58,10.35,4.8,266.62,71.32,51192.04,"78.89,34.57",2013-5-26,0.82,0.9750000000000001,4.25,4.0,60.483333333333334,5.771428571428571,60.483333333333334
22010,10.37,10.54,0.61,0.39,0.15,107.03,8.04,1.41,273.86,36.92,54998.46,"80.5,34.89",2013-5-26,0.61,0.48750000000000004,10.54,3.75,55.858333333333334,14.814285714285713,55.858333333333334
22020,19.72,20.05,0.5,0.23,0.15,117.97,12.27,2.41,271.81,41.71,52401.79,"82.12,35.19",2013-5-26,0.5,0.28750000000000003,20.05,3.75,64.975,28.17142857142857,64.975
22030,13.83,13.98,0.38,0.22,0.14,103.93,6.1,0.92,277.19,32.87,56323.37,"83.75,35.47",2013-5-26,0.38,0.275,13.98,3.5000000000000004,53.275000000000006,19.757142857142856,53.275000000000006
22040,8.62,8.74,0.33,0.2,0.14,102.65,3.62,0.44,274.31,40.01,54285.36,"85.39,35.73",2013-5-26,0.33,0.25,8.74,3.5000000000000004,52.208333333333336,12.314285714285713,52.208333333333336
22050,6.62,6.73,0.32,0.18,0.14,102.51,3.22,-0.98,276.53,33.46,56255.73,"87.04,35.97",2013-5-26,0.32,0.22499999999999998,6.73,3.5000000000000004,52.09166666666667,9.457142857142857,52.09166666666667
22060,6.84,6.94,0.31,0.15,0.13,102.78,2.89,-2.25,274.61,37.95,55121.08,"88.7,36.19",2013-5-26,0.31,0.1875,6.94,3.25,52.31666666666667,9.771428571428572,52.31666666666667
22070,3.85,3.93,0.24,0.18,0.13,103.66,3.5,-1.91,274.2,51.32,55861.62,"90.36,36.38",2013-5-26,0.24,0.22499999999999998,3.93,3.25,53.05,5.5,53.05
22080,6.94,7.01,0.19,0.18,0.12,91.47,1.13,-1.38,283.71,24.63,64802.76,"92.04,36.56",2013-5-26,0.19,0.22499999999999998,7.01,3.0,45.735,9.914285714285715,45.735
22090,16.48,16.53,0.14,0.28,0.12,87.21,3.02,-3.12,290.41,15.58,71909.48,"93.72,36.71",2013-5-26,0.14,0.35000000000000003,16.53,3.0,43.605,23.542857142857144,43.605
22100,17.16,17.28,0.22,0.39,0.12,93.44,1.5,-1.45,292.16,11.88,73249.68,"95.41,36.85",2013-5-26,0.22,0.48750000000000004,17.28,3.0,46.72,24.514285714285716,46.72
22110,12.25,12.3,0.17,0.29,0.11,97.72,0.56,0.36,291.44,11.19,71063.11,"97.1,36.96",2013-5-26,0.17,0.3625,12.3,2.75,48.86,17.5,48.86
22120,9.07,9.18,0.27,0.59,0.12,100.87,2.4,0.17,284.58,17.64,64383.68,"98.79,37.05",2013-5-26,0.27,0.7374999999999999,9.18,3.0,50.725,12.957142857142857,50.725
22130,16.46,17.34,2.77,2.74,0.14,86.19,-4.29,3.17,285.92,32.73,68519.91,"100.49,37.12",2013-5-26,2.77,3.4250000000000003,17.34,3.5000000000000004,43.095,23.514285714285716,43.095
22140,18.97,21.6,2.13,1.48,0.18,91.83,-2.38,0.8,285.76,37.96,69691.87,"102.19,37.16",2013-5-26,2.13,1.85,21.6,4.5,45.915,27.099999999999998,45.915
22150,32.8,42.87,2.91,2.65,0.17,79.58,2.1,-1.82,294.39,26.02,79452.37,"103.89,37.19",2013-5-26,2.91,3.3125,42.87,4.25,39.79,46.857142857142854,46.857142857142854
22160,24.43,29.79,7.24,4.44,0.26,86.07,-1.02,3.3,294.83,38.19,83749.09,"105.6,37.19",2013-5-26,7.24,5.550000000000001,29.79,6.5,43.035,34.9,43.035
22170,46.85,54.61,14.88,2.33,0.31,95.07,-0.18,4.07,291.42,65.55,83579.76,"107.3,37.17",2013-5-26,14.88,2.9125,52.305,7.75,47.535,64.8125,64.8125
22180,57.09,61.96,21.06,4.13,0.32,97.07,-1.51,2.94,291.39,70.71,85752.64,"109.0,37.13",2013-5-26,21.06,5.1625,55.980000000000004,8.0,48.535,77.61250000000001,77.61250000000001
22190,55.69,63.37,22.09,5.93,0.49,105.1,-2.24,0.75,293.24,64.92,88971.52,"110.7,37.07",2013-5-26,22.09,7.4125,56.685,12.25,54.24999999999999,75.8625,75.8625
22200,79.44,81.92,32.16,25.51,0.98,106.8,-4.73,0.94,287.34,89.09,83869.4,"112.39,36.99",2013-5-26,32.16,31.887500000000003,65.96000000000001,24.5,55.666666666666664,105.55,105.55
22210,124.95,144.29,27.31,30.98,1.08,50.78,-1.17,-2.82,292.33,87.62,95189.3,"114.09,36.88",2013-5-26,27.31,38.725,97.145,27.0,25.39,164.21428571428572,164.21428571428572
22220,109.43,143.67,28.93,41.24,1.26,40.99,-3.32,-1.07,294.46,85.71,100261.52,"115.78,36.76",2013-5-26,28.93,51.550000000000004,96.835,31.5,20.495,143.03750000000002,143.03750000000002
22230,81.47,116.45,16.87,29.57,0.99,48.16,-6.44,3.61,292.64,83.59,97688.62,"117.46,36.61",2013-5-26,16.87,36.9625,83.225,24.75,24.08,108.0875,108.0875
22240,59.63,68.11,20.52,12.86,0.5,56.24,-7.89,1.85,290.38,93.79,99883.59,"119.13,36.44",2013-5-26,20.52,16.075,59.055,12.5,28.12,80.7875,80.7875
22250,4.49,4.74,0.9,0.91,0.16,109.07,11.28,6.98,267.27,79.67,52740.11,"78.53,34.64",2013-5-26,0.9,1.1375,4.74,4.0,57.55833333333333,6.414285714285715,57.55833333333333
22260,9.75,9.92,0.65,0.47,0.16,107.17,8.6,2.13,274.24,36.45,55440.11,"80.14,34.96",2013-5-26,0.65,0.5874999999999999,9.92,4.0,55.975,13.928571428571429,55.975
22270,19.89,20.09,0.53,0.24,0.15,117.77,13.45,3.03,269.22,42.61,50712.64,"81.76,35.27",2013-5-26,0.53,0.3,20.09,3.75,64.80833333333334,28.414285714285715,64.80833333333334
22280,14.51,14.65,0.39,0.22,0.14,103.43,6.09,-0.58,276.11,32.34,55216.33,"83.39,35.55",2013-5-26,0.39,0.275,14.65,3.5000000000000004,52.85833333333334,20.728571428571428,52.85833333333334
22290,8.08,8.2,0.35,0.2,0.14,102.76,3.49,0.05,274.66,41.75,54986.57,"85.03,35.81",2013-5-26,0.35,0.25,8.2,3.5000000000000004,52.300000000000004,11.542857142857143,52.300000000000004
22300,6.97,7.08,0.34,0.17,0.14,102.5,4.13,-1.51,275.15,37.34,55069.74,"86.68,36.06",2013-5-26,0.34,0.21250000000000002,7.08,3.5000000000000004,52.083333333333336,9.957142857142857,52.083333333333336
22310,7.9,8.0,0.33,0.15,0.13,101.09,2.68,-2.51,274.3,40.85,55308.83,"88.34,36.28",2013-5-26,0.33,0.1875,8.0,3.25,50.90833333333334,11.285714285714286,50.90833333333334
22320,4.66,4.74,0.26,0.18,0.13,105.04,2.32,-1.93,274.72,48.94,56356.6,"90.01,36.48",2013-5-26,0.26,0.22499999999999998,4.74,3.25,54.2,6.6571428571428575,54.2
22330,5.96,6.04,0.21,0.2,0.12,90.81,1.82,-2.34,282.45,27.69,63669.16,"91.68,36.66",2013-5-26,0.21,0.25,6.04,3.0,45.405,8.514285714285714,45.405
22340,17.24,17.3,0.14,0.27,0.12,86.53,2.15,-2.16,289.42,16.67,71131.54,"93.36,36.82",2013-5-26,0.14,0.3375,17.3,3.0,43.265,24.628571428571426,43.265
22350,16.74,16.83,0.18,0.31,0.12,90.9,1.24,-2.68,292.12,12.43,73306.87,"95.05,36.96",2013-5-26,0.18,0.3875,16.83,3.0,45.45,23.91428571428571,45.45
22360,11.3,11.4,0.6,0.55,0.11,97.14,1.18,-1.16,291.18,12.21,71068.6,"96.75,37.07",2013-5-26,0.6,0.6875,11.4,2.75,48.57,16.142857142857146,48.57
22370,8.42,8.5,0.25,0.39,0.11,103.57,2.13,2.23,284.92,15.58,64439.4,"98.44,37.17",2013-5-26,0.25,0.48750000000000004,8.5,2.75,52.974999999999994,12.028571428571428,52.974999999999994
22380,13.41,14.02,1.71,1.65,0.13,83.96,-3.05,0.87,285.4,31.92,68515.47,"100.14,37.24",2013-5-26,1.71,2.0625,14.02,3.25,41.98,19.15714285714286,41.98
22390,16.38,17.52,2.14,1.59,0.16,92.96,-2.26,0.9,286.08,36.5,69884.81,"101.85,37.29",2013-5-26,2.14,1.9875,17.52,4.0,46.48,23.4,46.48
22400,37.96,42.78,2.35,2.45,0.17,76.47,2.83,-1.48,291.43,27.11,76666.08,"103.55,37.32",2013-5-26,2.35,3.0625,42.78,4.25,38.235,53.7,53.7
22410,22.91,28.07,7.27,4.65,0.24,85.36,-0.03,3.03,295.33,31.65,82354.59,"105.26,37.33",2013-5-26,7.27,5.8125,28.07,6.0,42.68,32.72857142857143,42.68
22420,43.61,52.33,14.58,2.87,0.33,93.34,-1.7,4.96,291.54,63.35,83540.09,"106.96,37.31",2013-5-26,14.58,3.5875000000000004,51.165,8.25,46.67,60.7625,60.7625
22430,56.22,60.93,19.64,3.5,0.3,95.98,-1.87,3.33,290.27,70.44,83524.7,"108.67,37.28",2013-5-26,19.64,4.375,55.465,7.5,47.99,76.525,76.525
22440,60.69,68.47,23.74,4.69,0.41,98.71,-1.71,1.95,294.19,64.23,89995.48,"110.37,37.22",2013-5-26,23.74,5.862500000000001,59.235,10.25,49.355,82.1125,82.1125
22450,75.25,87.33,42.45,31.63,1.34,102.1,-2.32,-2.02,293.77,70.08,91870.31,"112.07,37.14",2013-5-26,42.45,39.5375,68.66499999999999,33.5,51.74999999999999,100.3125,100.3125
22460,120.0,136.81,24.3,23.56,1.0,69.38,-3.2,-2.88,288.18,94.4,87665.62,"113.76,37.04",2013-5-26,24.3,29.45,93.405,25.0,34.69,157.14285714285714,157.14285714285714
22470,116.82,149.33,28.04,36.34,1.14,43.74,-2.99,-0.96,294.75,84.07,100277.34,"115.45,36.92",2013-5-26,28.04,45.425000000000004,99.665,28.499999999999996,21.87,152.6,152.6
22480,103.62,159.55,28.53,53.82,1.68,33.26,-5.0,1.33,294.35,81.51,100332.3,"117.14,36.77",2013-5-26,28.53,67.275,104.775,42.0,16.63,135.775,135.775
22490,67.47,78.78,23.34,17.24,0.61,52.39,-7.62,2.89,290.93,91.12,99566.32,"118.82,36.61",2013-5-26,23.34,21.549999999999997,64.39,15.25,26.195,90.5875,90.5875
22500,42.52,56.46,7.13,5.88,0.43,78.07,-7.03,1.66,289.86,91.72,100601.04,"120.49,36.42",2013-5-26,7.13,7.35,53.230000000000004,10.75,39.035,59.400000000000006,59.400000000000006
22510,7.7,7.87,0.72,0.49,0.16,110.99,12.23,5.37,271.95,44.32,54197.23,"79.61,35.0",2013-5-26,0.72,0.6125,7.87,4.0,59.15833333333333,11.0,59.15833333333333
22520,10.79,10.95,0.55,0.25,0.15,115.21,13.76,3.71,265.77,53.71,48536.7,"81.23,35.31",2013-5-26,0.55,0.3125,10.95,3.75,62.675,15.414285714285713,62.675
22530,16.91,17.06,0.45,0.23,0.14,108.69,8.01,-0.7,274.41,33.01,53955.9,"82.86,35.6",2013-5-26,0.45,0.28750000000000003,17.06,3.5000000000000004,57.24166666666667,24.15714285714286,57.24166666666667
22540,6.84,6.97,0.37,0.2,0.14,101.36,3.31,1.04,273.92,46.1,54603.88,"84.5,35.87",2013-5-26,0.37,0.25,6.97,3.5000000000000004,51.13333333333333,9.771428571428572,51.13333333333333
22550,8.1,8.22,0.37,0.17,0.14,104.58,4.74,-1.54,274.67,40.65,54965.77,"86.15,36.12",2013-5-26,0.37,0.21250000000000002,8.22,3.5000000000000004,53.81666666666666,11.571428571428571,53.81666666666666
22560,7.73,7.83,0.34,0.14,0.14,101.05,3.03,-2.24,273.36,44.87,54563.46,"87.81,36.35",2013-5-26,0.34,0.17500000000000002,7.83,3.5000000000000004,50.875,11.042857142857144,50.875
22570,6.43,6.52,0.29,0.17,0.13,104.36,2.66,-2.76,274.4,42.23,55509.93,"89.48,36.56",2013-5-26,0.29,0.21250000000000002,6.52,3.25,53.63333333333333,9.185714285714285,53.63333333333333
22580,4.04,4.12,0.23,0.2,0.12,95.44,4.12,-1.32,278.17,35.03,59006.8,"91.16,36.74",2013-5-26,0.23,0.25,4.12,3.0,47.72,5.771428571428571,47.72
22590,14.99,15.05,0.16,0.23,0.12,86.9,1.57,-1.45,288.69,17.53,70635.02,"92.84,36.91",2013-5-26,0.16,0.28750000000000003,15.05,3.0,43.45,21.414285714285715,43.45
22600,16.73,16.79,0.14,0.21,0.12,86.69,2.03,-3.2,291.77,13.41,73218.62,"94.53,37.05",2013-5-26,0.14,0.2625,16.79,3.0,43.345,23.900000000000002,43.345
22610,12.01,12.08,0.37,0.33,0.11,96.19,0.22,-1.7,288.27,13.25,67676.44,"96.22,37.18",2013-5-26,0.37,0.41250000000000003,12.08,2.75,48.095,17.15714285714286,48.095
22620,7.17,7.23,0.24,0.34,0.11,101.97,0.14,1.24,287.36,13.88,66949.62,"97.92,37.28",2013-5-26,0.24,0.42500000000000004,7.23,2.75,51.641666666666666,10.242857142857144,51.641666666666666
22630,10.03,10.33,0.83,0.7,0.12,84.82,-3.31,0.14,283.58,31.5,65777.78,"99.62,37.36",2013-5-26,0.83,0.875,10.33,3.0,42.41,14.328571428571427,42.41
22640,17.83,19.14,2.73,3.17,0.16,88.15,-1.31,1.99,284.07,41.35,67834.91,"101.33,37.41",2013-5-26,2.73,3.9625,19.14,4.0,44.075,25.471428571428568,44.075
22650,37.71,40.55,2.34,2.4,0.19,74.9,1.81,-0.36,290.35,27.86,76469.59,"103.04,37.45",2013-5-26,2.34,3.0,40.55,4.75,37.45,53.3875,53.3875
22660,23.77,28.4,6.84,4.39,0.21,82.49,-0.64,2.73,296.1,32.73,83787.81,"104.74,37.46",2013-5-26,6.84,5.4875,28.4,5.25,41.245,33.957142857142856,41.245
22670,32.39,41.29,11.57,3.73,0.42,88.9,-1.79,4.72,294.67,45.03,85078.09,"106.45,37.46",2013-5-26,11.57,4.6625,41.29,10.5,44.45,46.27142857142857,46.27142857142857
22680,48.76,55.8,17.43,2.95,0.3,98.55,-0.82,3.74,291.67,63.6,84069.88,"108.16,37.43",2013-5-26,17.43,3.6875,52.9,7.5,49.275,67.19999999999999,67.19999999999999
22690,57.84,63.01,22.73,4.03,0.33,99.74,-1.39,2.82,293.25,65.0,88316.55,"109.87,37.38",2013-5-26,22.73,5.0375000000000005,56.504999999999995,8.25,49.87,78.55000000000001,78.55000000000001
22700,69.04,78.52,30.95,15.91,0.97,110.52,-4.18,-0.62,290.31,75.94,86482.3,"111.57,37.3",2013-5-26,30.95,19.8875,64.25999999999999,24.25,58.766666666666666,92.55000000000001,92.55000000000001
22710,110.01,122.5,26.73,22.64,0.99,86.02,-4.26,-1.29,287.76,89.06,85609.66,"113.27,37.21",2013-5-26,26.73,28.3,86.25,24.75,43.01,143.7625,143.7625
22720,129.95,161.95,28.18,32.19,1.06,46.32,-2.13,-1.69,295.16,82.11,100342.43,"114.96,37.09",2013-5-26,28.18,40.2375,105.975,26.5,23.16,171.35714285714283,171.35714285714283
22730,117.61,177.66,33.18,52.99,1.88,33.81,-4.43,0.03,294.53,82.92,100512.35,"116.65,36.95",2013-5-26,33.18,66.23750000000001,113.83,47.0,16.905,153.72857142857143,153.72857142857143
22740,77.8,99.59,23.08,29.12,0.85,46.28,-7.35,3.25,292.46,85.05,99485.33,"118.34,36.8",2013-5-26,23.08,36.4,74.795,21.25,23.14,103.5,103.5
22750,51.0,64.21,13.55,8.74,0.58,63.3,-7.22,2.18,290.67,88.49,100876.91,"120.02,36.62",2013-5-26,13.55,10.925,57.105,14.499999999999998,31.65,70.0,70.0
22760,3.79,3.98,0.77,0.56,0.16,112.83,11.9,4.69,265.87,81.12,51335.22,"78.93,35.0",2013-5-26,0.77,0.7000000000000001,3.98,4.0,60.69166666666666,5.414285714285715,60.69166666666666
22770,4.66,4.85,0.58,0.3,0.15,115.72,10.27,4.04,265.96,65.56,49476.12,"80.55,35.32",2013-5-26,0.58,0.375,4.85,3.75,63.1,6.6571428571428575,63.1
22780,13.99,14.13,0.49,0.25,0.15,110.66,8.6,1.39,271.15,36.94,51628.77,"82.17,35.62",2013-5-26,0.49,0.3125,14.13,3.75,58.88333333333333,19.985714285714288,58.88333333333333
22790,6.96,7.09,0.4,0.21,0.14,102.45,3.86,-0.62,273.87,44.38,54503.78,"83.81,35.9",2013-5-26,0.4,0.2625,7.09,3.5000000000000004,52.04166666666667,9.942857142857143,52.04166666666667
22800,10.78,10.9,0.39,0.18,0.14,104.44,2.89,-1.49,273.09,49.35,54609.27,"85.46,36.16",2013-5-26,0.39,0.22499999999999998,10.9,3.5000000000000004,53.699999999999996,15.399999999999999,53.699999999999996
22810,9.5,9.61,0.37,0.15,0.14,103.38,4.35,-2.13,271.19,49.85,52915.67,"87.12,36.39",2013-5-26,0.37,0.1875,9.61,3.5000000000000004,52.81666666666666,13.571428571428571,52.81666666666666
22820,9.92,10.01,0.32,0.17,0.13,97.08,4.24,-1.86,275.93,37.8,56735.18,"88.79,36.61",2013-5-26,0.32,0.21250000000000002,10.01,3.25,48.54,14.17142857142857,48.54
22830,4.34,4.42,0.25,0.21,0.13,101.58,3.39,-0.16,277.57,40.32,59223.24,"90.46,36.81",2013-5-26,0.25,0.2625,4.42,3.25,51.31666666666666,6.2,51.31666666666666
22840,8.21,8.27,0.19,0.19,0.12,89.38,0.81,-0.37,283.2,24.31,64662.36,"92.15,36.98",2013-5-26,0.19,0.2375,8.27,3.0,44.69,11.72857142857143,44.69
22850,21.7,21.76,0.15,0.23,0.12,84.35,2.7,-4.57,290.8,16.68,73068.36,"93.83,37.13",2013-5-26,0.15,0.28750000000000003,21.76,3.0,42.175,31.0,42.175
22860,17.49,17.57,0.21,0.36,0.12,91.31,-0.12,-2.36,290.52,12.61,70437.81,"95.53,37.26",2013-5-26,0.21,0.44999999999999996,17.57,3.0,45.655,24.985714285714284,45.655
22870,9.42,9.89,3.57,2.9,0.12,99.63,0.11,-0.98,289.58,12.12,68842.59,"97.23,37.37",2013-5-26,3.57,3.625,9.89,3.0,49.815,13.457142857142857,49.815
22880,9.02,9.28,0.62,0.8,0.12,91.1,-1.37,0.12,282.82,27.93,64446.46,"98.93,37.46",2013-5-26,0.62,1.0,9.28,3.0,45.55,12.885714285714286,45.55
22890,14.22,14.77,1.66,1.54,0.13,82.79,-0.42,2.98,282.69,35.38,65240.12,"100.64,37.53",2013-5-26,1.66,1.925,14.77,3.25,41.395,20.314285714285717,41.395
22900,29.27,35.83,3.54,1.51,0.25,79.06,-0.61,0.81,281.09,43.3,65627.61,"102.35,37.57",2013-5-26,3.54,1.8875,35.83,6.25,39.53,41.81428571428572,41.81428571428572
22910,40.91,43.68,5.73,3.86,0.18,71.0,1.75,1.27,295.29,29.62,82909.91,"104.06,37.6",2013-5-26,5.73,4.825,43.68,4.5,35.5,57.387499999999996,57.387499999999996
22920,23.79,31.7,9.33,4.51,0.46,88.77,-2.21,4.02,296.83,39.24,87019.55,"105.77,37.6",2013-5-26,9.33,5.637499999999999,31.7,11.5,44.385,33.98571428571429,44.385
22930,43.59,53.49,17.77,4.07,0.35,95.97,-0.52,2.73,293.25,56.97,85320.63,"107.48,37.58",2013-5-26,17.77,5.0875,51.745000000000005,8.75,47.985,60.737500000000004,60.737500000000004
22940,57.45,62.45,20.04,3.74,0.32,95.38,-1.85,3.29,292.23,66.31,86087.03,"109.19,37.53",2013-5-26,20.04,4.675000000000001,56.225,8.0,47.69,78.0625,78.0625
22950,62.15,74.39,39.97,15.04,0.78,107.95,-2.79,1.7,294.9,59.12,90205.05,"110.9,37.47",2013-5-26,39.97,18.799999999999997,62.195,19.5,56.625,83.9375,83.9375
22960,85.38,89.96,38.86,30.6,1.17,106.89,-3.18,-0.11,292.67,69.75,89999.69,"112.6,37.38",2013-5-26,38.86,38.25,69.97999999999999,29.25,55.74166666666667,112.975,112.975
22970,135.14,172.36,28.83,37.7,1.17,41.37,-0.19,-2.68,294.03,79.9,97705.05,"114.3,37.28",2013-5-26,28.83,47.125,111.18,29.25,20.685,178.77142857142854,178.77142857142854
22980,113.32,151.47,29.39,39.57,1.25,40.26,-3.0,0.13,294.87,82.15,100402.66,"116.0,37.15",2013-5-26,29.39,49.4625,100.735,31.25,20.13,147.89999999999998,147.89999999999998
22990,126.98,170.82,34.32,57.32,1.65,25.83,-5.96,1.62,293.75,82.89,100508.7,"117.69,37.0",2013-5-26,34.32,71.65,110.41,41.25,12.915,167.11428571428573,167.11428571428573
23000,57.17,66.15,21.27,11.95,0.49,55.63,-7.64,3.86,290.62,90.87,100603.4,"119.37,36.82",2013-5-26,21.27,14.9375,58.075,12.25,27.815,77.7125,77.7125
23010,4.04,4.23,0.8,0.79,0.16,106.27,10.01,8.0,264.76,90.55,51095.4,"78.41,35.03",2013-5-26,0.8,0.9875,4.23,4.0,55.224999999999994,5.771428571428571,55.224999999999994
23020,3.99,4.2,0.63,0.42,0.16,113.66,9.72,2.7,272.26,46.47,54399.15,"80.02,35.36",2013-5-26,0.63,0.525,4.2,4.0,61.38333333333333,5.7,61.38333333333333
23030,9.01,9.15,0.52,0.27,0.15,108.98,8.07,0.84,275.7,28.81,55093.33,"81.65,35.66",2013-5-26,0.52,0.3375,9.15,3.75,57.483333333333334,12.871428571428572,57.483333333333334
23040,7.01,7.13,0.43,0.23,0.14,103.15,6.65,-1.91,272.97,44.38,53933.83,"83.29,35.95",2013-5-26,0.43,0.28750000000000003,7.13,3.5000000000000004,52.62500000000001,10.014285714285714,52.62500000000001
23050,14.58,14.7,0.38,0.19,0.14,98.16,2.78,-0.55,273.87,49.3,55297.22,"84.93,36.21",2013-5-26,0.38,0.2375,14.7,3.5000000000000004,49.08,20.82857142857143,49.08
23060,11.26,11.38,0.38,0.16,0.14,101.55,4.54,-1.36,274.19,43.88,55478.55,"86.59,36.46",2013-5-26,0.38,0.2,11.38,3.5000000000000004,51.291666666666664,16.085714285714285,51.291666666666664
23070,12.57,12.66,0.33,0.16,0.13,97.47,4.37,-0.99,274.88,40.95,56194.59,"88.26,36.68",2013-5-26,0.33,0.2,12.66,3.25,48.735,17.95714285714286,48.735
23080,6.84,6.92,0.27,0.18,0.13,101.13,3.17,-0.84,279.7,33.63,60704.78,"89.94,36.88",2013-5-26,0.27,0.22499999999999998,6.92,3.25,50.94166666666666,9.771428571428572,50.94166666666666
23090,5.04,5.12,0.22,0.17,0.12,93.55,2.41,-0.16,279.27,31.53,60484.0,"91.62,37.06",2013-5-26,0.22,0.21250000000000002,5.12,3.0,46.775,7.2,46.775
23100,22.71,22.78,0.17,0.24,0.12,85.26,1.98,-3.84,289.82,18.46,72548.25,"93.31,37.22",2013-5-26,0.17,0.3,22.78,3.0,42.63,32.44285714285714,42.63
23110,18.12,18.19,0.16,0.34,0.12,88.3,-0.53,-3.12,291.17,12.88,71266.69,"95.0,37.36",2013-5-26,0.16,0.42500000000000004,18.19,3.0,44.15,25.885714285714286,44.15
23120,13.08,13.17,0.57,0.42,0.11,93.64,1.17,-1.23,288.63,13.66,68043.74,"96.71,37.48",2013-5-26,0.57,0.525,13.17,2.75,46.82,18.685714285714287,46.82
23130,6.77,6.86,0.37,0.37,0.11,101.61,2.22,0.67,281.75,22.32,62722.52,"98.41,37.57",2013-5-26,0.37,0.4625,6.86,2.75,51.34166666666667,9.67142857142857,51.34166666666667
23140,12.09,12.44,1.07,0.88,0.12,85.06,-1.63,1.11,280.63,38.15,64013.45,"100.12,37.65",2013-5-26,1.07,1.1,12.44,3.0,42.53,17.271428571428572,42.53
23150,24.84,30.71,5.06,1.96,0.25,79.77,-0.7,1.83,282.28,40.68,66844.95,"101.83,37.7",2013-5-26,5.06,2.45,30.71,6.25,39.885,35.48571428571429,39.885
23160,45.57,46.47,2.25,2.12,0.16,69.34,3.92,-1.03,295.31,22.68,82432.1,"103.54,37.73",2013-5-26,2.25,2.6500000000000004,46.47,4.0,34.67,63.2125,63.2125
23170,22.01,29.84,12.82,8.23,0.41,84.44,-3.49,1.96,296.12,37.14,85140.3,"105.26,37.74",2013-5-26,12.82,10.287500000000001,29.84,10.25,42.22,31.442857142857147,42.22
23180,40.03,50.35,14.4,3.0,0.49,93.4,-2.1,3.7,292.98,56.69,84672.35,"106.97,37.72",2013-5-26,14.4,3.75,50.175,12.25,46.7,56.2875,56.2875
23190,55.97,61.48,25.39,6.47,0.32,94.11,-1.82,3.22,293.06,58.59,85849.08,"108.68,37.69",2013-5-26,25.39,8.0875,55.739999999999995,8.0,47.055,76.2125,76.2125
23200,65.21,75.06,31.01,6.25,0.48,101.46,-1.63,3.3,293.72,62.66,88547.94,"110.39,37.63",2013-5-26,31.01,7.8125,62.53,12.0,51.21666666666666,87.76249999999999,87.76249999999999
23210,78.83,92.4,42.44,31.61,1.41,106.7,-4.07,-1.81,292.43,68.73,89589.84,"112.1,37.55",2013-5-26,42.44,39.5125,71.2,35.25,55.583333333333336,104.7875,104.7875
23220,133.75,165.74,25.19,30.32,1.17,59.4,-1.67,-1.21,288.69,90.91,88394.17,"113.81,37.45",2013-5-26,25.19,37.9,107.87,29.25,29.7,176.78571428571428,176.78571428571428
23230,125.69,161.64,28.75,36.64,1.1,39.03,-2.44,0.03,295.2,80.5,100317.8,"115.51,37.32",2013-5-26,28.75,45.8,105.82,27.500000000000004,19.515,165.27142857142857,165.27142857142857
23240,110.06,150.72,24.54,45.54,1.54,32.34,-4.93,2.07,294.31,82.21,100560.73,"117.2,37.18",2013-5-26,24.54,56.925,100.36,38.5,16.17,143.825,143.825
23250,67.77,79.52,27.07,18.73,0.57,49.96,-6.98,3.92,291.24,89.69,100689.06,"118.89,37.01",2013-5-26,27.07,23.4125,64.75999999999999,14.249999999999998,24.98,90.96249999999999,90.96249999999999
23260,42.86,51.94,6.1,4.91,0.33,80.67,-6.72,3.14,289.47,90.1,100459.68,"120.57,36.83",2013-5-26,6.1,6.1375,50.97,8.25,40.335,59.825,59.825
23270,3.44,3.6,0.74,0.53,0.16,112.7,13.36,8.16,269.46,59.37,53274.91,"79.01,35.3",2013-5-26,0.74,0.6625000000000001,3.6,4.0,60.583333333333336,4.914285714285715,60.583333333333336
23280,3.71,3.88,0.59,0.29,0.15,113.79,15.45,8.65,267.95,57.02,50769.64,"80.63,35.61",2013-5-26,0.59,0.3625,3.88,3.75,61.491666666666674,5.3,61.491666666666674
23290,14.47,14.62,0.49,0.31,0.15,98.96,3.23,-3.11,277.49,37.32,57970.76,"82.27,35.91",2013-5-26,0.49,0.3875,14.62,3.75,49.48,20.671428571428574,49.48
23300,16.91,17.04,0.43,0.23,0.14,98.26,4.57,-0.31,273.19,48.39,54488.76,"83.91,36.19",2013-5-26,0.43,0.28750000000000003,17.04,3.5000000000000004,49.13,24.15714285714286,49.13
23310,17.0,17.12,0.38,0.19,0.14,97.61,3.69,-0.03,274.86,44.14,56307.92,"85.57,36.45",2013-5-26,0.38,0.2375,17.12,3.5000000000000004,48.805,24.285714285714285,48.805
23320,16.22,16.33,0.36,0.16,0.14,100.05,4.73,-0.89,274.91,41.96,56435.39,"87.23,36.68",2013-5-26,0.36,0.2,16.33,3.5000000000000004,50.041666666666664,23.17142857142857,50.041666666666664
23330,12.25,12.35,0.32,0.16,0.13,98.26,6.06,-1.31,278.21,34.72,58804.93,"88.9,36.9",2013-5-26,0.32,0.2,12.35,3.25,49.13,17.5,49.13
23340,4.96,5.04,0.25,0.18,0.12,96.96,2.51,-0.06,279.72,34.14,61478.35,"90.58,37.09",2013-5-26,0.25,0.22499999999999998,5.04,3.0,48.48,7.085714285714285,48.48
23350,13.42,13.49,0.2,0.22,0.12,87.63,0.74,-1.95,287.63,20.49,69741.66,"92.27,37.27",2013-5-26,0.2,0.275,13.49,3.0,43.815,19.17142857142857,43.815
23360,21.82,21.88,0.16,0.21,0.12,85.4,1.76,-4.48,291.21,16.53,73323.64,"93.97,37.42",2013-5-26,0.16,0.2625,21.88,3.0,42.7,31.17142857142857,42.7
23370,16.43,16.5,0.16,0.3,0.12,91.33,0.7,-2.74,287.16,15.51,67105.48,"95.67,37.55",2013-5-26,0.16,0.375,16.5,3.0,45.665,23.47142857142857,45.665
23380,10.24,10.39,1.23,0.81,0.12,101.69,1.84,0.01,280.25,21.77,60889.82,"97.37,37.65",2013-5-26,1.23,1.0125000000000002,10.39,3.0,51.40833333333333,14.62857142857143,51.40833333333333
23390,8.18,8.33,0.45,0.41,0.12,91.7,0.86,1.53,279.33,33.93,61379.02,"99.08,37.74",2013-5-26,0.45,0.5125,8.33,3.0,45.85,11.685714285714285,45.85
23400,15.53,15.96,1.39,1.22,0.13,80.56,-1.85,-0.07,280.51,39.41,64506.26,"100.8,37.81",2013-5-26,1.39,1.525,15.96,3.25,40.28,22.185714285714287,40.28
23410,37.14,41.02,6.11,4.35,0.26,71.87,1.56,-1.92,292.84,22.67,79443.41,"102.51,37.85",2013-5-26,6.11,5.4375,41.02,6.5,35.935,52.675,52.675
23420,37.08,39.32,5.35,2.79,0.18,74.02,2.8,2.91,296.21,29.52,83714.53,"104.23,37.87",2013-5-26,5.35,3.4875,39.32,4.5,37.01,52.599999999999994,52.599999999999994
23430,23.14,42.36,25.73,21.47,0.8,86.66,-1.72,2.1,296.54,41.57,87167.18,"105.94,37.87",2013-5-26,25.73,26.8375,42.36,20.0,43.33,33.05714285714286,43.33
23440,42.73,53.29,17.96,4.42,0.36,94.99,-1.22,2.31,293.53,56.05,85746.33,"107.66,37.84",2013-5-26,17.96,5.525,51.644999999999996,9.0,47.495,59.662499999999994,59.662499999999994
23450,57.7,62.84,21.16,3.92,0.33,95.74,-2.09,3.84,292.92,62.53,86812.78,"109.37,37.8",2013-5-26,21.16,4.9,56.42,8.25,47.87,78.375,78.375
23460,64.32,74.81,29.48,11.19,0.81,114.67,-2.88,2.47,293.56,59.86,88099.69,"111.09,37.73",2013-5-26,29.48,13.987499999999999,62.405,20.25,62.225,86.64999999999999,86.64999999999999
23470,96.22,108.98,34.08,28.38,1.13,101.46,-5.11,-1.37,292.6,71.48,91080.96,"112.8,37.64",2013-5-26,34.08,35.475,79.49000000000001,28.249999999999996,51.21666666666666,126.525,126.525
23480,144.47,212.69,29.12,38.3,1.16,41.15,-0.14,-2.2,295.08,76.4,99945.35,"114.5,37.53",2013-5-26,29.12,47.875,131.345,28.999999999999996,20.575,192.1,192.1
23490,121.83,160.6,34.91,45.66,1.23,30.77,-3.18,0.59,294.96,80.8,100571.49,"116.2,37.4",2013-5-26,34.91,57.074999999999996,105.3,30.75,15.385,159.75714285714287,159.75714285714287
23500,109.15,131.75,29.63,42.37,1.15,31.81,-6.86,2.79,293.32,83.25,100659.92,"117.9,37.25",2013-5-26,29.63,52.9625,90.875,28.749999999999996,15.905,142.6875,142.6875
23510,53.02,61.46,21.97,12.73,0.41,60.45,-7.14,5.77,291.26,85.63,100931.23,"119.58,37.07",2013-5-26,21.97,15.912500000000001,55.730000000000004,10.25,30.225,72.525,72.525
23520,39.41,46.68,1.88,1.96,0.21,91.64,-5.43,3.4,288.95,91.35,100239.97,"121.26,36.88",2013-5-26,1.88,2.45,46.68,5.25,45.82,55.512499999999996,55.512499999999996
23530,3.21,3.39,0.72,0.57,0.16,107.91,6.98,4.5,273.69,44.1,56091.06,"79.46,35.53",2013-5-26,0.72,0.7124999999999999,3.39,4.0,56.59166666666666,4.585714285714285,56.59166666666666
23540,8.94,9.1,0.57,0.3,0.15,107.29,12.33,1.71,273.57,40.92,54612.62,"81.08,35.84",2013-5-26,0.57,0.375,9.1,3.75,56.075,12.77142857142857,56.075
23550,16.64,16.78,0.47,0.29,0.14,96.41,5.02,-0.87,275.49,41.13,56267.83,"82.72,36.13",2013-5-26,0.47,0.3625,16.78,3.5000000000000004,48.205,23.771428571428572,48.205
23560,28.58,28.71,0.41,0.24,0.14,90.35,2.11,-0.55,275.19,46.99,56888.18,"84.37,36.4",2013-5-26,0.41,0.3,28.71,3.5000000000000004,45.175,40.82857142857143,45.175
23570,20.2,20.31,0.37,0.17,0.14,97.61,4.96,-0.87,274.68,45.31,56680.0,"86.03,36.65",2013-5-26,0.37,0.21250000000000002,20.31,3.5000000000000004,48.805,28.857142857142858,48.805
23580,18.85,18.95,0.34,0.16,0.13,92.57,4.98,-1.78,276.49,39.72,58032.82,"87.7,36.88",2013-5-26,0.34,0.2,18.95,3.25,46.285,26.92857142857143,46.285
23590,11.75,11.83,0.31,0.15,0.13,95.75,4.63,-2.77,280.68,29.96,61205.91,"89.38,37.09",2013-5-26,0.31,0.1875,11.83,3.25,47.875,16.785714285714285,47.875
23600,4.49,4.56,0.24,0.16,0.12,94.8,4.61,0.74,275.2,41.13,57126.23,"91.07,37.28",2013-5-26,0.24,0.2,4.56,3.0,47.4,6.414285714285715,47.4
23610,20.57,20.64,0.18,0.21,0.12,86.42,1.19,-2.67,289.41,20.04,72593.51,"92.76,37.45",2013-5-26,0.18,0.2625,20.64,3.0,43.21,29.385714285714286,43.21
23620,24.69,24.76,0.16,0.25,0.12,87.83,0.35,-2.77,290.97,14.73,71955.77,"94.46,37.59",2013-5-26,0.16,0.3125,24.76,3.0,43.915,35.27142857142857,43.915
23630,21.94,22.0,0.15,0.18,0.12,90.78,1.81,-0.32,282.6,19.67,62757.88,"96.17,37.72",2013-5-26,0.15,0.22499999999999998,22.0,3.0,45.39,31.342857142857145,45.39
23640,7.12,7.2,0.55,0.39,0.11,102.26,2.93,1.89,277.44,26.39,58624.8,"97.88,37.82",2013-5-26,0.55,0.48750000000000004,7.2,2.75,51.88333333333334,10.171428571428573,51.88333333333334
23650,9.19,9.36,0.54,0.46,0.12,84.08,-0.29,2.72,279.53,34.89,62011.95,"99.59,37.9",2013-5-26,0.54,0.5750000000000001,9.36,3.0,42.04,13.128571428571428,42.04
23660,21.25,23.62,4.39,1.74,0.21,78.75,-0.36,1.77,281.61,39.93,66298.15,"101.31,37.96",2013-5-26,4.39,2.175,23.62,5.25,39.375,30.357142857142858,39.375
23670,51.19,52.21,2.42,2.56,0.16,67.64,3.19,-3.66,295.15,20.77,83884.98,"103.02,37.99",2013-5-26,2.42,3.2,51.105000000000004,4.0,33.82,70.2375,70.2375
23680,25.18,29.13,6.52,3.12,0.25,79.19,-0.2,3.52,296.85,32.43,84972.04,"104.74,38.01",2013-5-26,6.52,3.9000000000000004,29.13,6.25,39.595,35.971428571428575,39.595
23690,30.36,47.88,20.45,9.68,0.87,95.07,-2.51,4.77,295.16,48.06,86509.77,"106.46,38.0",2013-5-26,20.45,12.1,47.88,21.75,47.535,43.371428571428574,47.88
23700,46.23,54.63,16.62,2.72,0.32,97.12,-1.73,2.51,293.11,59.17,85862.37,"108.18,37.97",2013-5-26,16.62,3.4000000000000004,52.315,8.0,48.56,64.0375,64.0375
23710,60.57,66.28,23.97,4.19,0.35,99.43,-1.83,3.51,294.38,58.99,88851.59,"109.9,37.92",2013-5-26,23.97,5.237500000000001,58.14,8.75,49.715,81.9625,81.9625
23720,78.29,89.13,33.49,17.27,1.08,111.01,-4.06,1.59,286.97,81.62,81133.89,"111.61,37.84",2013-5-26,33.49,21.5875,69.565,27.0,59.175000000000004,104.11250000000001,104.11250000000001
23730,118.62,150.29,29.27,29.46,1.17,76.7,-3.74,-0.8,288.0,91.4,87467.92,"113.32,37.75",2013-5-26,29.27,36.825,100.145,29.25,38.35,155.17142857142858,155.17142857142858
23740,145.84,210.63,32.37,39.97,1.11,39.03,-1.49,-0.56,295.33,75.77,100347.77,"115.03,37.63",2013-5-26,32.37,49.9625,130.315,27.750000000000004,19.515,194.05714285714288,194.05714285714288
23750,116.02,142.6,27.2,37.89,1.24,31.97,-3.92,1.53,294.52,81.74,100464.1,"116.73,37.49",2013-5-26,27.2,47.3625,96.3,31.0,15.985,151.45714285714286,151.45714285714286
23760,85.55,98.63,33.81,31.87,0.75,40.06,-6.69,3.87,292.09,86.91,100802.67,"118.42,37.33",2013-5-26,33.81,39.8375,74.315,18.75,20.03,113.1875,113.1875
23770,40.05,46.39,3.96,3.19,0.24,85.85,-5.43,5.05,289.17,87.39,99333.45,"121.12,37.03",2013-5-26,3.96,3.9875,46.39,6.0,42.925,56.3125,56.3125
23780,3.38,3.55,0.76,0.56,0.16,112.28,11.81,6.56,269.46,62.8,53613.79,"78.77,35.53",2013-5-26,0.76,0.7000000000000001,3.55,4.0,60.233333333333334,4.828571428571428,60.233333333333334
23790,3.49,3.66,0.64,0.33,0.15,111.58,13.98,8.32,270.25,50.32,52391.64,"80.39,35.85",2013-5-26,0.64,0.41250000000000003,3.66,3.75,59.65,4.985714285714286,59.65
23800,31.45,31.59,0.51,0.41,0.14,89.19,4.78,-3.0,273.46,53.6,55907.64,"82.03,36.15",2013-5-26,0.51,0.5125,31.59,3.5000000000000004,44.595,44.92857142857143,44.92857142857143
23810,44.49,44.62,0.44,0.31,0.14,83.82,2.69,-2.15,275.36,48.49,57238.72,"83.68,36.43",2013-5-26,0.44,0.3875,44.62,3.5000000000000004,41.91,61.862500000000004,61.862500000000004
23820,26.89,27.0,0.37,0.2,0.14,92.51,4.8,0.62,273.86,47.4,55934.17,"85.34,36.69",2013-5-26,0.37,0.25,27.0,3.5000000000000004,46.255,38.41428571428572,46.255
23830,23.32,23.42,0.35,0.18,0.13,91.56,4.1,-1.22,276.19,40.26,57811.41,"87.01,36.93",2013-5-26,0.35,0.22499999999999998,23.42,3.25,45.78,33.31428571428572,45.78
23840,13.96,14.04,0.33,0.13,0.13,104.12,8.56,-2.05,278.62,37.91,59342.94,"88.68,37.15",2013-5-26,0.33,0.1625,14.04,3.25,53.43333333333334,19.942857142857143,53.43333333333334
23850,7.0,7.07,0.27,0.15,0.13,97.89,2.78,-0.66,278.7,33.76,60363.81,"90.37,37.34",2013-5-26,0.27,0.1875,7.07,3.25,48.945,10.0,48.945
23860,12.9,12.97,0.22,0.22,0.12,87.92,0.88,-1.25,287.2,21.86,69796.67,"92.06,37.52",2013-5-26,0.22,0.275,12.97,3.0,43.96,18.42857142857143,43.96
23870,24.5,24.57,0.18,0.23,0.12,85.55,0.71,-4.92,290.46,18.27,72816.41,"93.76,37.67",2013-5-26,0.18,0.28750000000000003,24.57,3.0,42.775,35.0,42.775
23880,19.2,19.36,0.24,0.58,0.11,92.07,2.8,-1.17,282.52,19.15,62838.24,"95.47,37.8",2013-5-26,0.24,0.725,19.36,2.75,46.035,27.428571428571427,46.035
23890,12.96,13.07,0.8,0.49,0.11,92.95,1.93,0.01,278.97,25.4,60218.79,"97.18,37.92",2013-5-26,0.8,0.6125,13.07,2.75,46.475,18.514285714285716,46.475
23900,9.33,9.44,0.35,0.33,0.11,94.12,2.11,2.02,278.84,33.23,60967.78,"98.89,38.0",2013-5-26,0.35,0.41250000000000003,9.44,2.75,47.06,13.32857142857143,47.06
23910,15.62,15.99,1.25,1.18,0.13,78.74,-2.9,-0.4,280.36,35.54,64680.81,"100.61,38.07",2013-5-26,1.25,1.4749999999999999,15.99,3.25,39.37,22.314285714285713,39.37
23920,36.31,37.65,3.78,3.22,0.17,68.03,2.95,-3.03,294.68,19.1,82327.09,"102.33,38.12",2013-5-26,3.78,4.025,37.65,4.25,34.015,51.6375,51.6375
23930,37.86,39.58,4.43,2.44,0.17,71.8,2.7,1.92,297.04,26.79,84689.88,"104.05,38.14",2013-5-26,4.43,3.05,39.58,4.25,35.9,53.575,53.575
23940,23.12,42.63,16.95,16.05,0.86,87.6,-2.48,2.05,294.79,46.27,85494.23,"105.77,38.14",2013-5-26,16.95,20.0625,42.63,21.5,43.8,33.02857142857143,43.8
23950,40.73,51.44,16.0,3.6,0.45,94.43,-1.14,3.86,293.66,55.32,85822.58,"107.5,38.12",2013-5-26,16.0,4.5,50.72,11.25,47.215,57.162499999999994,57.162499999999994
23960,57.64,63.03,21.31,4.21,0.33,94.36,-1.99,2.88,294.24,58.21,87968.66,"109.22,38.08",2013-5-26,21.31,5.2625,56.515,8.25,47.18,78.3,78.3
23970,66.27,77.38,27.52,8.78,0.75,110.78,-0.99,2.87,293.64,59.23,87879.12,"110.93,38.01",2013-5-26,27.52,10.975,63.69,18.75,58.983333333333334,89.08749999999999,89.08749999999999
23980,68.24,106.44,33.83,35.55,1.91,89.85,-4.53,0.53,292.34,70.6,89840.73,"112.65,37.93",2013-5-26,33.83,44.4375,78.22,47.75,44.925,91.55,91.55
23990,157.68,250.05,30.52,42.86,1.32,41.14,0.08,-2.98,294.19,76.36,98223.38,"114.36,37.82",2013-5-26,30.52,53.575,150.025,33.0,20.57,207.68,207.68
24000,123.55,151.23,28.22,35.19,1.05,30.51,-3.01,0.29,294.84,81.2,100461.77,"116.07,37.69",2013-5-26,28.22,43.9875,100.615,26.25,15.255,162.21428571428572,162.21428571428572
24010,102.99,111.18,25.49,37.86,1.07,31.03,-6.34,3.34,293.34,82.89,100689.63,"117.77,37.54",2013-5-26,25.49,47.325,80.59,26.75,15.515,134.9875,134.9875
24020,44.21,50.84,9.58,6.2,0.31,74.51,-6.04,5.94,289.58,87.82,99395.3,"120.47,37.25",2013-5-26,9.58,7.75,50.42,7.75,37.255,61.5125,61.5125
24030,45.0,53.83,12.98,9.33,0.25,88.09,-4.66,4.81,289.82,85.77,101150.89,"122.16,37.04",2013-5-26,12.98,11.6625,51.915,6.25,44.045,62.5,62.5
24040,3.27,3.46,0.75,0.48,0.16,111.61,11.02,7.68,270.52,54.76,53790.01,"79.21,35.76",2013-5-26,0.75,0.6,3.46,4.0,59.675,4.671428571428572,59.675
24050,57.09,57.23,0.54,0.44,0.15,80.05,0.42,-1.11,280.76,47.86,65013.93,"80.85,36.07",2013-5-26,0.54,0.55,53.614999999999995,3.75,40.025,77.61250000000001,77.61250000000001
24060,45.25,45.38,0.48,0.34,0.14,83.25,7.17,-1.14,273.82,50.13,55658.5,"82.49,36.37",2013-5-26,0.48,0.42500000000000004,45.38,3.5000000000000004,41.625,62.8125,62.8125
24070,48.0,48.11,0.39,0.43,0.14,82.63,3.42,-1.62,276.98,43.98,59027.74,"84.14,36.64",2013-5-26,0.39,0.5375,48.11,3.5000000000000004,41.315,66.25,66.25
24080,27.81,27.91,0.35,0.19,0.13,92.33,5.19,-0.84,273.13,51.4,55903.66,"85.81,36.9",2013-5-26,0.35,0.2375,27.91,3.25,46.165,39.72857142857143,46.165
24090,25.07,25.16,0.33,0.17,0.13,90.67,4.63,-2.98,275.48,42.89,57841.0,"87.48,37.13",2013-5-26,0.33,0.21250000000000002,25.16,3.25,45.335,35.81428571428572,45.335
24100,13.72,13.8,0.31,0.14,0.13,95.48,5.47,-3.34,281.81,28.72,62550.34,"89.16,37.34",2013-5-26,0.31,0.17500000000000002,13.8,3.25,47.74,19.6,47.74
24110,6.31,6.38,0.27,0.15,0.13,93.52,4.12,1.32,277.46,36.91,59479.75,"90.85,37.53",2013-5-26,0.27,0.1875,6.38,3.25,46.76,9.014285714285714,46.76
24120,14.34,14.41,0.21,0.18,0.12,85.83,1.37,-1.47,288.95,21.21,72400.93,"92.55,37.7",2013-5-26,0.21,0.22499999999999998,14.41,3.0,42.915,20.485714285714288,42.915
24130,22.08,22.15,0.18,0.29,0.12,87.29,0.54,-3.55,290.75,16.62,72512.07,"94.26,37.85",2013-5-26,0.18,0.3625,22.15,3.0,43.645,31.54285714285714,43.645
24140,20.16,20.22,0.14,0.18,0.12,93.42,2.5,-0.76,280.08,23.48,60848.96,"95.97,37.98",2013-5-26,0.14,0.22499999999999998,20.22,3.0,46.71,28.8,46.71
24150,9.5,9.61,0.56,0.36,0.11,96.7,1.83,-0.48,278.61,31.47,60499.09,"97.68,38.08",2013-5-26,0.56,0.44999999999999996,9.61,2.75,48.35,13.571428571428571,48.35
24160,11.1,11.26,0.51,0.49,0.12,80.33,0.02,1.31,279.26,35.55,62528.74,"99.4,38.16",2013-5-26,0.51,0.6125,11.26,3.0,40.165,15.857142857142858,40.165
24170,21.06,21.68,2.17,1.52,0.15,73.25,0.98,-1.01,285.06,28.28,71542.12,"101.12,38.22",2013-5-26,2.17,1.9,21.68,3.75,36.625,30.085714285714285,36.625
24180,57.56,58.37,2.43,2.52,0.15,65.85,3.95,-5.0,295.64,19.07,84840.33,"102.84,38.26",2013-5-26,2.43,3.15,54.185,3.75,32.925,78.2,78.2
24190,26.92,30.63,5.84,2.49,0.24,78.7,-0.68,2.71,297.26,32.28,85684.09,"104.57,38.28",2013-5-26,5.84,3.1125000000000003,30.63,6.0,39.35,38.45714285714286,39.35
24200,23.73,53.45,38.61,26.67,1.08,95.36,-1.75,3.75,296.62,44.24,87872.68,"106.29,38.27",2013-5-26,38.61,33.337500000000006,51.725,27.0,47.68,33.9,51.725
24210,44.4,53.04,15.38,2.33,0.32,96.13,-1.13,4.0,293.1,57.61,85340.78,"108.02,38.24",2013-5-26,15.38,2.9125,51.519999999999996,8.0,48.065,61.75,61.75
24220,59.28,64.94,22.59,3.92,0.34,97.91,-0.93,3.6,294.25,58.52,88541.04,"109.74,38.19",2013-5-26,22.59,4.9,57.47,8.5,48.955,80.35,80.35
24230,75.23,88.12,28.93,14.64,1.06,110.69,-3.5,1.03,289.35,72.41,83502.74,"111.46,38.12",2013-5-26,28.93,18.3,69.06,26.5,58.90833333333333,100.28750000000001,100.28750000000001
24240,109.78,154.45,25.36,27.12,1.18,92.83,-4.69,-1.2,288.53,86.68,87189.8,"113.18,38.03",2013-5-26,25.36,33.9,102.225,29.5,46.415,143.475,143.475
24250,162.09,258.82,37.81,47.97,1.32,32.97,-1.87,-1.58,294.84,74.71,100204.63,"114.89,37.91",2013-5-26,37.81,59.9625,154.41,33.0,16.485,212.09,212.09
24260,120.93,130.44,25.98,30.89,0.98,28.9,-3.76,0.9,294.48,81.62,100550.38,"116.6,37.78",2013-5-26,25.98,38.6125,90.22,24.5,14.45,158.4714285714286,158.4714285714286
24270,79.95,86.72,27.96,29.25,0.73,40.39,-6.39,4.16,292.34,85.22,100789.48,"118.3,37.62",2013-5-26,27.96,36.5625,68.36,18.25,20.195,106.1875,106.1875
24280,40.98,47.43,6.22,4.78,0.25,82.29,-4.14,7.3,289.98,81.93,99428.95,"121.17,37.3",2013-5-26,6.22,5.9750000000000005,47.43,6.25,41.145,57.474999999999994,57.474999999999994
24290,4.04,4.23,0.86,0.79,0.17,108.07,10.32,12.02,265.99,80.99,51665.06,"77.71,35.59",2013-5-26,0.86,0.9875,4.23,4.25,56.724999999999994,5.771428571428571,56.724999999999994
24300,3.2,3.39,0.74,0.48,0.17,111.95,9.89,7.57,270.34,56.12,53663.76,"79.34,35.92",2013-5-26,0.74,0.6,3.39,4.25,59.958333333333336,4.571428571428572,59.958333333333336
24310,89.8,89.94,0.5,0.53,0.14,71.65,-0.28,-2.14,289.09,32.42,75164.19,"80.97,36.24",2013-5-26,0.5,0.6625000000000001,69.97,3.5000000000000004,35.825,118.5,118.5
24320,77.21,77.33,0.43,0.39,0.14,71.56,4.22,-3.12,284.08,34.16,66796.34,"82.62,36.53",2013-5-26,0.43,0.48750000000000004,63.665,3.5000000000000004,35.78,102.76249999999999,102.76249999999999
24330,55.23,55.34,0.37,0.4,0.13,78.29,4.43,0.4,279.16,39.23,61035.19,"84.28,36.8",2013-5-26,0.37,0.5,52.67,3.25,39.145,75.2875,75.2875
24340,31.21,31.31,0.34,0.22,0.13,89.8,8.16,0.77,272.27,50.38,54942.4,"85.94,37.06",2013-5-26,0.34,0.275,31.31,3.25,44.9,44.58571428571429,44.9
24350,23.8,23.89,0.33,0.15,0.13,92.53,6.21,-3.32,272.55,51.27,55654.61,"87.62,37.29",2013-5-26,0.33,0.1875,23.89,3.25,46.265,34.0,46.265
24360,13.62,13.7,0.31,0.13,0.13,95.24,5.05,-2.98,282.72,26.49,64006.67,"89.31,37.5",2013-5-26,0.31,0.1625,13.7,3.25,47.62,19.457142857142856,47.62
24370,7.55,7.64,0.29,0.17,0.13,92.92,3.64,-1.38,283.15,27.77,64873.67,"91.0,37.69",2013-5-26,0.29,0.21250000000000002,7.64,3.25,46.46,10.785714285714286,46.46
24380,12.46,12.54,0.22,0.19,0.12,85.64,1.61,-2.06,288.95,21.34,72704.94,"92.7,37.85",2013-5-26,0.22,0.2375,12.54,3.0,42.82,17.8,42.82
24390,18.57,18.65,0.19,0.32,0.12,86.46,-0.48,-3.42,290.97,16.09,72339.66,"94.41,38.0",2013-5-26,0.19,0.4,18.65,3.0,43.23,26.52857142857143,43.23
24400,10.71,10.77,0.14,0.16,0.12,95.11,3.59,0.34,276.29,27.74,57713.87,"96.12,38.12",2013-5-26,0.14,0.2,10.77,3.0,47.555,15.3,47.555
24410,9.28,9.39,0.41,0.3,0.11,96.65,2.44,-0.12,278.93,33.13,61193.5,"97.84,38.22",2013-5-26,0.41,0.375,9.39,2.75,48.325,13.257142857142856,48.325
24420,12.82,13.0,0.59,0.61,0.12,77.07,-0.57,0.8,279.14,37.4,63450.85,"99.56,38.3",2013-5-26,0.59,0.7625,13.0,3.0,38.535,18.314285714285717,38.535
24430,23.1,23.5,1.45,1.73,0.13,71.78,1.17,-0.86,284.34,27.7,71218.36,"101.29,38.36",2013-5-26,1.45,2.1625,23.5,3.25,35.89,33.0,35.89
24440,61.0,61.63,2.45,2.19,0.14,65.88,4.28,-3.85,295.9,19.63,84961.18,"103.01,38.4",2013-5-26,2.45,2.7375,55.815,3.5000000000000004,32.94,82.5,82.5
24450,24.63,29.21,6.63,2.79,0.3,80.18,-1.47,3.27,297.05,34.49,85823.78,"104.74,38.41",2013-5-26,6.63,3.4875,29.21,7.5,40.09,35.18571428571428,40.09
24460,25.84,55.02,38.17,22.98,1.14,96.86,-0.98,4.45,296.29,45.43,87544.34,"106.47,38.4",2013-5-26,38.17,28.725,52.510000000000005,28.499999999999996,48.43,36.91428571428572,52.510000000000005
24470,44.47,52.96,16.08,2.36,0.32,96.06,-1.42,3.99,293.26,57.07,85628.63,"108.2,38.38",2013-5-26,16.08,2.9499999999999997,51.480000000000004,8.0,48.03,61.8375,61.8375
24480,61.29,67.24,24.95,4.79,0.35,97.75,-0.21,3.9,293.39,60.08,87214.14,"109.92,38.32",2013-5-26,24.95,5.9875,58.62,8.75,48.875,82.8625,82.8625
24490,74.03,89.0,29.69,17.04,1.17,112.93,-2.41,0.51,291.18,68.51,86364.34,"111.64,38.25",2013-5-26,29.69,21.299999999999997,69.5,29.25,60.775000000000006,98.7875,98.7875
24500,120.01,170.96,25.1,25.16,1.19,85.91,-4.26,-0.57,288.87,86.31,88229.05,"113.36,38.15",2013-5-26,25.1,31.45,110.48,29.75,42.955,157.15714285714287,157.15714285714287
24510,150.87,219.97,34.38,42.76,1.37,30.29,-3.18,-1.15,294.92,76.28,100277.76,"115.08,38.04",2013-5-26,34.38,53.449999999999996,134.985,34.25,15.145,200.87,200.87
24520,116.97,115.29,22.16,27.68,0.9,28.6,-4.54,1.54,294.38,80.54,100640.47,"116.79,37.9",2013-5-26,22.16,34.6,82.64500000000001,22.5,14.3,152.81428571428572,152.81428571428572
24530,67.43,72.86,23.15,23.49,0.6,46.63,-5.96,4.65,292.02,85.9,100770.24,"118.49,37.74",2013-5-26,23.15,29.362499999999997,61.43,15.0,23.315,90.53750000000001,90.53750000000001
24540,41.86,49.16,7.81,6.66,0.25,82.68,-4.12,7.86,291.22,75.65,100674.03,"121.54,37.39",2013-5-26,7.81,8.325,49.16,6.25,41.34,58.575,58.575
24550,4.01,4.19,0.87,0.75,0.18,108.14,12.01,12.57,267.1,74.51,52052.61,"77.67,35.72",2013-5-26,0.87,0.9375,4.19,4.5,56.78333333333333,5.728571428571429,56.78333333333333
24560,3.25,3.44,0.76,0.46,0.17,111.52,10.84,9.95,267.8,66.22,51845.43,"79.3,36.05",2013-5-26,0.76,0.5750000000000001,3.44,4.25,59.599999999999994,4.642857142857143,59.599999999999994
24570,96.81,96.94,0.49,0.59,0.14,70.43,0.57,-3.19,291.83,29.12,78389.05,"80.93,36.37",2013-5-26,0.49,0.7374999999999999,73.47,3.5000000000000004,35.215,127.2625,127.2625
24580,103.67,103.79,0.41,0.41,0.14,69.26,6.17,-2.51,290.85,25.39,75166.17,"82.58,36.66",2013-5-26,0.41,0.5125,76.89500000000001,3.5000000000000004,34.63,135.8375,135.8375
24590,72.07,72.17,0.36,0.43,0.13,73.93,4.62,-0.11,284.31,31.25,66656.49,"84.24,36.94",2013-5-26,0.36,0.5375,61.085,3.25,36.965,96.33749999999999,96.33749999999999
24600,43.41,43.51,0.33,0.29,0.13,81.71,7.93,-0.21,272.68,49.66,55024.6,"85.91,37.19",2013-5-26,0.33,0.3625,43.51,3.25,40.855,60.512499999999996,60.512499999999996
24610,25.04,25.13,0.32,0.16,0.13,87.45,6.06,-2.41,273.6,48.09,56819.31,"87.59,37.42",2013-5-26,0.32,0.2,25.13,3.25,43.725,35.77142857142857,43.725
24620,14.7,14.78,0.32,0.12,0.13,96.01,6.63,-3.67,280.34,31.07,61673.81,"89.28,37.63",2013-5-26,0.32,0.15,14.78,3.25,48.005,21.0,48.005
24630,9.11,9.23,0.35,0.27,0.13,90.89,3.36,-2.49,286.7,23.82,68939.94,"90.98,37.82",2013-5-26,0.35,0.3375,9.23,3.25,45.445,13.014285714285714,45.445
24640,12.59,12.68,0.23,0.22,0.12,84.82,1.32,-2.16,288.88,21.55,72884.45,"92.68,37.99",2013-5-26,0.23,0.275,12.68,3.0,42.41,17.985714285714288,42.41
24650,20.11,20.19,0.19,0.32,0.12,86.54,-1.23,-4.04,290.34,16.93,71751.65,"94.39,38.13",2013-5-26,0.19,0.4,20.19,3.0,43.27,28.728571428571428,43.27
24660,9.53,9.59,0.16,0.17,0.12,96.31,5.76,1.34,274.88,30.16,56673.96,"96.11,38.26",2013-5-26,0.16,0.21250000000000002,9.59,3.0,48.155,13.614285714285714,48.155
24670,8.99,9.09,0.29,0.24,0.11,94.99,3.22,0.63,277.08,34.48,59389.91,"97.83,38.36",2013-5-26,0.29,0.3,9.09,2.75,47.495,12.842857142857143,47.495
24680,13.66,13.84,0.6,0.64,0.12,76.65,-0.49,1.19,279.73,35.78,64224.66,"99.55,38.44",2013-5-26,0.6,0.8,13.84,3.0,38.325,19.514285714285716,38.325
24690,26.66,27.03,1.32,1.79,0.13,69.68,1.53,-0.02,286.8,24.74,74622.95,"101.28,38.5",2013-5-26,1.32,2.2375,27.03,3.25,34.84,38.08571428571429,38.08571428571429
24700,65.12,65.72,2.43,2.1,0.14,65.13,3.84,-3.48,296.29,19.65,85316.8,"103.01,38.53",2013-5-26,2.43,2.625,57.86,3.5000000000000004,32.565,87.65,87.65
24710,24.86,29.51,6.56,2.63,0.3,79.91,-1.43,3.43,296.91,35.26,85743.96,"104.74,38.55",2013-5-26,6.56,3.2874999999999996,29.51,7.5,39.955,35.51428571428571,39.955
24720,25.49,53.93,35.0,19.97,1.14,97.05,-0.67,3.88,296.67,44.79,87978.2,"106.47,38.54",2013-5-26,35.0,24.9625,51.965,28.499999999999996,48.525,36.41428571428571,51.965
24730,44.03,52.55,16.01,2.28,0.31,95.65,-1.25,4.34,293.38,56.13,85661.19,"108.2,38.51",2013-5-26,16.01,2.8499999999999996,51.275,7.75,47.825,61.2875,61.2875
24740,61.37,67.46,26.45,5.8,0.35,96.8,-0.01,4.04,293.23,59.71,86801.6,"109.93,38.46",2013-5-26,26.45,7.25,58.73,8.75,48.4,82.9625,82.9625
24750,72.78,88.11,26.7,14.78,1.13,111.84,-3.07,0.97,290.2,71.67,85038.49,"111.65,38.39",2013-5-26,26.7,18.474999999999998,69.055,28.249999999999996,59.866666666666674,97.225,97.225
24760,120.03,165.99,23.64,21.9,1.1,85.25,-3.92,0.02,289.6,84.14,89795.38,"113.38,38.29",2013-5-26,23.64,27.375,107.995,27.500000000000004,42.625,157.18571428571428,157.18571428571428
24770,141.8,198.21,31.0,37.47,1.45,29.47,-4.0,-1.46,294.8,76.42,100310.27,"115.09,38.17",2013-5-26,31.0,46.8375,124.105,36.25,14.735,188.2857142857143,188.2857142857143
24780,112.72,104.9,19.81,24.64,0.81,29.88,-4.72,1.66,294.29,80.12,100697.35,"116.8,38.03",2013-5-26,19.81,30.8,77.45,20.25,14.94,147.15,147.15
24790,65.82,70.82,23.03,22.24,0.58,48.47,-6.21,5.02,291.72,87.1,100814.52,"118.51,37.87",2013-5-26,23.03,27.799999999999997,60.41,14.499999999999998,24.235,88.52499999999999,88.52499999999999
24800,48.25,58.72,20.51,15.78,0.3,76.75,-3.5,7.85,291.19,72.95,100326.95,"122.07,37.46",2013-5-26,20.51,19.724999999999998,54.36,7.5,38.375,66.5625,66.5625
24810,3.61,3.81,0.88,0.69,0.18,107.78,12.28,10.77,272.55,52.35,55875.14,"77.95,35.92",2013-5-26,0.88,0.8624999999999999,3.81,4.5,56.483333333333334,5.1571428571428575,56.483333333333334
24820,27.05,27.19,0.62,0.47,0.15,92.03,5.98,3.97,277.81,46.28,60525.47,"79.58,36.25",2013-5-26,0.62,0.5874999999999999,27.19,3.75,46.015,38.642857142857146,46.015
24830,124.63,124.75,0.44,0.49,0.14,67.69,2.66,-4.17,295.01,24.59,82302.78,"81.23,36.56",2013-5-26,0.44,0.6125,87.375,3.5000000000000004,33.845,163.75714285714284,163.75714285714284
24840,125.67,125.77,0.37,0.47,0.13,66.89,4.61,-1.4,296.18,19.1,81575.15,"82.88,36.85",2013-5-26,0.37,0.5874999999999999,87.88499999999999,3.25,33.445,165.24285714285713,165.24285714285713
24850,76.59,76.69,0.35,0.48,0.13,72.0,3.42,-0.23,291.02,23.08,74259.8,"84.54,37.12",2013-5-26,0.35,0.6,63.345,3.25,36.0,101.98750000000001,101.98750000000001
24860,50.3,50.39,0.33,0.27,0.12,76.89,6.34,-2.79,276.66,44.09,59215.58,"86.22,37.37",2013-5-26,0.33,0.3375,50.195,3.0,38.445,69.125,69.125
24870,21.14,21.22,0.31,0.14,0.13,89.76,7.3,0.04,274.46,45.96,57805.3,"87.9,37.6",2013-5-26,0.31,0.17500000000000002,21.22,3.25,44.88,30.200000000000003,44.88
24880,14.48,14.56,0.32,0.13,0.13,93.82,5.54,-2.37,280.72,31.92,62330.68,"89.6,37.8",2013-5-26,0.32,0.1625,14.56,3.25,46.91,20.685714285714287,46.91
24890,10.79,10.91,0.33,0.29,0.13,88.41,1.19,-0.82,286.2,24.67,69240.16,"91.3,37.99",2013-5-26,0.33,0.3625,10.91,3.25,44.205,15.414285714285713,44.205
24900,14.25,14.34,0.25,0.27,0.12,85.6,0.74,-3.67,288.61,21.96,72519.83,"93.0,38.15",2013-5-26,0.25,0.3375,14.34,3.0,42.8,20.357142857142858,42.8
24910,10.48,10.56,0.19,0.32,0.12,89.36,-0.18,-3.21,284.52,21.95,66160.12,"94.72,38.29",2013-5-26,0.19,0.4,10.56,3.0,44.68,14.971428571428572,44.68
24920,10.12,10.18,0.15,0.15,0.12,92.16,3.42,-1.35,278.02,28.84,60085.44,"96.44,38.41",2013-5-26,0.15,0.1875,10.18,3.0,46.08,14.457142857142856,46.08
24930,9.44,9.53,0.3,0.31,0.11,90.39,2.67,-0.07,280.09,29.59,62092.5,"98.16,38.51",2013-5-26,0.3,0.3875,9.53,2.75,45.195,13.485714285714286,45.195
24940,16.12,16.36,0.87,0.87,0.12,73.36,-1.3,-0.13,281.76,32.83,68004.47,"99.89,38.59",2013-5-26,0.87,1.0875,16.36,3.0,36.68,23.028571428571432,36.68
24950,34.72,35.04,1.18,1.56,0.13,66.8,2.12,-2.73,288.16,23.47,76887.39,"101.62,38.64",2013-5-26,1.18,1.9500000000000002,35.04,3.25,33.4,49.6,49.6
24960,57.16,57.77,2.3,1.57,0.14,65.39,2.95,-2.18,297.27,21.64,85830.52,"103.35,38.67",2013-5-26,2.3,1.9625000000000001,53.885000000000005,3.5000000000000004,32.695,77.69999999999999,77.69999999999999
24970,23.44,30.64,8.26,3.88,0.45,83.74,-2.11,4.17,296.56,38.35,85766.24,"105.09,38.68",2013-5-26,8.26,4.85,30.64,11.25,41.87,33.48571428571429,41.87
24980,31.1,46.14,18.14,4.58,0.88,97.3,0.43,4.23,295.69,46.4,86720.53,"106.82,38.67",2013-5-26,18.14,5.725,46.14,22.0,48.65,44.42857142857143,48.65
24990,51.95,56.9,19.24,3.31,0.31,93.83,-1.21,4.62,293.27,56.79,85792.36,"108.55,38.64",2013-5-26,19.24,4.1375,53.45,7.75,46.915,71.1875,71.1875
25000,63.16,69.61,24.84,4.38,0.36,97.98,-0.05,4.18,294.45,55.17,88279.31,"110.28,38.58",2013-5-26,24.84,5.475,59.805,9.0,48.99,85.19999999999999,85.19999999999999
25010,73.61,87.05,25.51,14.04,1.17,112.61,-4.07,0.95,289.49,74.53,84424.05,"112.01,38.5",2013-5-26,25.51,17.549999999999997,68.525,29.25,60.50833333333333,98.2625,98.2625
25020,120.03,163.18,22.72,18.62,1.07,78.95,-3.17,-0.61,292.53,75.62,94833.02,"113.73,38.4",2013-5-26,22.72,23.275000000000002,106.59,26.75,39.475,157.18571428571428,157.18571428571428
25030,121.09,155.12,23.86,29.29,1.31,27.66,-4.62,-0.75,294.64,78.09,100450.0,"115.45,38.28",2013-5-26,23.86,36.6125,102.56,32.75,13.83,158.70000000000002,158.70000000000002
25040,99.08,84.28,17.88,22.37,0.73,33.69,-4.73,2.44,294.09,79.27,100737.93,"117.17,38.14",2013-5-26,17.88,27.962500000000002,67.14,18.25,16.845,130.1,130.1
25050,44.43,53.58,13.43,11.28,0.29,70.91,-4.09,6.75,291.65,76.86,100547.52,"120.74,37.76",2013-5-26,13.43,14.1,51.79,7.249999999999999,35.455,61.7875,61.7875
25060,3.54,3.73,0.86,0.66,0.18,109.02,11.51,8.75,272.2,52.77,55351.07,"77.91,36.05",2013-5-26,0.86,0.8250000000000001,3.73,4.5,57.516666666666666,5.057142857142857,57.516666666666666
25070,45.1,45.25,0.6,0.49,0.15,83.55,2.24,-1.95,278.89,54.26,63622.13,"79.54,36.38",2013-5-26,0.6,0.6125,45.25,3.75,41.775,62.625,62.625
25080,136.99,137.11,0.44,0.49,0.14,66.13,3.1,-4.89,296.21,23.44,83788.24,"81.19,36.69",2013-5-26,0.44,0.6125,93.555,3.5000000000000004,33.065,181.41428571428574,181.41428571428574
25090,146.53,146.62,0.36,0.59,0.13,64.76,3.46,-1.74,297.78,17.94,84036.9,"82.84,36.98",2013-5-26,0.36,0.7374999999999999,98.31,3.25,32.38,195.04285714285714,195.04285714285714
25100,85.04,85.13,0.36,0.5,0.13,70.32,2.96,0.23,294.03,20.32,77968.13,"84.51,37.25",2013-5-26,0.36,0.625,67.565,3.25,35.16,112.55000000000001,112.55000000000001
25110,53.64,53.73,0.34,0.28,0.12,72.8,6.15,-1.02,279.84,37.52,62427.61,"86.19,37.5",2013-5-26,0.34,0.35000000000000003,51.864999999999995,3.0,36.4,73.3,73.3
25120,23.32,23.41,0.32,0.14,0.13,87.85,8.01,1.75,276.31,42.08,59215.77,"87.88,37.73",2013-5-26,0.32,0.17500000000000002,23.41,3.25,43.925,33.31428571428572,43.925
25130,16.16,16.24,0.32,0.13,0.13,92.7,6.2,-3.08,283.9,28.0,65611.98,"89.57,37.94",2013-5-26,0.32,0.1625,16.24,3.25,46.35,23.085714285714285,46.35
25140,11.92,12.06,0.37,0.31,0.13,87.44,1.65,-0.76,285.55,25.84,68686.05,"91.27,38.12",2013-5-26,0.37,0.3875,12.06,3.25,43.72,17.02857142857143,43.72
25150,12.7,12.8,0.25,0.25,0.12,85.95,0.94,-3.45,288.16,23.1,72138.17,"92.99,38.29",2013-5-26,0.25,0.3125,12.8,3.0,42.975,18.142857142857142,42.975
25160,10.16,10.23,0.19,0.28,0.12,87.51,-0.18,-2.31,283.1,24.87,65220.45,"94.7,38.43",2013-5-26,0.19,0.35000000000000003,10.23,3.0,43.755,14.514285714285714,43.755
25170,10.56,10.62,0.16,0.17,0.12,90.45,2.85,-1.2,277.83,30.45,60327.95,"96.42,38.55",2013-5-26,0.16,0.21250000000000002,10.62,3.0,45.225,15.085714285714287,45.225
25180,9.54,9.63,0.3,0.32,0.11,89.6,1.9,-0.74,279.76,30.88,62250.91,"98.15,38.65",2013-5-26,0.3,0.4,9.63,2.75,44.8,13.628571428571428,44.8
25190,17.76,18.01,0.89,0.91,0.12,71.49,-1.27,0.02,282.72,31.67,69383.66,"99.88,38.72",2013-5-26,0.89,1.1375,18.01,3.0,35.745,25.371428571428574,35.745
25200,43.31,43.54,0.95,1.29,0.13,67.2,2.07,-2.49,289.57,22.71,78949.74,"101.62,38.78",2013-5-26,0.95,1.6125,43.54,3.25,33.6,60.3875,60.3875
25210,54.83,55.45,2.31,1.36,0.14,65.96,1.96,-2.24,297.09,23.39,85933.5,"103.35,38.81",2013-5-26,2.31,1.7000000000000002,52.725,3.5000000000000004,32.98,74.7875,74.7875
25220,24.52,31.53,8.16,3.67,0.43,82.99,-1.81,4.32,296.58,38.22,85805.33,"105.09,38.82",2013-5-26,8.16,4.5875,31.53,10.75,41.495,35.02857142857143,41.495
25230,30.75,46.16,18.78,4.71,0.84,97.47,0.61,4.12,296.28,44.79,87388.76,"106.82,38.81",2013-5-26,18.78,5.8875,46.16,21.0,48.735,43.92857142857143,48.735
25240,51.99,56.97,19.53,3.39,0.31,93.33,-1.15,4.81,293.09,57.21,85575.5,"108.56,38.77",2013-5-26,19.53,4.2375,53.485,7.75,46.665,71.23750000000001,71.23750000000001
25250,62.66,69.16,24.57,4.92,0.36,96.97,0.38,3.97,294.23,55.09,87850.28,"110.29,38.72",2013-5-26,24.57,6.15,59.58,9.0,48.485,84.57499999999999,84.57499999999999
25260,75.49,88.6,24.13,11.95,1.13,113.59,-3.18,1.6,287.39,81.92,82064.15,"112.02,38.64",2013-5-26,24.13,14.9375,69.3,28.249999999999996,61.325,100.6125,100.6125
25270,110.82,148.33,21.99,14.65,0.98,85.46,-4.35,-1.77,291.58,75.74,91910.84,"113.75,38.54",2013-5-26,21.99,18.3125,99.165,24.5,42.73,144.77499999999998,144.77499999999998
25280,117.94,152.56,23.76,27.0,1.5,28.51,-4.68,-1.1,294.53,77.07,100471.33,"115.47,38.42",2013-5-26,23.76,33.75,101.28,37.5,14.255,154.2,154.2
25290,93.76,76.87,17.54,20.22,0.71,35.87,-4.55,2.11,294.02,78.83,100765.52,"117.19,38.27",2013-5-26,17.54,25.275,63.435,17.75,17.935,123.45,123.45
25300,3.68,3.87,0.88,0.74,0.18,106.53,12.79,8.36,271.5,63.23,55468.43,"77.54,36.11",2013-5-26,0.88,0.925,3.87,4.5,55.44166666666667,5.257142857142857,55.44166666666667
25310,53.79,53.94,0.57,0.49,0.15,79.84,-2.4,-3.03,281.4,52.25,67705.91,"79.18,36.45",2013-5-26,0.57,0.6125,51.97,3.75,39.92,73.4875,73.4875
25320,132.16,132.29,0.48,0.57,0.14,66.36,3.82,-4.65,294.74,26.51,82639.55,"80.82,36.76",2013-5-26,0.48,0.7124999999999999,91.145,3.5000000000000004,33.18,174.5142857142857,174.5142857142857
25330,193.05,193.15,0.37,0.67,0.13,61.81,1.58,-2.04,297.61,19.17,84863.51,"82.48,37.06",2013-5-26,0.37,0.8375,121.575,3.25,30.905,243.05,243.05
25340,104.31,104.4,0.36,0.48,0.13,67.7,1.7,-0.44,296.88,18.18,82155.72,"84.14,37.33",2013-5-26,0.36,0.6,77.2,3.25,33.85,136.6375,136.6375
25350,58.64,58.73,0.38,0.35,0.13,73.16,1.54,1.19,293.96,19.8,78350.59,"85.82,37.59",2013-5-26,0.38,0.4375,54.364999999999995,3.25,36.58,79.55,79.55
25360,27.98,28.07,0.34,0.16,0.12,85.39,7.53,3.08,275.15,46.69,58640.76,"87.51,37.82",2013-5-26,0.34,0.2,28.07,3.0,42.695,39.971428571428575,42.695
25370,19.71,19.79,0.34,0.14,0.13,91.2,8.04,-2.72,282.36,30.97,64373.51,"89.21,38.03",2013-5-26,0.34,0.17500000000000002,19.79,3.25,45.6,28.15714285714286,45.6
25380,14.78,15.33,1.08,1.64,0.13,86.73,1.26,-2.23,286.68,25.51,69949.8,"90.91,38.22",2013-5-26,1.08,2.05,15.33,3.25,43.365,21.114285714285714,43.365
25390,13.03,13.11,0.25,0.23,0.12,84.65,1.18,-2.7,288.23,23.76,73014.06,"92.62,38.39",2013-5-26,0.25,0.28750000000000003,13.11,3.0,42.325,18.614285714285714,42.325
25400,11.44,11.51,0.22,0.29,0.12,83.8,-1.02,-2.8,285.61,24.53,68722.49,"94.34,38.54",2013-5-26,0.22,0.3625,11.51,3.0,41.9,16.34285714285714,41.9
25410,11.35,11.41,0.18,0.18,0.12,91.14,4.22,-0.21,276.67,33.19,59490.05,"96.07,38.66",2013-5-26,0.18,0.22499999999999998,11.41,3.0,45.57,16.214285714285715,45.57
25420,10.12,10.19,0.24,0.24,0.12,87.96,3.4,-0.66,279.22,30.01,61594.7,"97.79,38.76",2013-5-26,0.24,0.3,10.19,3.0,43.98,14.457142857142856,43.98
25430,17.78,18.02,0.82,1.11,0.12,68.51,-1.49,-0.25,282.48,32.7,69367.3,"99.53,38.84",2013-5-26,0.82,1.3875000000000002,18.02,3.0,34.255,25.400000000000002,34.255
25440,46.98,47.16,0.76,1.17,0.13,68.0,-0.39,-3.02,289.85,23.1,79700.91,"101.26,38.9",2013-5-26,0.76,1.4625,47.16,3.25,34.0,64.975,64.975
25450,68.16,68.63,1.82,1.12,0.14,66.43,2.09,-5.0,295.81,23.17,85472.46,"103.0,38.94",2013-5-26,1.82,1.4000000000000001,59.315,3.5000000000000004,33.215,91.44999999999999,91.44999999999999
25460,26.71,31.34,6.57,2.32,0.28,78.87,-0.7,3.46,296.62,36.4,85638.09,"104.74,38.95",2013-5-26,6.57,2.9,31.34,7.000000000000001,39.435,38.15714285714286,39.435
25470,23.7,50.96,33.97,16.47,0.96,96.93,0.59,2.75,297.09,43.71,88623.83,"106.48,38.95",2013-5-26,33.97,20.5875,50.480000000000004,24.0,48.465,33.857142857142854,50.480000000000004
25480,43.83,51.96,15.78,2.07,0.31,94.29,-0.56,5.4,293.12,55.03,84957.52,"108.22,38.92",2013-5-26,15.78,2.5875,50.980000000000004,7.75,47.145,61.037499999999994,61.037499999999994
25490,59.85,66.17,25.24,6.06,0.34,97.17,0.68,3.59,293.4,59.02,87048.15,"109.95,38.86",2013-5-26,25.24,7.574999999999999,58.085,8.5,48.585,81.0625,81.0625
25500,69.22,83.0,23.11,9.34,0.97,112.46,-2.66,4.34,289.48,69.51,82906.01,"111.69,38.79",2013-5-26,23.11,11.675,66.5,24.25,60.383333333333326,92.775,92.775
25510,98.9,127.99,20.94,12.3,0.79,101.84,-5.59,2.09,290.06,74.82,87659.23,"113.42,38.69",2013-5-26,20.94,15.375,88.995,19.75,51.53333333333334,129.875,129.875
25520,121.96,168.15,28.23,29.01,1.78,32.15,-4.84,-2.42,294.69,73.81,100332.56,"115.14,38.58",2013-5-26,28.23,36.2625,109.075,44.5,16.075,159.94285714285712,159.94285714285712
25530,98.77,88.64,13.39,21.25,0.77,31.71,-4.72,1.04,293.73,79.48,100727.65,"116.86,38.44",2013-5-26,13.39,26.5625,69.32,19.25,15.855,129.7125,129.7125
25540,3.96,4.18,0.93,0.86,0.19,101.59,12.2,10.96,268.72,73.59,53673.73,"76.85,36.1",2013-5-26,0.93,1.075,4.18,4.75,51.325,5.6571428571428575,51.325
25550,3.91,4.1,0.83,0.57,0.18,105.95,14.4,6.84,276.22,40.45,58103.27,"78.48,36.45",2013-5-26,0.83,0.7124999999999999,4.1,4.5,54.958333333333336,5.585714285714286,54.958333333333336
25560,109.27,109.45,0.72,0.81,0.14,67.66,2.41,-3.23,289.59,36.21,77619.85,"80.12,36.77",2013-5-26,0.72,1.0125000000000002,79.725,3.5000000000000004,33.83,142.83749999999998,142.83749999999998
25570,195.63,195.73,0.36,0.52,0.13,60.79,-1.03,-3.84,297.51,20.62,85353.7,"81.78,37.08",2013-5-26,0.36,0.65,122.865,3.25,30.395,245.63,245.63
25580,126.8,126.89,0.34,0.55,0.13,63.0,-0.24,-1.77,297.81,18.69,85124.59,"83.44,37.36",2013-5-26,0.34,0.6875,88.445,3.25,31.5,166.85714285714286,166.85714285714286
25590,64.78,64.88,0.42,0.39,0.13,69.51,-0.27,0.33,296.09,19.62,81971.88,"85.12,37.62",2013-5-26,0.42,0.48750000000000004,57.44,3.25,34.755,87.225,87.225
25600,38.84,38.93,0.35,0.24,0.12,76.98,6.02,1.24,279.12,39.33,61897.22,"86.8,37.86",2013-5-26,0.35,0.3,38.93,3.0,38.49,54.800000000000004,54.800000000000004
25610,26.86,26.96,0.37,0.16,0.13,86.15,7.6,-2.55,279.61,37.84,62318.45,"88.5,38.08",2013-5-26,0.37,0.2,26.96,3.25,43.075,38.371428571428574,43.075
25620,14.31,14.4,0.34,0.27,0.13,90.86,1.94,-4.38,285.82,27.83,69215.59,"90.2,38.28",2013-5-26,0.34,0.3375,14.4,3.25,45.43,20.442857142857143,45.43
25630,15.11,15.21,0.28,0.2,0.12,82.77,1.27,-1.93,288.5,24.17,73173.47,"91.92,38.46",2013-5-26,0.28,0.25,15.21,3.0,41.385,21.585714285714285,41.385
25640,10.43,10.51,0.25,0.23,0.12,87.35,0.33,-2.75,288.0,23.04,70901.26,"93.63,38.62",2013-5-26,0.25,0.28750000000000003,10.51,3.0,43.675,14.9,43.675
25650,10.54,10.61,0.2,0.19,0.12,89.58,2.04,-0.67,283.23,26.22,65931.99,"95.36,38.75",2013-5-26,0.2,0.2375,10.61,3.0,44.79,15.057142857142857,44.79
25660,9.47,9.53,0.2,0.18,0.11,87.76,4.67,0.66,276.61,34.01,59577.81,"97.09,38.86",2013-5-26,0.2,0.22499999999999998,9.53,2.75,43.88,13.52857142857143,43.88
25670,12.09,12.24,0.48,0.59,0.11,79.01,0.06,1.07,277.58,39.91,61981.25,"98.82,38.95",2013-5-26,0.48,0.7374999999999999,12.24,2.75,39.505,17.271428571428572,39.505
25680,52.72,52.97,0.98,1.8,0.13,65.15,-1.18,-2.88,293.25,20.36,83341.41,"100.56,39.02",2013-5-26,0.98,2.25,51.485,3.25,32.575,72.15,72.15
25690,77.05,77.3,1.0,0.87,0.13,67.02,1.3,-6.97,293.64,21.26,83787.95,"102.3,39.06",2013-5-26,1.0,1.0875,63.65,3.25,33.51,102.5625,102.5625
25700,33.99,35.92,4.69,1.44,0.17,72.05,-1.04,1.19,296.44,33.29,85855.92,"104.04,39.09",2013-5-26,4.69,1.7999999999999998,35.92,4.25,36.025,48.557142857142864,48.557142857142864
25710,21.99,32.89,10.74,5.61,0.59,85.89,0.62,3.91,296.42,28.13,83649.41,"105.78,39.09",2013-5-26,10.74,7.0125,32.89,14.75,42.945,31.41428571428571,42.945
25720,37.68,47.1,14.71,2.39,0.38,93.81,-0.63,4.28,295.68,46.89,86935.05,"107.53,39.07",2013-5-26,14.71,2.9875000000000003,47.1,9.5,46.905,53.35,53.35
25730,55.6,60.99,19.77,3.12,0.32,93.51,-0.09,5.19,293.08,58.35,86159.96,"109.27,39.02",2013-5-26,19.77,3.9000000000000004,55.495000000000005,8.0,46.755,75.75,75.75
25740,65.76,78.54,26.66,7.02,0.64,104.76,-0.09,3.83,295.89,49.8,90014.65,"111.0,38.96",2013-5-26,26.66,8.774999999999999,64.27000000000001,16.0,53.96666666666667,88.45,88.45
25750,82.71,103.8,21.44,11.5,0.95,114.71,-1.95,3.76,292.06,68.75,90409.04,"112.74,38.87",2013-5-26,21.44,14.375,76.9,23.75,62.258333333333326,109.63749999999999,109.63749999999999
25760,114.22,150.45,23.43,18.55,1.31,58.88,-4.23,-2.1,294.77,66.22,98065.0,"114.47,38.76",2013-5-26,23.43,23.1875,100.225,32.75,29.44,149.025,149.025
25770,102.76,118.5,18.48,21.02,1.32,30.44,-4.6,-0.03,293.58,77.95,100650.57,"116.19,38.63",2013-5-26,18.48,26.275,84.25,33.0,15.22,134.7,134.7
25780,4.07,4.24,0.87,1.09,0.19,99.46,14.62,15.57,267.47,87.01,53366.95,"76.16,36.09",2013-5-26,0.87,1.3625,4.24,4.75,49.73,5.814285714285715,49.73
25790,3.33,3.52,0.85,0.66,0.18,106.83,13.52,8.71,272.42,58.71,55818.38,"77.78,36.44",2013-5-26,0.85,0.8250000000000001,3.52,4.5,55.69166666666666,4.757142857142857,55.69166666666666
25800,95.16,95.3,0.56,0.6,0.14,69.19,0.32,-4.66,287.02,44.11,75567.12,"79.42,36.78",2013-5-26,0.56,0.75,72.65,3.5000000000000004,34.595,125.19999999999999,125.19999999999999
25810,183.85,183.97,0.44,0.54,0.13,60.58,0.55,-4.25,297.49,22.22,85789.95,"81.07,37.09",2013-5-26,0.44,0.675,116.985,3.25,30.29,233.85,233.85
25820,161.39,161.48,0.33,0.73,0.13,59.66,-3.61,-3.58,297.11,20.99,85667.57,"82.74,37.38",2013-5-26,0.33,0.9125,105.74,3.25,29.83,211.39,211.39
25830,84.19,84.28,0.45,0.4,0.13,67.47,-3.17,-1.9,296.94,20.45,84909.71,"84.41,37.65",2013-5-26,0.45,0.5,67.14,3.25,33.735,111.4875,111.4875
25840,59.8,59.91,0.51,0.28,0.13,68.93,-1.73,-0.63,295.99,19.36,82650.61,"86.1,37.9",2013-5-26,0.51,0.35000000000000003,54.955,3.25,34.465,81.0,81.0
25850,37.17,37.26,0.4,0.26,0.12,78.85,5.2,-1.28,281.97,35.5,65327.2,"87.79,38.13",2013-5-26,0.4,0.325,37.26,3.0,39.425,52.712500000000006,52.712500000000006
25860,19.54,19.63,0.35,0.14,0.13,91.88,10.41,-2.38,274.51,47.3,58154.9,"89.5,38.34",2013-5-26,0.35,0.17500000000000002,19.63,3.25,45.94,27.914285714285715,45.94
25870,16.86,17.15,0.67,0.81,0.13,83.09,2.04,-2.07,288.43,24.29,72355.66,"91.21,38.53",2013-5-26,0.67,1.0125000000000002,17.15,3.25,41.545,24.085714285714285,41.545
25880,12.5,12.57,0.24,0.2,0.12,86.01,1.89,-4.24,287.85,25.82,72649.98,"92.93,38.69",2013-5-26,0.24,0.25,12.57,3.0,43.005,17.857142857142858,43.005
25890,10.68,10.74,0.23,0.28,0.12,83.8,-0.59,-1.25,287.02,23.46,70350.31,"94.65,38.83",2013-5-26,0.23,0.35000000000000003,10.74,3.0,41.9,15.257142857142856,41.9
25900,9.68,9.74,0.2,0.17,0.12,85.36,2.13,-1.4,281.98,29.83,65565.37,"96.38,38.95",2013-5-26,0.2,0.21250000000000002,9.74,3.0,42.68,13.82857142857143,42.68
25910,10.16,10.26,0.34,0.6,0.12,83.71,2.39,-2.11,280.2,31.36,63789.59,"98.12,39.05",2013-5-26,0.34,0.75,10.26,3.0,41.855,14.514285714285714,41.855
25920,30.02,30.34,1.23,2.02,0.13,63.43,-0.98,-1.61,288.52,26.07,78306.27,"99.86,39.13",2013-5-26,1.23,2.525,30.34,3.25,31.715,42.885714285714286,42.885714285714286
25930,57.11,57.28,1.22,1.38,0.13,64.58,0.89,-5.28,293.41,20.77,84735.24,"101.6,39.18",2013-5-26,1.22,1.7249999999999999,53.64,3.25,32.29,77.6375,77.6375
25940,50.23,50.87,2.52,0.95,0.15,65.98,1.07,-2.04,296.02,26.94,85467.69,"103.34,39.21",2013-5-26,2.52,1.1875,50.435,3.75,32.99,69.0375,69.0375
25950,27.34,33.28,8.06,3.12,0.34,81.11,0.11,4.31,297.56,35.46,86869.92,"105.09,39.22",2013-5-26,8.06,3.9000000000000004,33.28,8.5,40.555,39.05714285714286,40.555
25960,30.15,48.75,23.18,8.47,0.71,95.31,0.33,3.85,296.7,43.22,87846.14,"106.83,39.21",2013-5-26,23.18,10.5875,48.75,17.75,47.655,43.07142857142857,48.75
25970,50.71,55.49,18.52,2.61,0.3,93.26,-0.28,6.06,293.17,55.15,85218.45,"108.58,39.18",2013-5-26,18.52,3.2624999999999997,52.745000000000005,7.5,46.63,69.6375,69.6375
25980,61.87,68.95,31.01,10.01,0.36,93.39,1.53,3.79,294.05,55.28,87514.18,"110.32,39.12",2013-5-26,31.01,12.5125,59.475,9.0,46.695,83.5875,83.5875
25990,70.38,84.39,22.43,9.1,1.0,112.41,-1.71,4.53,289.25,69.71,82938.05,"112.06,39.04",2013-5-26,22.43,11.375,67.195,25.0,60.34166666666667,94.225,94.225
26000,105.8,137.86,20.39,10.29,0.86,91.63,-2.45,1.8,286.81,88.85,84978.94,"113.79,38.94",2013-5-26,20.39,12.862499999999999,93.93,21.5,45.815,138.5,138.5
26010,113.18,153.73,29.29,31.15,2.0,27.9,-4.38,-1.74,294.47,73.92,100724.54,"115.52,38.82",2013-5-26,29.29,38.9375,101.865,50.0,13.95,147.72500000000002,147.72500000000002
26020,77.78,66.88,13.43,19.75,0.89,42.62,-5.08,1.2,292.39,82.85,100805.32,"117.25,38.67",2013-5-26,13.43,24.6875,58.44,22.25,21.31,103.475,103.475
26030,3.52,3.72,0.91,0.69,0.19,103.68,14.95,8.1,269.22,66.19,53533.62,"77.41,36.51",2013-5-26,0.91,0.8624999999999999,3.72,4.75,53.06666666666667,5.0285714285714285,53.06666666666667
26040,76.95,77.09,0.5,0.47,0.14,70.04,0.49,-3.45,283.19,56.7,72152.28,"79.05,36.84",2013-5-26,0.5,0.5874999999999999,63.545,3.5000000000000004,35.02,102.4375,102.4375
26050,185.65,185.79,0.5,0.61,0.14,61.93,-0.15,-4.27,297.41,23.77,86300.77,"80.7,37.16",2013-5-26,0.5,0.7625,117.895,3.5000000000000004,30.965,235.65,235.65
26060,211.46,211.55,0.32,0.63,0.13,58.95,-4.23,-4.14,296.99,21.61,85696.3,"82.37,37.46",2013-5-26,0.32,0.7875,130.775,3.25,29.475,261.46000000000004,261.46000000000004
26070,123.74,123.84,0.45,0.51,0.13,63.27,-5.71,-3.13,296.37,22.72,86044.95,"84.04,37.73",2013-5-26,0.45,0.6375,86.92,3.25,31.635,162.48571428571427,162.48571428571427
26080,68.81,68.92,0.6,0.3,0.13,66.56,-6.69,-3.0,294.85,22.86,84983.02,"85.73,37.99",2013-5-26,0.6,0.375,59.46,3.25,33.28,92.2625,92.2625
26090,58.72,58.82,0.5,0.3,0.13,70.38,1.56,-0.46,289.29,27.16,74870.52,"87.42,38.22",2013-5-26,0.5,0.375,54.41,3.25,35.19,79.65,79.65
26100,23.92,24.01,0.38,0.16,0.13,88.18,9.82,-1.3,280.85,35.51,64128.27,"89.13,38.43",2013-5-26,0.38,0.2,24.01,3.25,44.09,34.17142857142858,44.09
26110,16.49,16.78,0.69,0.91,0.13,84.61,5.97,-1.63,282.27,32.73,65717.84,"90.84,38.62",2013-5-26,0.69,1.1375,16.78,3.25,42.305,23.557142857142857,42.305
26120,14.47,14.55,0.25,0.14,0.12,83.13,1.07,-6.21,286.0,28.83,70819.64,"92.56,38.79",2013-5-26,0.25,0.17500000000000002,14.55,3.0,41.565,20.671428571428574,41.565
26130,10.37,10.44,0.26,0.39,0.12,84.59,-0.66,-3.96,287.8,25.73,72188.72,"94.29,38.94",2013-5-26,0.26,0.48750000000000004,10.44,3.0,42.295,14.814285714285713,42.295
26140,10.06,10.13,0.23,0.17,0.12,86.13,1.53,-2.57,282.7,30.83,66871.66,"96.02,39.07",2013-5-26,0.23,0.21250000000000002,10.13,3.0,43.065,14.371428571428572,43.065
26150,10.51,10.61,0.32,0.36,0.12,81.76,3.82,-0.99,280.66,33.15,64145.38,"97.76,39.17",2013-5-26,0.32,0.44999999999999996,10.61,3.0,40.88,15.014285714285714,40.88
26160,29.42,29.7,1.02,1.78,0.13,64.08,-0.79,-1.45,291.49,22.85,82417.68,"99.5,39.25",2013-5-26,1.02,2.225,29.7,3.25,32.04,42.02857142857143,42.02857142857143
26170,55.43,55.54,0.47,0.9,0.13,65.4,0.42,-4.73,292.75,22.04,84432.7,"101.24,39.31",2013-5-26,0.47,1.125,52.769999999999996,3.25,32.7,75.5375,75.5375
26180,62.21,62.68,1.83,0.98,0.14,65.98,0.95,-2.16,296.45,23.93,86498.09,"102.99,39.34",2013-5-26,1.83,1.225,56.34,3.5000000000000004,32.99,84.0125,84.0125
26190,29.32,33.4,6.33,1.94,0.22,75.61,0.76,2.08,297.29,34.13,86568.06,"104.74,39.36",2013-5-26,6.33,2.425,33.4,5.5,37.805,41.885714285714286,41.885714285714286
26200,25.37,49.81,45.93,21.69,0.77,86.62,0.14,5.52,293.84,45.34,83359.73,"106.49,39.35",2013-5-26,45.93,27.1125,49.81,19.25,43.31,36.24285714285715,49.81
26210,42.87,50.06,15.79,2.04,0.29,94.55,0.9,4.95,294.18,49.49,85177.56,"108.23,39.32",2013-5-26,15.79,2.55,50.03,7.249999999999999,47.275,59.8375,59.8375
26220,59.77,67.37,25.23,6.48,0.39,94.94,1.21,4.97,293.19,58.08,86439.68,"109.98,39.27",2013-5-26,25.23,8.100000000000001,58.685,9.75,47.47,80.9625,80.9625
26230,69.28,85.55,23.63,7.3,0.88,107.66,-0.7,2.34,291.68,61.38,85399.62,"111.72,39.2",2013-5-26,23.63,9.125,67.775,22.0,56.38333333333333,92.85,92.85
26240,93.97,119.59,20.08,9.25,0.7,101.23,-3.78,4.71,286.04,81.38,80893.8,"113.46,39.1",2013-5-26,20.08,11.5625,84.795,17.5,51.025000000000006,123.7125,123.7125
26250,122.15,161.78,30.89,28.39,1.74,37.77,-3.74,-4.03,293.69,73.1,99060.9,"115.19,38.98",2013-5-26,30.89,35.4875,105.89,43.5,18.885,160.21428571428572,160.21428571428572
26260,83.33,83.1,10.84,20.49,1.01,38.32,-5.24,0.14,292.09,82.99,100790.35,"116.92,38.84",2013-5-26,10.84,25.612499999999997,66.55,25.25,19.16,110.4125,110.4125
26270,3.42,3.61,0.91,0.78,0.19,101.5,15.32,8.06,270.79,63.7,55351.43,"77.04,36.57",2013-5-26,0.91,0.9750000000000001,3.61,4.75,51.25,4.885714285714286,51.25
26280,57.58,57.71,0.49,0.43,0.14,69.58,-0.66,-1.71,281.4,64.64,70634.41,"78.68,36.91",2013-5-26,0.49,0.5375,53.855000000000004,3.5000000000000004,34.79,78.225,78.225
26290,163.96,164.09,0.51,0.61,0.14,62.5,-0.95,-4.59,297.12,25.53,86425.2,"80.33,37.23",2013-5-26,0.51,0.7625,107.045,3.5000000000000004,31.25,213.96,213.96
26300,252.65,252.74,0.31,0.46,0.13,57.98,-4.77,-5.1,296.68,22.92,85644.61,"82.0,37.53",2013-5-26,0.31,0.5750000000000001,151.37,3.25,28.99,302.65,302.65
26310,173.82,173.91,0.42,0.49,0.13,60.19,-6.75,-3.03,296.05,24.33,86369.05,"83.67,37.81",2013-5-26,0.42,0.6125,111.955,3.25,30.095,223.82,223.82
26320,81.27,81.38,0.64,0.4,0.13,65.34,-8.24,-2.44,295.19,23.48,86283.85,"85.36,38.07",2013-5-26,0.64,0.5,65.69,3.25,32.67,107.83749999999999,107.83749999999999
26330,74.25,74.36,0.67,0.35,0.13,67.5,-5.23,-2.27,293.29,24.97,83742.36,"87.06,38.31",2013-5-26,0.67,0.4375,62.18,3.25,33.75,99.0625,99.0625
26340,27.95,28.04,0.41,0.2,0.13,83.82,7.3,-0.45,286.01,29.11,69731.52,"88.76,38.53",2013-5-26,0.41,0.25,28.04,3.25,41.91,39.92857142857143,41.91
26350,16.96,17.06,0.37,0.24,0.13,84.29,3.9,0.76,283.89,30.72,67747.02,"90.48,38.72",2013-5-26,0.37,0.3,17.06,3.25,42.145,24.22857142857143,42.145
26360,16.82,16.9,0.27,0.15,0.12,77.54,0.26,-4.82,284.3,32.95,70523.41,"92.2,38.9",2013-5-26,0.27,0.1875,16.9,3.0,38.77,24.02857142857143,38.77
26370,10.29,10.36,0.24,0.25,0.12,85.52,2.53,0.14,283.68,30.46,67309.57,"93.93,39.05",2013-5-26,0.24,0.3125,10.36,3.0,42.76,14.7,42.76
26380,11.45,11.53,0.26,0.21,0.12,84.31,1.13,-2.13,281.39,33.64,66415.82,"95.66,39.18",2013-5-26,0.26,0.2625,11.53,3.0,42.155,16.357142857142858,42.155
26390,9.12,9.2,0.27,0.2,0.11,85.05,4.29,-1.36,276.34,47.45,60889.59,"97.4,39.28",2013-5-26,0.27,0.25,9.2,2.75,42.525,13.028571428571428,42.525
26400,27.25,27.55,0.98,1.8,0.13,61.78,-1.29,-0.66,291.78,23.38,83294.77,"99.14,39.37",2013-5-26,0.98,2.25,27.55,3.25,30.89,38.92857142857143,38.92857142857143
26410,60.94,61.05,0.48,1.02,0.13,65.53,-1.38,-4.22,291.6,24.09,83460.52,"100.89,39.43",2013-5-26,0.48,1.275,55.525,3.25,32.765,82.425,82.425
26420,72.37,72.68,1.2,1.02,0.14,64.68,1.95,-5.25,294.71,23.07,85529.09,"102.64,39.47",2013-5-26,1.2,1.275,61.34,3.5000000000000004,32.34,96.7125,96.7125
26430,33.64,36.29,5.05,1.34,0.19,70.5,0.4,-0.03,296.19,34.97,86061.95,"104.39,39.49",2013-5-26,5.05,1.675,36.29,4.75,35.25,48.05714285714286,48.05714285714286
26440,25.19,40.14,22.12,9.36,0.56,88.13,-1.03,3.66,297.51,33.45,87103.16,"106.14,39.49",2013-5-26,22.12,11.7,40.14,14.000000000000002,44.065,35.98571428571429,44.065
26450,40.84,49.11,18.21,4.35,0.31,92.14,1.22,5.38,294.3,48.81,85308.19,"107.89,39.46",2013-5-26,18.21,5.4375,49.11,7.75,46.07,57.300000000000004,57.300000000000004
26460,56.27,62.55,20.33,3.94,0.35,94.64,1.42,4.73,292.6,57.82,85236.34,"109.64,39.42",2013-5-26,20.33,4.925,56.275,8.75,47.32,76.5875,76.5875
26470,71.25,89.86,27.7,6.95,0.92,103.17,0.4,3.39,294.46,52.55,87957.22,"111.38,39.35",2013-5-26,27.7,8.6875,69.93,23.0,52.641666666666666,95.3125,95.3125
26480,84.5,108.55,20.29,8.52,0.7,103.33,0.16,4.35,289.89,69.5,85728.01,"113.12,39.25",2013-5-26,20.29,10.649999999999999,79.275,17.5,52.775,111.875,111.875
26490,109.44,137.34,20.29,12.63,1.14,66.06,-4.2,-2.86,290.66,79.12,92174.12,"114.86,39.14",2013-5-26,20.29,15.787500000000001,93.67,28.499999999999996,33.03,143.05,143.05
26500,90.44,106.69,13.7,23.25,1.3,33.04,-5.11,0.01,292.48,80.02,100806.46,"116.59,39.0",2013-5-26,13.7,29.0625,78.345,32.5,16.52,119.3,119.3
26510,3.36,3.56,0.91,0.96,0.19,97.95,12.43,7.76,270.88,71.27,56250.93,"76.51,36.59",2013-5-26,0.91,1.2,3.56,4.75,48.975,4.8,48.975
26520,37.22,37.36,0.53,0.46,0.14,71.16,-2.89,-1.51,276.31,81.62,64886.03,"78.15,36.94",2013-5-26,0.53,0.5750000000000001,37.36,3.5000000000000004,35.58,52.775,52.775
26530,131.48,131.74,1.18,1.48,0.15,64.35,-0.65,-4.92,296.25,28.44,86188.1,"79.8,37.27",2013-5-26,1.18,1.85,90.87,3.75,32.175,173.54285714285714,173.54285714285714
26540,252.78,252.88,0.33,0.32,0.13,58.28,-5.13,-5.36,296.93,23.67,86313.8,"81.46,37.58",2013-5-26,0.33,0.4,151.44,3.25,29.14,302.78,302.78
26550,215.52,215.61,0.38,0.48,0.13,59.5,-6.85,-3.52,296.18,23.51,86511.82,"83.13,37.86",2013-5-26,0.38,0.6,132.805,3.25,29.75,265.52,265.52
26560,124.04,124.14,0.56,0.41,0.13,64.37,-9.06,-2.93,295.29,24.04,86802.46,"84.82,38.13",2013-5-26,0.56,0.5125,87.07,3.25,32.185,162.9142857142857,162.9142857142857
26570,80.44,80.56,0.71,0.29,0.14,67.33,-10.37,-4.3,294.75,24.82,87852.98,"86.52,38.37",2013-5-26,0.71,0.3625,65.28,3.5000000000000004,33.665,106.8,106.8
26580,55.06,55.16,0.56,0.25,0.13,71.73,2.22,-0.43,289.63,25.95,75233.43,"88.22,38.6",2013-5-26,0.56,0.3125,52.58,3.25,35.865,75.075,75.075
26590,21.1,21.19,0.41,0.2,0.13,80.94,3.69,-2.15,281.02,38.65,65538.23,"89.94,38.8",2013-5-26,0.41,0.25,21.19,3.25,40.47,30.142857142857146,40.47
26600,18.52,18.6,0.32,0.16,0.12,80.63,1.34,-1.57,280.95,39.25,66511.48,"91.66,38.98",2013-5-26,0.32,0.2,18.6,3.0,40.315,26.457142857142856,40.315
26610,10.49,10.58,0.27,0.21,0.12,88.18,1.24,-5.25,280.27,37.44,64597.96,"93.39,39.14",2013-5-26,0.27,0.2625,10.58,3.0,44.09,14.985714285714286,44.09
26620,11.24,11.32,0.33,0.25,0.12,83.61,2.24,-2.48,277.62,44.92,63034.3,"95.12,39.27",2013-5-26,0.33,0.3125,11.32,3.0,41.805,16.057142857142857,41.805
26630,10.29,10.41,0.45,0.26,0.12,83.21,3.94,-1.55,279.28,42.77,63861.65,"96.86,39.39",2013-5-26,0.45,0.325,10.41,3.0,41.605,14.7,41.605
26640,25.13,25.78,2.35,3.13,0.14,59.37,-2.44,-0.39,289.33,26.57,80278.76,"98.61,39.48",2013-5-26,2.35,3.9124999999999996,25.78,3.5000000000000004,29.685,35.9,35.9
26650,55.33,55.44,0.53,0.93,0.13,65.12,-2.45,-5.2,291.87,24.74,84294.96,"100.36,39.55",2013-5-26,0.53,1.1625,52.72,3.25,32.56,75.4125,75.4125
26660,67.79,67.9,0.47,1.07,0.13,61.66,1.44,-5.63,294.31,19.98,86230.43,"102.11,39.6",2013-5-26,0.47,1.3375000000000001,58.95,3.25,30.83,90.98750000000001,90.98750000000001
26670,39.42,40.61,4.06,1.12,0.17,68.07,-1.28,-1.42,296.14,32.23,86326.77,"103.86,39.62",2013-5-26,4.06,1.4000000000000001,40.61,4.25,34.035,55.525000000000006,55.525000000000006
26680,30.48,37.68,10.14,3.85,0.33,82.79,1.61,1.16,298.61,32.04,88561.62,"105.61,39.63",2013-5-26,10.14,4.8125,37.68,8.25,41.395,43.542857142857144,43.542857142857144
26690,37.72,46.54,17.96,4.27,0.31,93.87,1.45,5.67,293.84,48.02,84289.3,"107.37,39.61",2013-5-26,17.96,5.3374999999999995,46.54,7.75,46.935,53.4,53.4
26700,53.16,58.25,18.91,2.9,0.31,92.95,0.75,5.94,292.78,55.49,84967.12,"109.12,39.57",2013-5-26,18.91,3.625,54.125,7.75,46.475,72.69999999999999,72.69999999999999
26710,67.28,81.89,28.97,8.15,0.96,96.96,1.56,3.82,295.1,49.83,88204.16,"110.87,39.5",2013-5-26,28.97,10.1875,65.945,24.0,48.48,90.35,90.35
26720,85.17,108.62,43.12,20.27,1.25,89.35,0.31,4.35,291.31,67.47,87518.77,"112.61,39.42",2013-5-26,43.12,25.3375,79.31,31.25,44.675,112.7125,112.7125
26730,99.3,126.43,20.54,8.75,0.88,84.34,-3.06,1.27,289.54,77.49,88729.83,"114.36,39.31",2013-5-26,20.54,10.9375,88.215,22.0,42.17,130.375,130.375
26740,104.17,133.13,26.13,28.18,1.82,30.22,-4.43,-1.28,293.43,76.93,100739.2,"116.09,39.18",2013-5-26,26.13,35.225,91.565,45.5,15.11,136.4625,136.4625
26750,2.94,3.12,0.89,1.15,0.19,97.53,9.34,6.01,277.29,52.81,61623.12,"75.98,36.61",2013-5-26,0.89,1.4375,3.12,4.75,48.765,4.2,48.765
26760,26.19,26.34,0.61,0.55,0.15,75.27,-3.04,-1.43,276.31,81.54,64790.38,"77.61,36.97",2013-5-26,0.61,0.6875,26.34,3.75,37.635,37.41428571428572,37.635
26770,124.56,124.69,0.46,0.51,0.14,67.42,0.23,-3.9,295.4,31.69,86172.95,"79.26,37.3",2013-5-26,0.46,0.6375,87.345,3.5000000000000004,33.71,163.65714285714287,163.65714285714287
26780,243.12,243.23,0.37,0.31,0.13,59.61,-5.02,-5.64,296.73,25.34,86659.8,"80.92,37.62",2013-5-26,0.37,0.3875,146.615,3.25,29.805,293.12,293.12
26790,256.98,257.07,0.34,0.46,0.13,59.28,-6.23,-3.76,296.13,23.35,86594.79,"82.6,37.91",2013-5-26,0.34,0.5750000000000001,153.535,3.25,29.64,306.98,306.98
26800,218.9,219.0,0.49,0.32,0.13,62.62,-9.21,-2.46,295.03,25.69,86979.67,"84.28,38.19",2013-5-26,0.49,0.4,134.5,3.25,31.31,268.9,268.9
26810,97.43,97.54,0.68,0.29,0.14,67.14,-10.36,-3.3,294.5,25.19,87917.0,"85.98,38.44",2013-5-26,0.68,0.3625,73.77000000000001,3.5000000000000004,33.57,128.03750000000002,128.03750000000002
26820,94.39,94.52,0.82,0.3,0.14,67.76,-8.41,-5.7,295.52,22.34,88423.61,"87.68,38.67",2013-5-26,0.82,0.375,72.25999999999999,3.5000000000000004,33.88,124.2375,124.2375
26830,29.58,29.69,0.5,0.26,0.13,73.47,2.7,-0.16,283.53,35.62,68773.38,"89.4,38.88",2013-5-26,0.5,0.325,29.69,3.25,36.735,42.25714285714285,42.25714285714285
26840,23.64,23.79,0.45,0.36,0.12,75.09,1.36,-0.53,282.68,37.39,68833.87,"91.12,39.06",2013-5-26,0.45,0.44999999999999996,23.79,3.0,37.545,33.77142857142857,37.545
26850,17.44,17.51,0.26,0.23,0.12,77.44,-0.65,-2.15,282.92,36.6,69359.44,"92.85,39.23",2013-5-26,0.26,0.28750000000000003,17.51,3.0,38.72,24.914285714285718,38.72
26860,12.62,12.71,0.33,0.41,0.12,78.72,2.63,-1.7,279.22,43.65,65338.88,"94.58,39.37",2013-5-26,0.33,0.5125,12.71,3.0,39.36,18.02857142857143,39.36
26870,10.05,10.13,0.31,0.2,0.12,85.15,5.78,-0.16,275.65,52.03,60970.59,"96.33,39.49",2013-5-26,0.31,0.25,10.13,3.0,42.575,14.357142857142858,42.575
26880,19.31,19.73,1.35,1.63,0.13,65.45,-1.75,0.11,284.54,34.88,73168.37,"98.07,39.59",2013-5-26,1.35,2.0374999999999996,19.73,3.25,32.725,27.585714285714285,32.725
26890,31.86,31.98,0.59,0.69,0.13,65.73,-4.32,-4.63,291.78,25.08,84327.98,"99.82,39.67",2013-5-26,0.59,0.8624999999999999,31.98,3.25,32.865,45.51428571428571,45.51428571428571
26900,56.43,56.53,0.45,1.08,0.13,62.13,0.66,-5.72,293.97,20.55,86497.86,"101.58,39.72",2013-5-26,0.45,1.35,53.265,3.25,31.065,76.7875,76.7875
26910,59.59,60.07,1.97,0.81,0.14,67.7,0.12,-4.63,295.18,26.06,85212.95,"103.33,39.75",2013-5-26,1.97,1.0125000000000002,55.035,3.5000000000000004,33.85,80.73750000000001,80.73750000000001
26920,31.22,35.55,6.93,2.09,0.22,75.14,2.21,1.24,295.15,38.87,85136.71,"105.09,39.76",2013-5-26,6.93,2.6125,35.55,5.5,37.57,44.6,44.6
26930,33.53,47.09,38.33,18.94,0.4,81.24,-0.19,5.78,296.34,40.45,86822.06,"106.84,39.75",2013-5-26,38.33,23.675,47.09,10.0,40.62,47.900000000000006,47.900000000000006
26940,49.04,53.38,17.68,2.26,0.29,93.6,0.13,6.53,293.85,50.84,85340.57,"108.6,39.72",2013-5-26,17.68,2.8249999999999997,51.69,7.249999999999999,46.8,67.55,67.55
26950,61.38,72.45,27.33,7.36,0.81,96.05,2.2,5.56,292.92,56.65,85792.16,"110.35,39.66",2013-5-26,27.33,9.200000000000001,61.225,20.25,48.025,82.975,82.975
26960,93.09,121.3,42.81,11.39,2.46,90.82,-1.66,4.5,289.36,70.4,83535.36,"112.1,39.58",2013-5-26,42.81,14.2375,85.65,61.5,45.41,122.61250000000001,122.61250000000001
26970,96.4,121.28,21.76,7.91,0.76,84.18,-1.79,3.62,287.15,84.92,84815.54,"113.85,39.48",2013-5-26,21.76,9.8875,85.64,19.0,42.09,126.75,126.75
26980,107.89,137.29,28.0,28.87,1.57,41.8,-4.29,-2.71,293.8,74.06,100230.05,"115.59,39.36",2013-5-26,28.0,36.0875,93.645,39.25,20.9,141.1125,141.1125
26990,79.33,93.83,24.77,34.26,1.58,36.02,-5.82,1.28,290.87,84.55,100910.86,"117.33,39.21",2013-5-26,24.77,42.824999999999996,71.91499999999999,39.5,18.01,105.4125,105.4125
27000,7.6,7.75,0.72,0.7,0.16,85.16,1.87,0.01,275.72,76.66,63486.5,"76.75,36.92",2013-5-26,0.72,0.875,7.75,4.0,42.58,10.857142857142858,42.58
27010,69.03,69.16,0.52,0.58,0.14,71.52,-0.77,-2.65,289.68,45.33,80639.85,"78.39,37.27",2013-5-26,0.52,0.725,59.58,3.5000000000000004,35.76,92.5375,92.5375
27020,157.07,157.2,0.43,0.5,0.14,63.06,-3.49,-5.55,296.14,27.88,86698.53,"80.05,37.6",2013-5-26,0.43,0.625,103.6,3.5000000000000004,31.53,207.07,207.07
27030,272.67,272.78,0.34,0.3,0.13,57.01,-6.25,-5.8,296.4,24.43,86784.8,"81.72,37.9",2013-5-26,0.34,0.375,161.39,3.25,28.505,322.67,322.67
27040,264.83,264.93,0.4,0.23,0.13,60.33,-8.37,-3.09,295.59,24.6,87092.84,"83.4,38.18",2013-5-26,0.4,0.28750000000000003,157.465,3.25,30.165,314.83,314.83
27050,212.05,212.17,0.59,0.27,0.13,64.71,-10.24,-2.29,294.29,26.13,87431.09,"85.09,38.45",2013-5-26,0.59,0.3375,131.08499999999998,3.25,32.355,262.05,262.05
27060,96.77,96.9,0.8,0.3,0.14,67.46,-11.28,-4.2,294.56,25.19,89128.5,"86.8,38.69",2013-5-26,0.8,0.375,73.45,3.5000000000000004,33.73,127.21249999999999,127.21249999999999
27070,57.34,57.47,0.74,0.27,0.14,67.54,-6.57,-1.02,293.09,23.56,82922.41,"88.51,38.91",2013-5-26,0.74,0.3375,53.735,3.5000000000000004,33.77,77.92500000000001,77.92500000000001
27080,24.73,24.83,0.47,0.22,0.13,71.31,-0.14,0.7,286.29,31.79,72850.76,"90.23,39.11",2013-5-26,0.47,0.275,24.83,3.25,35.655,35.32857142857143,35.655
27090,28.8,28.91,0.41,0.2,0.12,68.72,-1.48,-0.98,287.42,32.76,76784.41,"91.96,39.28",2013-5-26,0.41,0.25,28.91,3.0,34.36,41.142857142857146,41.142857142857146
27100,16.38,16.47,0.33,0.28,0.12,73.84,2.43,-1.2,281.57,40.25,68223.67,"93.7,39.44",2013-5-26,0.33,0.35000000000000003,16.47,3.0,36.92,23.4,36.92
27110,12.96,13.06,0.4,0.32,0.12,77.33,4.57,-0.2,278.57,43.44,64138.66,"95.44,39.57",2013-5-26,0.4,0.4,13.06,3.0,38.665,18.514285714285716,38.665
27120,13.28,13.52,0.93,0.61,0.12,79.87,1.62,0.64,281.99,38.41,67890.67,"97.19,39.68",2013-5-26,0.93,0.7625,13.52,3.0,39.935,18.97142857142857,39.935
27130,21.43,21.59,0.63,0.81,0.13,65.91,-4.65,-1.84,293.31,23.44,85838.72,"98.94,39.77",2013-5-26,0.63,1.0125000000000002,21.59,3.25,32.955,30.614285714285714,32.955
27140,60.8,60.91,0.54,1.2,0.13,63.71,-0.39,-5.21,293.06,22.96,86266.64,"100.69,39.83",2013-5-26,0.54,1.5,55.455,3.25,31.855,82.25,82.25
27150,67.26,67.39,0.52,0.98,0.13,62.68,0.81,-5.77,294.38,20.69,85978.31,"102.45,39.88",2013-5-26,0.52,1.225,58.695,3.25,31.34,90.325,90.325
27160,40.97,42.39,4.55,1.07,0.17,68.94,-0.62,-0.61,295.26,34.11,85868.4,"104.21,39.9",2013-5-26,4.55,1.3375000000000001,42.39,4.25,34.47,57.4625,57.4625
27170,31.48,39.15,16.37,5.28,0.27,80.64,1.31,0.81,298.32,33.04,88937.41,"105.97,39.9",2013-5-26,16.37,6.6000000000000005,39.15,6.75,40.32,44.971428571428575,44.971428571428575
27180,40.4,46.21,15.94,2.84,0.27,91.74,2.02,5.25,295.84,41.95,86177.13,"107.73,39.87",2013-5-26,15.94,3.55,46.21,6.75,45.87,56.75,56.75
27190,55.57,62.23,20.89,4.05,0.36,94.75,1.7,5.86,292.8,54.72,84903.24,"109.48,39.83",2013-5-26,20.89,5.0625,56.114999999999995,9.0,47.375,75.7125,75.7125
27200,79.81,111.77,36.45,8.59,2.36,99.18,1.25,4.75,294.06,52.19,87203.05,"111.24,39.76",2013-5-26,36.45,10.7375,80.88499999999999,59.0,49.59,106.0125,106.0125
27210,85.99,110.14,39.38,14.37,0.96,85.76,0.45,2.97,293.27,59.6,89536.88,"112.99,39.67",2013-5-26,39.38,17.9625,80.07,24.0,42.88,113.7375,113.7375
27220,93.99,120.96,19.72,9.33,0.89,86.32,-2.8,1.9,287.3,84.31,85534.85,"114.74,39.56",2013-5-26,19.72,11.6625,85.47999999999999,22.25,43.16,123.7375,123.7375
27230,101.11,125.96,31.51,27.05,1.7,34.64,-4.68,-0.37,292.56,78.49,100606.83,"116.48,39.42",2013-5-26,31.51,33.8125,87.97999999999999,42.5,17.32,132.6375,132.6375
27240,61.38,70.64,15.41,19.09,0.82,57.77,-5.47,2.62,290.3,86.97,101002.27,"118.21,39.27",2013-5-26,15.41,23.8625,60.32,20.5,28.885,82.975,82.975
27250,3.24,3.42,1.03,0.95,0.19,99.33,16.4,6.93,270.14,75.4,55611.43,"75.72,36.84",2013-5-26,1.03,1.1875,3.42,4.75,49.665,4.628571428571429,49.665
27260,16.7,16.85,0.6,0.66,0.15,74.89,-2.97,-1.19,282.12,73.15,73347.89,"77.36,37.2",2013-5-26,0.6,0.8250000000000001,16.85,3.75,37.445,23.857142857142858,37.445
27270,121.68,121.79,0.39,0.31,0.14,68.26,-1.68,-4.68,295.0,34.02,86442.14,"79.01,37.53",2013-5-26,0.39,0.3875,85.89500000000001,3.5000000000000004,34.13,159.54285714285714,159.54285714285714
27280,227.9,228.02,0.41,0.3,0.13,60.88,-5.63,-5.53,296.24,27.3,87097.55,"80.68,37.85",2013-5-26,0.41,0.375,139.01,3.25,30.44,277.9,277.9
27290,293.71,293.81,0.34,0.34,0.13,57.29,-6.89,-4.93,296.46,23.71,87360.48,"82.35,38.15",2013-5-26,0.34,0.42500000000000004,171.905,3.25,28.645,343.71,343.71
27300,280.77,280.88,0.48,0.25,0.13,61.11,-9.34,-2.23,294.99,25.44,87389.42,"84.04,38.42",2013-5-26,0.48,0.3125,165.44,3.25,30.555,330.77,330.77
27310,186.59,186.72,0.69,0.26,0.14,65.64,-11.21,-2.4,293.77,26.81,87955.41,"85.74,38.68",2013-5-26,0.69,0.325,118.36,3.5000000000000004,32.82,236.59,236.59
27320,99.86,100.0,0.9,0.3,0.14,68.72,-11.98,-5.23,295.41,23.29,90511.46,"87.45,38.91",2013-5-26,0.9,0.375,75.0,3.5000000000000004,34.36,131.075,131.075
27330,45.56,45.7,0.8,0.19,0.14,67.46,-8.65,-4.2,293.27,25.52,87148.72,"89.17,39.12",2013-5-26,0.8,0.2375,45.7,3.5000000000000004,33.73,63.2,63.2
27340,30.52,30.64,0.55,0.24,0.13,66.97,-3.34,-1.49,288.93,31.33,79479.91,"90.9,39.31",2013-5-26,0.55,0.3,30.64,3.25,33.485,43.6,43.6
27350,29.24,29.35,0.48,0.25,0.13,66.88,-3.25,-1.91,289.36,30.26,80176.28,"92.63,39.48",2013-5-26,0.48,0.3125,29.35,3.25,33.44,41.77142857142857,41.77142857142857
27360,21.35,21.56,0.9,1.05,0.13,66.56,2.12,-1.86,291.03,26.52,81929.16,"94.38,39.63",2013-5-26,0.9,1.3125,21.56,3.25,33.28,30.500000000000004,33.28
27370,14.42,14.59,0.64,0.55,0.12,76.11,2.8,-0.27,287.09,29.28,73900.77,"96.12,39.75",2013-5-26,0.64,0.6875,14.59,3.0,38.055,20.6,38.055
27380,22.02,23.04,4.13,3.47,0.15,63.82,-3.78,-0.61,289.19,30.4,80904.24,"97.87,39.85",2013-5-26,4.13,4.3375,23.04,3.75,31.91,31.457142857142856,31.91
27390,23.91,24.03,0.58,0.6,0.13,65.5,-4.21,-4.02,291.95,25.45,85276.02,"99.63,39.93",2013-5-26,0.58,0.75,24.03,3.25,32.75,34.15714285714286,34.15714285714286
27400,56.27,56.37,0.48,1.18,0.13,62.62,0.69,-6.33,293.44,21.79,86755.24,"101.39,39.99",2013-5-26,0.48,1.4749999999999999,53.185,3.25,31.31,76.5875,76.5875
27410,61.18,61.51,1.25,0.77,0.14,64.03,1.23,-2.86,292.56,25.15,83054.5,"103.15,40.02",2013-5-26,1.25,0.9625,55.754999999999995,3.5000000000000004,32.015,82.725,82.725
27420,35.63,38.06,5.6,1.54,0.19,70.49,2.11,1.63,294.71,35.04,84360.26,"104.91,40.03",2013-5-26,5.6,1.925,38.06,4.75,35.245,50.7875,50.7875
27430,36.67,45.32,26.91,11.1,0.29,80.65,0.67,5.25,297.63,36.99,88364.41,"106.67,40.02",2013-5-26,26.91,13.875,45.32,7.249999999999999,40.325,52.087500000000006,52.087500000000006
27440,45.72,49.48,16.3,1.93,0.27,95.83,0.88,5.11,296.13,42.54,86973.71,"108.43,39.99",2013-5-26,16.3,2.4125,49.48,6.75,47.915,63.4,63.4
27450,60.16,72.17,32.73,10.93,1.11,93.44,2.49,5.95,293.56,52.22,85676.25,"110.19,39.94",2013-5-26,32.73,13.6625,61.085,27.750000000000004,46.72,81.44999999999999,81.44999999999999
27460,95.86,139.19,36.39,7.43,3.07,96.47,-0.01,4.81,290.3,63.98,83461.09,"111.95,39.86",2013-5-26,36.39,9.2875,94.595,76.75,48.235,126.075,126.075
27470,80.35,99.19,25.45,7.25,0.73,90.25,-3.13,6.94,289.82,68.75,85718.31,"113.7,39.76",2013-5-26,25.45,9.0625,74.595,18.25,45.125,106.6875,106.6875
27480,89.98,116.32,20.66,16.53,1.02,70.1,-2.68,-0.66,292.04,73.55,94812.06,"115.45,39.64",2013-5-26,20.66,20.6625,83.16,25.5,35.05,118.72500000000001,118.72500000000001
27490,94.45,112.41,47.8,32.98,1.94,40.99,-5.5,1.59,291.44,82.14,100897.45,"117.19,39.5",2013-5-26,47.8,41.224999999999994,81.205,48.5,20.495,124.3125,124.3125
27500,62.11,80.29,18.62,19.26,0.81,62.69,-4.41,2.53,289.66,88.79,100873.26,"118.93,39.33",2013-5-26,18.62,24.075000000000003,65.14500000000001,20.25,31.345,83.8875,83.8875
27510,8.52,8.65,0.52,0.62,0.15,79.59,-0.53,-1.71,281.75,73.14,73469.53,"76.82,37.22",2013-5-26,0.52,0.775,8.65,3.75,39.795,12.17142857142857,39.795
27520,86.18,86.32,0.59,0.61,0.14,69.49,-1.05,-3.42,294.09,37.64,85990.7,"78.47,37.57",2013-5-26,0.59,0.7625,68.16,3.5000000000000004,34.745,113.97500000000001,113.97500000000001
27530,183.98,184.11,0.44,0.37,0.13,62.59,-4.81,-4.92,295.75,29.49,86999.19,"80.14,37.89",2013-5-26,0.44,0.4625,117.055,3.25,31.295,233.98,233.98
27540,281.86,281.97,0.36,0.28,0.13,55.87,-6.75,-5.56,296.24,24.69,87324.04,"81.81,38.19",2013-5-26,0.36,0.35000000000000003,165.985,3.25,27.935,331.86,331.86
27550,290.44,290.54,0.42,0.23,0.13,59.4,-9.24,-2.62,295.27,24.97,87477.04,"83.5,38.48",2013-5-26,0.42,0.28750000000000003,170.27,3.25,29.7,340.44,340.44
27560,279.51,279.64,0.62,0.22,0.14,63.57,-10.75,-1.5,293.9,26.97,87849.54,"85.2,38.74",2013-5-26,0.62,0.275,164.82,3.5000000000000004,31.785,329.51,329.51
27570,129.75,129.88,0.83,0.23,0.14,68.01,-11.95,-3.49,294.32,25.44,89586.06,"86.91,38.98",2013-5-26,0.83,0.28750000000000003,89.94,3.5000000000000004,34.005,171.07142857142858,171.07142857142858
27580,79.89,80.03,0.88,0.26,0.14,69.98,-13.6,-4.69,295.12,23.53,90837.97,"88.63,39.2",2013-5-26,0.88,0.325,65.015,3.5000000000000004,34.99,106.1125,106.1125
27590,30.53,30.67,0.73,0.19,0.14,65.85,-8.65,-2.88,290.29,30.15,83393.25,"90.36,39.39",2013-5-26,0.73,0.2375,30.67,3.5000000000000004,32.925,43.614285714285714,43.614285714285714
27600,35.69,35.83,0.67,0.2,0.13,65.07,-5.26,-3.36,289.83,32.21,83413.71,"92.09,39.57",2013-5-26,0.67,0.25,35.83,3.25,32.535,50.8625,50.8625
27610,26.28,26.41,0.55,0.43,0.13,64.02,-0.71,-2.9,290.53,28.94,82781.05,"93.83,39.72",2013-5-26,0.55,0.5375,26.41,3.25,32.01,37.542857142857144,37.542857142857144
27620,17.33,17.51,0.71,0.6,0.13,70.59,2.4,-1.77,287.97,28.17,75882.62,"95.58,39.85",2013-5-26,0.71,0.75,17.51,3.25,35.295,24.757142857142856,35.295
27630,20.36,21.06,2.84,2.49,0.14,63.83,-5.04,-1.83,288.96,31.35,81441.16,"97.34,39.96",2013-5-26,2.84,3.1125000000000003,21.06,3.5000000000000004,31.915,29.085714285714285,31.915
27640,20.08,20.2,0.56,0.64,0.13,65.63,-4.72,-1.73,293.67,23.5,86978.24,"99.09,40.04",2013-5-26,0.56,0.8,20.2,3.25,32.815,28.685714285714283,32.815
27650,59.8,59.9,0.54,1.46,0.13,62.53,0.86,-6.13,292.78,23.39,86459.52,"100.85,40.11",2013-5-26,0.54,1.825,54.95,3.25,31.265,81.0,81.0
27660,72.45,72.55,0.46,0.95,0.13,62.92,1.08,-5.19,293.69,21.16,85492.28,"102.62,40.15",2013-5-26,0.46,1.1875,61.275,3.25,31.46,96.8125,96.8125
27670,44.35,45.39,3.82,1.08,0.16,66.08,1.4,0.49,293.94,34.08,84317.96,"104.38,40.17",2013-5-26,3.82,1.35,45.39,4.0,33.04,61.6875,61.6875
27680,36.77,42.54,20.24,5.88,0.24,77.0,1.66,1.49,298.08,33.61,88943.66,"106.15,40.16",2013-5-26,20.24,7.35,42.54,6.0,38.5,52.212500000000006,52.212500000000006
27690,43.75,47.37,15.81,2.55,0.26,90.7,1.58,4.88,296.31,40.22,86757.34,"107.91,40.14",2013-5-26,15.81,3.1875,47.37,6.5,45.35,60.9375,60.9375
27700,54.82,62.52,21.96,4.57,0.54,95.41,2.48,6.38,294.28,48.85,86098.02,"109.67,40.09",2013-5-26,21.96,5.7125,56.260000000000005,13.5,47.705,74.775,74.775
27710,86.3,139.99,40.59,17.37,3.12,94.06,1.3,4.77,295.25,48.91,88306.09,"111.43,40.02",2013-5-26,40.59,21.712500000000002,94.995,78.0,47.03,114.125,114.125
27720,80.06,108.66,42.15,15.88,1.13,87.19,0.27,3.87,292.93,58.81,89005.24,"113.19,39.93",2013-5-26,42.15,19.85,79.33,28.249999999999996,43.595,106.325,106.325
27730,87.03,112.26,19.8,9.07,0.88,90.54,-3.0,5.3,285.93,85.95,82956.92,"114.94,39.81",2013-5-26,19.8,11.3375,81.13,22.0,45.27,115.0375,115.0375
27740,105.76,132.32,43.96,33.29,1.99,36.12,-5.03,0.53,292.1,80.99,100679.28,"116.69,39.68",2013-5-26,43.96,41.6125,91.16,49.75,18.06,138.45,138.45
27750,81.03,99.17,55.53,37.37,1.76,54.97,-5.01,1.89,290.82,83.04,101036.82,"118.43,39.52",2013-5-26,52.765,46.7125,74.58500000000001,44.0,27.485,107.5375,107.5375
27760,2.78,2.92,1.1,0.97,0.18,97.94,12.41,3.8,271.29,77.26,57450.14,"75.63,37.1",2013-5-26,1.1,1.2125,2.92,4.5,48.97,3.971428571428571,48.97
27770,10.39,10.53,0.56,0.7,0.15,79.05,-0.72,-1.61,286.37,63.96,79296.34,"77.27,37.46",2013-5-26,0.56,0.875,10.53,3.75,39.525,14.842857142857143,39.525
27780,133.54,133.65,0.37,0.29,0.14,68.4,-3.1,-4.53,294.74,34.89,86618.93,"78.93,37.8",2013-5-26,0.37,0.3625,91.825,3.5000000000000004,34.2,176.48571428571427,176.48571428571427
27790,207.11,207.23,0.45,0.28,0.13,60.57,-6.23,-4.59,295.76,28.51,87292.48,"80.6,38.12",2013-5-26,0.45,0.35000000000000003,128.615,3.25,30.285,257.11,257.11
27800,300.76,300.87,0.36,0.3,0.13,55.79,-7.32,-4.69,296.22,24.2,87658.75,"82.28,38.41",2013-5-26,0.36,0.375,175.435,3.25,27.895,350.76,350.76
27810,300.07,300.18,0.48,0.23,0.13,59.98,-9.74,-1.88,294.88,25.47,87801.48,"83.98,38.69",2013-5-26,0.48,0.28750000000000003,175.09,3.25,29.99,350.07,350.07
27820,278.39,278.52,0.68,0.2,0.14,64.42,-11.02,-1.45,293.6,27.78,88337.69,"85.68,38.95",2013-5-26,0.68,0.25,164.26,3.5000000000000004,32.21,328.39,328.39
27830,133.18,133.32,0.86,0.22,0.14,69.62,-12.78,-4.1,294.86,24.34,90654.89,"87.4,39.18",2013-5-26,0.86,0.275,91.66,3.5000000000000004,34.81,175.9714285714286,175.9714285714286
27840,69.49,69.63,0.88,0.19,0.14,71.73,-12.89,-5.24,295.11,23.45,91514.49,"89.12,39.39",2013-5-26,0.88,0.2375,59.815,3.5000000000000004,35.865,93.1125,93.1125
27850,31.75,31.9,0.78,0.17,0.14,67.48,-8.04,-3.83,292.03,28.16,86601.97,"90.85,39.58",2013-5-26,0.78,0.21250000000000002,31.9,3.5000000000000004,33.74,45.35714285714286,45.35714285714286
27860,34.26,34.4,0.72,0.21,0.14,65.41,-4.35,-3.96,290.09,31.73,84369.27,"92.59,39.75",2013-5-26,0.72,0.2625,34.4,3.5000000000000004,32.705,48.94285714285714,48.94285714285714
27870,21.66,21.85,0.75,0.87,0.13,62.6,-0.93,-3.65,292.85,24.67,85098.73,"94.34,39.89",2013-5-26,0.75,1.0875,21.85,3.25,31.3,30.942857142857143,31.3
27880,17.93,18.17,0.92,0.69,0.13,70.17,-2.64,-1.11,291.5,23.81,80567.0,"96.09,40.02",2013-5-26,0.92,0.8624999999999999,18.17,3.25,35.085,25.614285714285714,35.085
27890,19.51,19.68,0.72,0.47,0.13,66.18,-2.75,-3.01,291.9,27.75,85805.6,"97.85,40.12",2013-5-26,0.72,0.5874999999999999,19.68,3.25,33.09,27.871428571428574,33.09
27900,20.94,21.06,0.59,0.59,0.13,64.84,-3.7,-3.47,293.62,23.45,87561.43,"99.61,40.2",2013-5-26,0.59,0.7374999999999999,21.06,3.25,32.42,29.914285714285718,32.42
27910,56.62,56.72,0.49,1.23,0.13,62.89,1.63,-6.36,293.57,21.88,87454.2,"101.38,40.26",2013-5-26,0.49,1.5375,53.36,3.25,31.445,77.025,77.025
27920,62.44,62.63,0.72,0.79,0.13,63.52,2.76,-2.42,294.58,20.45,85532.46,"103.14,40.29",2013-5-26,0.72,0.9875,56.315,3.25,31.76,84.3,84.3
27930,41.84,42.76,4.92,1.42,0.17,68.14,1.95,0.68,295.28,32.56,85533.04,"104.91,40.3",2013-5-26,4.92,1.775,42.76,4.25,34.07,58.550000000000004,58.550000000000004
27940,44.06,46.94,26.45,9.96,0.25,77.1,2.45,4.63,297.87,35.69,88693.1,"106.68,40.29",2013-5-26,26.45,12.450000000000001,46.94,6.25,38.55,61.325,61.325
27950,46.8,50.5,16.42,1.93,0.27,95.9,1.0,5.69,295.54,43.62,86674.39,"108.45,40.26",2013-5-26,16.42,2.4125,50.25,6.75,47.95,64.75,64.75
27960,57.47,70.41,28.14,7.63,1.28,96.21,2.26,4.97,296.25,44.01,88158.09,"110.21,40.21",2013-5-26,28.14,9.5375,60.205,32.0,48.105,78.0875,78.0875
27970,97.38,152.5,29.02,7.6,3.23,100.07,0.92,3.84,293.37,53.46,86328.47,"111.97,40.13",2013-5-26,29.02,9.5,101.25,80.75,50.05833333333333,127.975,127.975
27980,72.02,93.09,27.62,8.53,0.76,90.7,-0.06,4.09,292.38,58.59,88437.7,"113.73,40.03",2013-5-26,27.62,10.6625,71.545,19.0,45.35,96.27499999999999,96.27499999999999
27990,84.74,110.26,19.63,14.28,0.93,82.29,-0.69,1.58,289.45,79.69,89572.23,"115.48,39.91",2013-5-26,19.63,17.849999999999998,80.13,23.25,41.145,112.175,112.175
28000,99.93,128.62,66.94,40.41,2.38,44.07,-5.45,1.34,291.94,80.92,100967.27,"117.23,39.76",2013-5-26,58.47,50.512499999999996,89.31,59.5,22.035,131.16250000000002,131.16250000000002
28010,71.9,95.28,23.16,22.75,0.89,62.58,-4.45,1.44,289.24,88.79,100825.15,"118.97,39.6",2013-5-26,23.16,28.4375,72.64,22.25,31.29,96.125,96.125
28020,2.76,2.92,1.09,0.94,0.18,95.13,9.75,2.77,271.67,85.79,59361.34,"75.58,37.23",2013-5-26,1.09,1.1749999999999998,2.92,4.5,47.565,3.9428571428571426,47.565
28030,10.15,10.29,0.54,0.66,0.15,79.79,0.09,-0.79,287.86,59.73,81261.72,"77.23,37.59",2013-5-26,0.54,0.8250000000000001,10.29,3.75,39.895,14.5,39.895
28040,137.65,137.75,0.37,0.28,0.14,68.52,-3.35,-4.32,294.69,35.32,86728.87,"78.89,37.93",2013-5-26,0.37,0.35000000000000003,93.875,3.5000000000000004,34.26,182.35714285714286,182.35714285714286
28050,198.67,198.81,0.48,0.3,0.13,60.53,-6.42,-4.25,295.72,28.54,87337.92,"80.56,38.25",2013-5-26,0.48,0.375,124.405,3.25,30.265,248.67,248.67
28060,283.15,283.26,0.38,0.27,0.13,55.67,-7.26,-4.58,296.16,24.37,87814.71,"82.24,38.55",2013-5-26,0.38,0.3375,166.63,3.25,27.835,333.15,333.15
28070,292.76,292.87,0.48,0.21,0.13,59.59,-9.59,-1.63,294.95,25.54,87998.63,"83.94,38.82",2013-5-26,0.48,0.2625,171.435,3.25,29.795,342.76,342.76
28080,294.97,295.11,0.67,0.18,0.14,64.27,-10.81,-0.98,293.68,27.89,88583.17,"85.65,39.08",2013-5-26,0.67,0.22499999999999998,172.555,3.5000000000000004,32.135,344.97,344.97
28090,167.03,167.17,0.83,0.19,0.14,69.61,-12.95,-3.45,294.41,25.29,90474.45,"87.37,39.31",2013-5-26,0.83,0.2375,108.585,3.5000000000000004,34.805,217.03,217.03
28100,91.87,92.02,0.91,0.19,0.14,72.93,-13.27,-5.18,294.84,23.66,91603.33,"89.09,39.52",2013-5-26,0.91,0.2375,71.00999999999999,3.5000000000000004,36.465,121.0875,121.0875
28110,32.37,32.52,0.85,0.19,0.14,69.53,-8.56,-4.76,293.64,25.72,89403.16,"90.83,39.71",2013-5-26,0.85,0.2375,32.52,3.5000000000000004,34.765,46.24285714285714,46.24285714285714
28120,35.61,35.76,0.79,0.21,0.14,67.03,-4.1,-4.26,291.75,29.91,87178.88,"92.57,39.88",2013-5-26,0.79,0.2625,35.76,3.5000000000000004,33.515,50.7625,50.7625
28130,21.98,22.18,0.78,0.76,0.13,62.21,-2.2,-4.25,293.89,24.03,86674.1,"94.32,40.03",2013-5-26,0.78,0.95,22.18,3.25,31.105,31.400000000000002,31.400000000000002
28140,20.21,20.45,0.91,0.66,0.13,68.06,-5.6,-0.89,293.09,23.03,84235.66,"96.08,40.15",2013-5-26,0.91,0.8250000000000001,20.45,3.25,34.03,28.871428571428574,34.03
28150,18.79,18.92,0.61,0.32,0.13,68.19,-3.61,-3.99,292.72,25.89,87261.9,"97.84,40.26",2013-5-26,0.61,0.4,18.92,3.25,34.095,26.84285714285714,34.095
28160,20.3,20.42,0.57,0.55,0.13,64.96,-2.7,-4.42,293.84,23.16,87843.2,"99.6,40.33",2013-5-26,0.57,0.6875,20.42,3.25,32.48,29.0,32.48
28170,54.25,54.34,0.49,1.2,0.13,63.0,2.06,-6.09,293.93,21.57,87976.52,"101.37,40.39",2013-5-26,0.49,1.5,52.17,3.25,31.5,74.0625,74.0625
28180,62.02,62.14,0.51,0.78,0.13,63.41,2.32,-3.0,295.35,19.06,86603.88,"103.14,40.43",2013-5-26,0.51,0.9750000000000001,56.07,3.25,31.705,83.775,83.775
28190,42.65,43.41,4.16,1.25,0.17,66.61,2.36,0.87,295.5,30.93,85778.16,"104.91,40.44",2013-5-26,4.16,1.5625,43.41,4.25,33.305,59.5625,59.5625
28200,44.09,46.72,24.98,9.17,0.24,74.74,2.87,4.02,297.93,35.06,88718.05,"106.68,40.43",2013-5-26,24.98,11.4625,46.72,6.0,37.37,61.362500000000004,61.362500000000004
28210,47.09,50.5,16.3,1.89,0.27,94.95,1.51,6.19,296.11,41.96,87157.23,"108.45,40.4",2013-5-26,16.3,2.3625,50.25,6.75,47.475,65.11250000000001,65.11250000000001
28220,58.86,74.14,32.04,10.05,1.53,94.1,1.15,3.57,296.94,43.23,89243.9,"110.22,40.34",2013-5-26,32.04,12.5625,62.07,38.25,47.05,79.825,79.825
28230,100.31,156.94,25.4,8.03,3.2,100.66,0.3,3.29,292.92,54.76,86102.28,"111.98,40.26",2013-5-26,25.4,10.0375,103.47,80.0,50.55,131.6375,131.6375
28240,72.35,95.56,34.93,12.64,0.78,89.26,-0.21,2.39,292.4,58.47,88691.91,"113.75,40.16",2013-5-26,34.93,15.8,72.78,19.5,44.63,96.6875,96.6875
28250,85.01,111.17,20.27,15.25,0.94,83.65,-1.0,4.74,288.22,81.97,87188.35,"115.5,40.04",2013-5-26,20.27,19.0625,80.58500000000001,23.5,41.825,112.5125,112.5125
28260,97.56,131.18,66.06,43.49,2.32,46.6,-5.83,1.11,292.27,79.85,100842.95,"117.25,39.9",2013-5-26,58.03,54.362500000000004,90.59,58.0,23.3,128.2,128.2
28270,74.62,102.74,24.68,25.44,0.9,62.27,-4.59,1.23,289.22,88.98,100700.02,"119.0,39.73",2013-5-26,24.68,31.8,76.37,22.5,31.135,99.525,99.525
28280,2.99,3.15,1.25,0.91,0.18,96.35,11.02,1.81,268.22,91.26,55501.58,"75.04,37.25",2013-5-26,1.25,1.1375,3.15,4.5,48.175,4.271428571428572,48.175
28290,3.93,4.02,0.43,0.4,0.14,81.52,0.27,0.05,282.72,67.96,74368.86,"76.69,37.61",2013-5-26,0.43,0.5,4.02,3.5000000000000004,40.76,5.614285714285715,40.76
28300,92.59,92.71,0.44,0.42,0.14,71.48,-1.55,-3.45,294.03,38.58,86687.24,"78.35,37.96",2013-5-26,0.44,0.525,71.35499999999999,3.5000000000000004,35.74,121.98750000000001,121.98750000000001
28310,197.82,197.95,0.48,0.3,0.13,63.22,-5.89,-4.04,295.33,30.72,87133.99,"80.02,38.29",2013-5-26,0.48,0.375,123.975,3.25,31.61,247.82,247.82
28320,254.26,254.38,0.43,0.25,0.13,56.37,-7.23,-4.88,296.03,25.38,87760.82,"81.7,38.59",2013-5-26,0.43,0.3125,152.19,3.25,28.185,304.26,304.26
28330,254.3,254.42,0.46,0.28,0.13,58.52,-8.84,-2.03,295.26,25.57,87894.87,"83.4,38.87",2013-5-26,0.46,0.35000000000000003,152.20999999999998,3.25,29.26,304.3,304.3
28340,312.81,312.95,0.62,0.17,0.14,62.48,-10.48,-0.58,294.11,27.21,88592.18,"85.1,39.14",2013-5-26,0.62,0.21250000000000002,181.475,3.5000000000000004,31.24,362.81,362.81
28350,301.74,301.89,0.79,0.19,0.14,67.61,-12.12,-1.98,293.7,27.69,89796.0,"86.82,39.38",2013-5-26,0.79,0.2375,175.945,3.5000000000000004,33.805,351.74,351.74
28360,174.08,174.23,0.91,0.19,0.14,72.14,-13.37,-4.05,294.46,24.96,91569.44,"88.55,39.6",2013-5-26,0.91,0.2375,112.115,3.5000000000000004,36.07,224.08,224.08
28370,30.71,30.87,0.95,0.21,0.14,73.41,-11.08,-6.04,294.94,23.33,92035.96,"90.28,39.79",2013-5-26,0.95,0.2625,30.87,3.5000000000000004,36.705,43.871428571428574,43.871428571428574
28380,33.77,33.92,0.83,0.2,0.14,68.98,-6.0,-3.51,292.75,28.04,88590.64,"92.03,39.97",2013-5-26,0.83,0.25,33.92,3.5000000000000004,34.49,48.24285714285715,48.24285714285715
28390,30.58,30.72,0.66,0.25,0.13,63.03,-1.66,-3.14,294.63,25.0,89008.42,"93.78,40.12",2013-5-26,0.66,0.3125,30.72,3.25,31.515,43.68571428571428,43.68571428571428
28400,19.87,20.05,0.74,0.53,0.13,66.06,-5.71,-1.54,294.56,22.74,86709.56,"95.54,40.25",2013-5-26,0.74,0.6625000000000001,20.05,3.25,33.03,28.385714285714286,33.03
28410,18.03,18.18,0.64,0.29,0.14,67.99,-6.32,-2.24,290.89,28.57,85797.29,"97.3,40.36",2013-5-26,0.64,0.3625,18.18,3.5000000000000004,33.995,25.75714285714286,33.995
28420,19.75,19.86,0.53,0.38,0.13,65.93,-1.23,-5.38,291.84,25.98,85185.15,"99.06,40.45",2013-5-26,0.53,0.475,19.86,3.25,32.965,28.214285714285715,32.965
28430,51.92,52.03,0.58,1.28,0.13,63.8,1.51,-5.15,294.09,22.09,88578.62,"100.83,40.51",2013-5-26,0.58,1.6,51.015,3.25,31.9,71.15,71.15
28440,83.87,83.97,0.47,0.85,0.13,64.11,2.76,-7.14,293.39,21.55,85989.5,"102.61,40.55",2013-5-26,0.47,1.0625,66.985,3.25,32.055,111.0875,111.0875
28450,52.22,52.63,2.01,0.88,0.15,64.93,4.06,-0.18,295.02,25.27,85570.34,"104.38,40.57",2013-5-26,2.01,1.1,51.315,3.75,32.465,71.525,71.525
28460,40.16,42.02,14.24,3.87,0.2,72.03,2.76,0.9,294.3,37.62,84524.98,"106.15,40.57",2013-5-26,14.24,4.8375,42.02,5.0,36.015,56.449999999999996,56.449999999999996
28470,45.73,48.42,15.03,2.43,0.25,88.39,2.39,4.62,297.18,37.45,87785.02,"107.93,40.54",2013-5-26,15.03,3.0375,48.42,6.25,44.195,63.412499999999994,63.412499999999994
28480,59.6,71.09,41.44,20.52,1.12,81.5,0.4,3.2,297.45,40.88,89556.68,"109.7,40.49",2013-5-26,41.44,25.65,60.545,28.000000000000004,40.75,80.75,80.75
28490,89.28,148.83,40.36,18.91,3.53,92.45,1.07,4.66,295.87,47.34,88984.36,"111.47,40.42",2013-5-26,40.36,23.6375,99.415,88.25,46.225,117.85,117.85
28500,87.88,133.08,87.38,37.26,1.86,72.15,-0.81,5.23,291.96,59.13,87176.13,"113.23,40.33",2013-5-26,68.69,46.574999999999996,91.54,46.5,36.075,116.1,116.1
28510,73.16,99.56,19.16,9.73,0.83,94.16,-1.11,3.63,290.59,66.14,87993.15,"114.99,40.22",2013-5-26,19.16,12.162500000000001,74.78,20.75,47.08,97.69999999999999,97.69999999999999
28520,95.33,123.14,41.32,34.69,1.74,48.68,-4.47,1.88,292.81,79.54,100748.65,"116.75,40.08",2013-5-26,41.32,43.3625,86.57,43.5,24.34,125.4125,125.4125
28530,87.82,126.22,66.27,50.78,2.08,56.21,-4.78,1.55,290.36,83.77,99602.98,"118.5,39.92",2013-5-26,58.135,63.475,88.11,52.0,28.105,116.02499999999999,116.02499999999999
28540,62.45,78.61,5.42,7.31,0.63,87.07,-4.59,2.37,288.03,89.73,100692.17,"122.14,39.51",2013-5-26,5.42,9.1375,64.305,15.75,43.535,84.3125,84.3125
28550,2.34,2.43,0.52,0.51,0.16,89.17,1.79,0.32,277.53,77.42,67872.6,"76.31,37.67",2013-5-26,0.52,0.6375,2.43,4.0,44.585,3.3428571428571425,44.585
28560,51.35,51.49,0.56,0.68,0.14,74.43,0.08,-2.64,293.18,43.45,86653.01,"77.97,38.02",2013-5-26,0.56,0.8500000000000001,50.745000000000005,3.5000000000000004,37.215,70.4375,70.4375
28570,175.03,175.16,0.49,0.27,0.13,64.64,-5.3,-3.82,295.39,31.65,87290.75,"79.64,38.35",2013-5-26,0.49,0.3375,112.58,3.25,32.32,225.03,225.03
28580,223.28,223.41,0.48,0.26,0.13,58.37,-6.92,-4.87,295.83,26.94,87861.83,"81.32,38.66",2013-5-26,0.48,0.325,136.70499999999998,3.25,29.185,273.28,273.28
28590,225.89,226.01,0.46,0.25,0.13,57.72,-8.2,-2.8,295.51,25.7,88007.86,"83.02,38.95",2013-5-26,0.46,0.3125,138.005,3.25,28.86,275.89,275.89
28600,306.36,306.5,0.59,0.17,0.14,60.85,-9.63,-0.7,294.57,26.82,88863.89,"84.73,39.22",2013-5-26,0.59,0.21250000000000002,178.25,3.5000000000000004,30.425,356.36,356.36
28610,340.56,340.71,0.77,0.19,0.14,66.31,-11.69,-0.88,293.74,28.07,89647.89,"86.45,39.46",2013-5-26,0.77,0.2375,195.355,3.5000000000000004,33.155,390.56,390.56
28620,240.67,240.83,0.92,0.23,0.14,71.12,-13.18,-3.25,294.14,26.32,91358.38,"88.17,39.69",2013-5-26,0.92,0.28750000000000003,145.41500000000002,3.5000000000000004,35.56,290.66999999999996,290.66999999999996
28630,43.34,43.5,0.99,0.21,0.14,74.84,-12.28,-6.0,294.34,24.0,91883.76,"89.91,39.89",2013-5-26,0.99,0.2625,43.5,3.5000000000000004,37.42,60.425000000000004,60.425000000000004
28640,32.31,32.46,0.89,0.21,0.14,70.31,-6.48,-3.22,293.99,25.33,90362.05,"91.66,40.07",2013-5-26,0.89,0.2625,32.46,3.5000000000000004,35.155,46.15714285714286,46.15714285714286
28650,35.56,35.71,0.74,0.26,0.14,64.95,-1.82,-3.34,294.9,24.88,89992.1,"93.41,40.23",2013-5-26,0.74,0.325,35.71,3.5000000000000004,32.475,50.7,50.7
28660,18.98,19.12,0.64,0.49,0.13,64.62,-6.08,-2.63,295.83,22.44,88627.51,"95.17,40.36",2013-5-26,0.64,0.6125,19.12,3.25,32.31,27.114285714285714,32.31
28670,18.05,18.2,0.64,0.38,0.14,66.74,-6.92,-0.93,291.17,28.09,85369.95,"96.93,40.48",2013-5-26,0.64,0.475,18.2,3.5000000000000004,33.37,25.78571428571429,33.37
28680,19.28,19.39,0.55,0.39,0.13,66.71,-2.34,-6.4,289.17,29.84,83237.03,"98.7,40.57",2013-5-26,0.55,0.48750000000000004,19.39,3.25,33.355,27.542857142857144,33.355
28690,35.94,36.05,0.66,1.12,0.13,65.23,1.12,-5.64,294.12,22.25,88828.17,"100.47,40.64",2013-5-26,0.66,1.4000000000000001,36.05,3.25,32.615,51.175,51.175
28700,79.2,79.29,0.46,0.88,0.13,62.88,2.54,-6.3,293.28,21.82,86631.03,"102.25,40.68",2013-5-26,0.46,1.1,64.64500000000001,3.25,31.44,105.25,105.25
28710,58.75,59.03,1.23,0.85,0.14,64.38,3.5,-1.21,294.37,22.77,85461.95,"104.02,40.71",2013-5-26,1.23,1.0625,54.515,3.5000000000000004,32.19,79.6875,79.6875
28720,39.33,40.55,8.78,2.51,0.18,69.32,2.65,1.94,295.35,31.78,85290.73,"105.8,40.71",2013-5-26,8.78,3.1374999999999997,40.55,4.5,34.66,55.412499999999994,55.412499999999994
28730,43.5,45.97,14.72,3.13,0.24,84.57,2.62,3.68,298.13,34.66,88608.41,"107.58,40.68",2013-5-26,14.72,3.9124999999999996,45.97,6.0,42.285,60.625,60.625
28740,51.35,56.11,22.74,6.57,0.31,91.83,0.37,2.69,295.71,42.38,87129.27,"109.35,40.64",2013-5-26,22.74,8.2125,53.055,7.75,45.915,70.4375,70.4375
28750,73.44,125.24,49.59,10.67,3.17,97.2,1.04,2.79,296.36,46.44,89653.44,"111.12,40.57",2013-5-26,49.59,13.3375,87.62,79.25,48.6,98.05,98.05
28760,88.87,131.87,44.21,13.04,2.43,92.85,-0.73,5.11,291.69,59.97,86004.74,"112.89,40.49",2013-5-26,44.21,16.299999999999997,90.935,60.75,46.425,117.3375,117.3375
28770,73.19,101.63,20.58,11.31,0.77,95.46,-1.05,4.26,289.55,68.33,86567.41,"114.66,40.37",2013-5-26,20.58,14.137500000000001,75.815,19.25,47.73,97.7375,97.7375
28780,89.24,112.6,27.48,34.5,1.19,50.9,-3.42,0.43,293.09,78.28,100201.52,"116.42,40.24",2013-5-26,27.48,43.125,81.3,29.75,25.45,117.8,117.8
28790,89.68,135.41,70.37,51.49,2.33,57.96,-4.63,1.54,291.4,79.98,99612.03,"118.17,40.09",2013-5-26,60.185,64.3625,92.705,58.25,28.98,118.35000000000001,118.35000000000001
28800,64.01,83.2,8.82,12.49,0.65,73.07,-4.69,5.42,290.61,76.57,100790.2,"121.65,39.71",2013-5-26,8.82,15.6125,66.6,16.25,36.535,86.2625,86.2625
28810,0.91,0.99,0.64,0.76,0.16,95.05,3.47,-1.94,272.68,87.84,63611.66,"75.61,37.66",2013-5-26,0.64,0.95,0.99,4.0,47.525,1.3,47.525
28820,12.29,12.55,1.18,1.55,0.16,78.76,1.11,0.23,292.07,49.49,86524.58,"77.26,38.02",2013-5-26,1.18,1.9375,12.55,4.0,39.38,17.557142857142857,39.38
28830,118.72,118.83,0.41,0.24,0.13,69.76,-3.57,-3.87,294.54,36.83,87179.79,"78.93,38.36",2013-5-26,0.41,0.3,84.41499999999999,3.25,34.88,155.31428571428572,155.31428571428572
28840,171.94,172.08,0.54,0.3,0.13,61.54,-6.35,-4.29,295.03,30.78,87346.05,"80.61,38.67",2013-5-26,0.54,0.375,111.04,3.25,30.77,221.94,221.94
28850,214.71,214.83,0.45,0.26,0.13,56.08,-7.08,-4.04,295.88,24.91,88173.06,"82.3,38.97",2013-5-26,0.45,0.325,132.41500000000002,3.25,28.04,264.71000000000004,264.71000000000004
28860,254.93,255.07,0.56,0.17,0.13,58.54,-8.62,-1.29,294.74,26.94,88527.97,"84.01,39.25",2013-5-26,0.56,0.21250000000000002,152.535,3.25,29.27,304.93,304.93
28870,316.05,316.21,0.73,0.18,0.14,63.93,-10.52,-0.11,294.1,27.96,89518.8,"85.73,39.5",2013-5-26,0.73,0.22499999999999998,183.105,3.5000000000000004,31.965,366.05,366.05
28880,272.0,272.17,0.91,0.21,0.14,69.53,-12.73,-1.68,293.97,27.21,90752.03,"87.45,39.73",2013-5-26,0.91,0.2625,161.085,3.5000000000000004,34.765,322.0,322.0
28890,194.97,195.14,0.99,0.21,0.14,73.45,-12.87,-4.66,293.85,26.46,91742.79,"89.19,39.94",2013-5-26,0.99,0.2625,122.57,3.5000000000000004,36.725,244.97,244.97
28900,32.6,32.77,1.0,0.23,0.14,74.19,-8.61,-7.41,294.21,23.75,91779.47,"90.93,40.13",2013-5-26,1.0,0.28750000000000003,32.77,3.5000000000000004,37.095,46.57142857142858,46.57142857142858
28910,37.32,37.48,0.86,0.24,0.14,69.8,-4.78,-5.75,294.11,25.89,90649.28,"92.69,40.3",2013-5-26,0.86,0.3,37.48,3.5000000000000004,34.9,52.9,52.9
28920,20.89,21.03,0.59,0.36,0.13,63.93,-2.91,-3.68,295.54,22.51,89111.42,"94.45,40.45",2013-5-26,0.59,0.44999999999999996,21.03,3.25,31.965,29.842857142857145,31.965
28930,17.31,17.43,0.6,0.48,0.13,67.36,-8.44,-0.57,293.08,25.01,86408.55,"96.21,40.57",2013-5-26,0.6,0.6,17.43,3.25,33.68,24.728571428571428,33.68
28940,18.56,18.68,0.61,0.26,0.14,69.93,-4.19,-7.88,289.23,29.45,84950.71,"97.98,40.67",2013-5-26,0.61,0.325,18.68,3.5000000000000004,34.965,26.514285714285712,34.965
28950,20.28,20.39,0.55,0.39,0.14,67.21,0.62,-6.98,292.42,24.13,87224.27,"99.75,40.75",2013-5-26,0.55,0.48750000000000004,20.39,3.5000000000000004,33.605,28.971428571428575,33.605
28960,51.97,52.05,0.49,1.04,0.13,63.71,2.83,-5.9,294.18,21.15,88739.0,"101.53,40.8",2013-5-26,0.49,1.3,51.025,3.25,31.855,71.2125,71.2125
28970,63.97,64.08,0.49,0.73,0.13,62.82,4.33,-5.79,293.06,22.01,84873.14,"103.31,40.83",2013-5-26,0.49,0.9125,57.04,3.25,31.41,86.2125,86.2125
28980,45.18,45.71,2.92,1.02,0.15,66.85,4.34,0.07,295.82,25.48,86322.51,"105.09,40.84",2013-5-26,2.92,1.275,45.71,3.75,33.425,62.725,62.725
28990,43.27,45.57,20.39,7.69,0.23,71.7,3.87,1.64,298.32,33.32,89272.67,"106.87,40.83",2013-5-26,20.39,9.6125,45.57,5.75,35.85,60.337500000000006,60.337500000000006
29000,46.92,50.25,18.05,3.22,0.28,94.86,2.09,5.33,297.73,37.5,88878.0,"108.65,40.8",2013-5-26,18.05,4.025,50.125,7.000000000000001,47.43,64.9,64.9
29010,64.73,95.41,41.3,12.83,2.25,94.67,0.45,3.74,292.36,52.69,84335.54,"110.42,40.74",2013-5-26,41.3,16.0375,72.705,56.25,47.335,87.16250000000001,87.16250000000001
29020,103.1,160.36,21.28,7.58,3.01,102.03,0.53,4.54,292.37,56.02,85519.42,"112.2,40.66",2013-5-26,21.28,9.475,105.18,75.25,51.69166666666667,135.125,135.125
29030,69.03,95.33,32.8,10.76,0.74,98.15,1.04,5.44,289.86,63.22,84950.79,"113.97,40.56",2013-5-26,32.8,13.45,72.66499999999999,18.5,49.075,92.5375,92.5375
29040,80.8,104.4,22.32,21.11,0.93,74.72,-4.42,1.09,289.81,79.06,91848.78,"115.73,40.43",2013-5-26,22.32,26.3875,77.2,23.25,37.36,107.25,107.25
29050,84.59,126.79,51.85,36.6,1.86,65.29,-5.09,1.34,290.46,84.94,95892.71,"117.49,40.28",2013-5-26,50.925,45.75,88.39500000000001,46.5,32.645,111.98750000000001,111.98750000000001
29060,66.62,102.02,21.01,24.95,0.65,65.99,-4.27,3.16,290.15,81.75,97440.12,"119.24,40.12",2013-5-26,21.01,31.1875,76.00999999999999,16.25,32.995,89.525,89.525
29070,66.77,80.17,10.37,10.48,0.45,88.79,-3.74,1.72,287.81,89.49,100910.0,"122.72,39.71",2013-5-26,10.37,13.100000000000001,65.08500000000001,11.25,44.395,89.71249999999999,89.71249999999999
29080,1.48,1.55,0.41,0.4,0.15,84.66,-0.03,1.22,283.74,63.37,75569.49,"76.39,37.97",2013-5-26,0.41,0.5,1.55,3.75,42.33,2.1142857142857143,42.33
29090,49.81,49.93,0.5,0.59,0.14,75.27,0.09,-1.72,293.81,41.5,87236.25,"78.05,38.32",2013-5-26,0.5,0.7374999999999999,49.93,3.5000000000000004,37.635,68.5125,68.5125
29100,123.64,123.77,0.54,0.27,0.13,66.21,-4.91,-4.13,294.93,34.35,87368.88,"79.73,38.65",2013-5-26,0.54,0.3375,86.88499999999999,3.25,33.105,162.34285714285716,162.34285714285716
29110,186.95,187.09,0.52,0.28,0.13,58.49,-5.97,-4.48,295.82,27.27,88116.3,"81.42,38.96",2013-5-26,0.52,0.35000000000000003,118.545,3.25,29.245,236.95,236.95
29120,204.99,205.12,0.54,0.26,0.13,57.07,-7.88,-2.22,295.43,26.31,88538.66,"83.12,39.24",2013-5-26,0.54,0.325,127.56,3.25,28.535,254.99,254.99
29130,273.6,273.76,0.68,0.18,0.14,60.41,-9.08,-0.29,294.42,27.71,89208.38,"84.83,39.51",2013-5-26,0.68,0.22499999999999998,161.88,3.5000000000000004,30.205,323.6,323.6
29140,276.83,277.0,0.87,0.2,0.14,66.79,-11.15,0.1,294.04,27.91,90190.59,"86.56,39.75",2013-5-26,0.87,0.25,163.5,3.5000000000000004,33.395,326.83,326.83
29150,155.01,155.18,1.0,0.24,0.14,71.6,-12.58,-2.61,294.04,26.91,91489.17,"88.29,39.98",2013-5-26,1.0,0.3,102.59,3.5000000000000004,35.8,205.01,205.01
29160,30.86,31.03,1.04,0.22,0.14,75.47,-11.85,-6.58,293.56,25.16,91708.47,"90.04,40.18",2013-5-26,1.04,0.275,31.03,3.5000000000000004,37.735,44.08571428571429,44.08571428571429
29170,32.05,32.21,0.96,0.23,0.14,73.23,-7.01,-7.33,294.17,23.6,90742.8,"91.79,40.35",2013-5-26,0.96,0.28750000000000003,32.21,3.5000000000000004,36.615,45.785714285714285,45.785714285714285
29180,36.19,36.33,0.75,0.28,0.14,65.95,-4.56,-7.24,293.76,26.25,88613.17,"93.55,40.51",2013-5-26,0.75,0.35000000000000003,36.33,3.5000000000000004,32.975,51.4875,51.4875
29190,18.36,18.5,0.67,0.56,0.13,66.51,-5.23,-1.81,294.91,23.35,87928.0,"95.31,40.64",2013-5-26,0.67,0.7000000000000001,18.5,3.25,33.255,26.228571428571428,33.255
29200,17.62,17.74,0.6,0.29,0.14,69.04,-6.71,-4.9,288.18,31.81,82968.72,"97.08,40.75",2013-5-26,0.6,0.3625,17.74,3.5000000000000004,34.52,25.171428571428574,34.52
29210,19.67,19.77,0.54,0.3,0.14,66.62,0.62,-5.32,289.03,29.55,84199.99,"98.86,40.84",2013-5-26,0.54,0.375,19.77,3.5000000000000004,33.31,28.1,33.31
29220,38.21,38.32,0.69,0.96,0.14,65.45,2.37,-6.34,294.0,22.15,88950.42,"100.63,40.91",2013-5-26,0.69,1.2,38.32,3.5000000000000004,32.725,54.0125,54.0125
29230,80.67,80.76,0.47,0.82,0.13,63.45,3.68,-5.49,292.85,22.53,86602.79,"102.42,40.95",2013-5-26,0.47,1.025,65.38,3.25,31.725,107.0875,107.0875
29240,54.13,54.38,1.17,0.8,0.14,65.35,5.04,-1.19,295.24,20.46,86422.48,"104.2,40.98",2013-5-26,1.17,1.0,52.19,3.5000000000000004,32.675,73.9125,73.9125
29250,40.27,41.52,10.0,2.68,0.18,70.01,2.81,2.78,295.24,31.65,85500.56,"105.98,40.97",2013-5-26,10.0,3.35,41.52,4.5,35.005,56.587500000000006,56.587500000000006
29260,43.48,45.89,14.11,3.13,0.24,84.37,2.8,3.28,298.15,33.86,88725.18,"107.76,40.95",2013-5-26,14.11,3.9124999999999996,45.89,6.0,42.185,60.599999999999994,60.599999999999994
29270,56.75,67.07,31.97,10.98,0.82,90.26,1.45,4.82,293.41,46.79,84430.37,"109.54,40.9",2013-5-26,31.97,13.725000000000001,58.535,20.5,45.13,77.1875,77.1875
29280,76.93,132.64,58.3,13.54,2.95,98.18,0.51,3.35,292.07,56.9,85093.84,"111.32,40.84",2013-5-26,54.15,16.924999999999997,91.32,73.75,49.09,102.41250000000001,102.41250000000001
29290,85.46,126.48,54.85,20.69,2.07,88.11,1.09,7.16,290.28,62.57,84178.57,"113.1,40.74",2013-5-26,52.425,25.8625,88.24000000000001,51.74999999999999,44.055,113.07499999999999,113.07499999999999
29300,63.01,96.17,29.08,27.45,0.86,84.75,-5.0,3.39,292.53,62.82,92193.27,"114.87,40.63",2013-5-26,29.08,34.3125,73.08500000000001,21.5,42.375,85.01249999999999,85.01249999999999
29310,80.83,102.25,23.74,22.47,1.03,70.35,-1.5,2.28,290.57,84.42,95491.72,"116.63,40.49",2013-5-26,23.74,28.0875,76.125,25.75,35.175,107.2875,107.2875
29320,77.51,124.25,44.2,34.16,1.61,70.13,-4.01,2.74,290.91,81.55,97814.7,"118.39,40.34",2013-5-26,44.2,42.699999999999996,87.125,40.25,35.065,103.1375,103.1375
29330,71.27,97.27,13.35,15.87,0.43,74.32,-1.35,3.17,288.37,91.73,101076.31,"120.14,40.16",2013-5-26,13.35,19.8375,73.63499999999999,10.75,37.16,95.33749999999999,95.33749999999999
29340,55.9,63.46,2.58,0.65,0.25,107.23,-3.19,2.82,287.88,89.47,101525.64,"123.44,39.75",2013-5-26,2.58,0.8125,56.730000000000004,6.25,56.025000000000006,76.125,76.125
29350,1.57,1.63,0.31,0.34,0.15,80.97,1.35,1.16,282.31,67.02,73820.85,"76.51,38.14",2013-5-26,0.31,0.42500000000000004,1.63,3.75,40.485,2.242857142857143,40.485
29360,52.67,52.79,0.46,0.48,0.14,74.78,-0.32,-1.66,294.17,40.33,87416.07,"78.17,38.48",2013-5-26,0.46,0.6,51.394999999999996,3.5000000000000004,37.39,72.0875,72.0875
29370,99.12,99.26,0.58,0.29,0.14,67.25,-4.76,-4.13,294.74,35.86,87568.18,"79.86,38.81",2013-5-26,0.58,0.3625,74.63,3.5000000000000004,33.625,130.15,130.15
29380,167.35,167.49,0.54,0.27,0.13,58.42,-5.64,-4.73,295.81,27.4,88277.03,"81.55,39.12",2013-5-26,0.54,0.3375,108.745,3.25,29.21,217.35,217.35
29390,202.11,202.25,0.59,0.26,0.13,57.35,-7.68,-2.02,295.27,26.62,88702.77,"83.26,39.4",2013-5-26,0.59,0.325,126.125,3.25,28.675,252.11,252.11
29400,245.25,245.42,0.76,0.19,0.14,60.78,-8.68,0.01,294.4,28.04,89491.43,"84.97,39.67",2013-5-26,0.76,0.2375,147.70999999999998,3.5000000000000004,30.39,295.25,295.25
29410,224.59,224.78,0.97,0.23,0.14,67.18,-10.79,0.16,294.19,27.88,90480.23,"86.7,39.91",2013-5-26,0.97,0.28750000000000003,137.39,3.5000000000000004,33.59,274.59000000000003,274.59000000000003
29420,144.16,144.35,1.06,0.24,0.14,71.68,-12.2,-2.49,293.89,27.61,91487.06,"88.44,40.13",2013-5-26,1.06,0.3,97.175,3.5000000000000004,35.84,191.65714285714284,191.65714285714284
29430,31.48,31.66,1.07,0.23,0.14,75.68,-11.52,-7.05,293.28,25.58,91719.23,"90.19,40.33",2013-5-26,1.07,0.28750000000000003,31.66,3.5000000000000004,37.84,44.971428571428575,44.971428571428575
29440,32.54,32.7,0.98,0.24,0.14,73.66,-6.43,-9.11,291.24,27.19,87726.67,"91.94,40.5",2013-5-26,0.98,0.3,32.7,3.5000000000000004,36.83,46.48571428571429,46.48571428571429
29450,30.62,30.76,0.74,0.26,0.14,66.62,-3.96,-7.8,290.93,30.34,85587.11,"93.7,40.66",2013-5-26,0.74,0.325,30.76,3.5000000000000004,33.31,43.74285714285715,43.74285714285715
29460,18.19,18.34,0.7,0.58,0.13,66.49,-4.6,-1.67,293.16,25.24,85928.08,"95.47,40.79",2013-5-26,0.7,0.725,18.34,3.25,33.245,25.985714285714288,33.245
29470,18.06,18.17,0.61,0.29,0.14,68.97,-4.79,-4.88,286.94,33.4,82246.52,"97.25,40.9",2013-5-26,0.61,0.3625,18.17,3.5000000000000004,34.485,25.799999999999997,34.485
29480,19.98,20.08,0.54,0.27,0.14,65.94,1.14,-5.71,288.99,29.27,84170.77,"99.02,40.99",2013-5-26,0.54,0.3375,20.08,3.5000000000000004,32.97,28.542857142857144,32.97
29490,41.85,41.95,0.6,0.8,0.14,65.44,2.92,-6.33,294.07,21.78,89188.32,"100.81,41.05",2013-5-26,0.6,1.0,41.95,3.5000000000000004,32.72,58.5625,58.5625
29500,78.06,78.16,0.47,0.77,0.13,63.31,4.79,-4.46,293.12,22.36,86857.98,"102.59,41.09",2013-5-26,0.47,0.9625,64.08,3.25,31.655,103.825,103.825
29510,50.15,50.38,1.25,0.79,0.14,65.71,5.65,-0.32,297.03,18.69,88449.8,"104.38,41.11",2013-5-26,1.25,0.9875,50.19,3.5000000000000004,32.855,68.9375,68.9375
29520,40.37,41.72,10.9,2.74,0.19,70.49,3.11,3.87,294.29,32.72,84267.22,"106.16,41.11",2013-5-26,10.9,3.4250000000000003,41.72,4.75,35.245,56.7125,56.7125
29530,43.71,46.15,13.5,2.72,0.24,84.85,2.52,3.07,298.38,33.11,89053.7,"107.95,41.08",2013-5-26,13.5,3.4000000000000004,46.15,6.0,42.425,60.8875,60.8875
29540,62.0,75.78,48.73,22.06,1.14,80.95,1.73,5.03,293.07,47.88,84230.73,"109.73,41.03",2013-5-26,48.73,27.575,62.89,28.499999999999996,40.475,83.75,83.75
29550,78.42,151.21,81.37,24.55,2.09,91.3,0.54,4.58,290.44,61.06,83224.88,"111.51,40.96",2013-5-26,65.685,30.6875,100.605,52.25,45.65,104.275,104.275
29560,83.43,121.01,56.5,24.53,1.7,88.48,1.02,7.27,291.35,59.89,86111.91,"113.29,40.87",2013-5-26,53.25,30.6625,85.505,42.5,44.24,110.53750000000001,110.53750000000001
29570,59.5,93.33,29.08,21.97,0.88,88.7,-5.33,3.23,291.53,63.99,90724.27,"115.06,40.75",2013-5-26,29.08,27.4625,71.66499999999999,22.0,44.35,80.625,80.625
29580,74.91,98.66,24.27,17.79,1.04,77.27,-0.76,2.96,291.55,80.29,96780.05,"116.83,40.61",2013-5-26,24.27,22.237499999999997,74.33,26.0,38.635,99.88749999999999,99.88749999999999
29590,72.8,115.7,33.32,26.47,1.25,74.52,-3.2,4.18,289.95,84.23,95364.14,"118.59,40.45",2013-5-26,33.32,33.0875,82.85,31.25,37.26,97.25,97.25
29600,69.9,92.46,12.97,13.76,0.41,76.55,-0.93,4.3,288.55,89.83,101164.2,"120.34,40.27",2013-5-26,12.97,17.2,71.22999999999999,10.25,38.275,93.625,93.625
29610,66.28,76.22,4.28,2.88,0.28,109.24,-2.86,3.39,286.95,92.78,101536.95,"123.65,39.86",2013-5-26,4.28,3.5999999999999996,63.11,7.000000000000001,57.699999999999996,89.1,89.1
29620,0.87,0.92,0.24,0.31,0.15,81.84,1.18,0.68,277.99,78.8,68499.2,"76.29,38.23",2013-5-26,0.24,0.3875,0.92,3.75,40.92,1.2428571428571429,40.92
29630,36.47,36.6,0.51,0.8,0.14,75.5,1.25,-0.46,294.19,40.73,87546.08,"77.96,38.58",2013-5-26,0.51,1.0,36.6,3.5000000000000004,37.75,51.8375,51.8375
29640,82.05,82.2,0.63,0.3,0.14,68.92,-3.99,-3.64,294.57,37.32,87714.64,"79.65,38.91",2013-5-26,0.63,0.375,66.1,3.5000000000000004,34.46,108.8125,108.8125
29650,149.17,149.32,0.58,0.31,0.13,60.27,-5.1,-4.69,295.57,29.4,88356.79,"81.34,39.22",2013-5-26,0.58,0.3875,99.66,3.25,30.135,198.8142857142857,198.8142857142857
29660,194.19,194.34,0.6,0.24,0.13,56.92,-7.14,-2.35,295.35,26.35,88811.45,"83.05,39.51",2013-5-26,0.6,0.3,122.17,3.25,28.46,244.19,244.19
29670,216.93,217.11,0.81,0.2,0.14,59.91,-8.08,-0.12,294.48,28.05,89608.38,"84.77,39.77",2013-5-26,0.81,0.25,133.555,3.5000000000000004,29.955,266.93,266.93
29680,183.07,183.27,1.07,0.26,0.14,66.4,-9.93,0.41,294.19,28.09,90427.71,"86.5,40.02",2013-5-26,1.07,0.325,116.635,3.5000000000000004,33.2,233.07,233.07
29690,102.5,102.71,1.19,0.3,0.14,70.63,-11.37,-1.92,294.14,27.49,91466.5,"88.24,40.24",2013-5-26,1.19,0.375,76.35499999999999,3.5000000000000004,35.315,134.375,134.375
29700,30.99,31.17,1.1,0.23,0.14,75.49,-11.75,-6.41,293.18,26.38,91783.63,"89.99,40.44",2013-5-26,1.1,0.28750000000000003,31.17,3.5000000000000004,37.745,44.27142857142857,44.27142857142857
29710,35.84,36.0,1.02,0.24,0.14,74.6,-8.03,-8.76,290.38,28.29,87855.04,"91.74,40.62",2013-5-26,1.02,0.3,36.0,3.5000000000000004,37.3,51.050000000000004,51.050000000000004
29720,31.19,31.33,0.8,0.27,0.14,68.15,-4.5,-9.3,290.21,31.24,85734.95,"93.51,40.78",2013-5-26,0.8,0.3375,31.33,3.5000000000000004,34.075,44.55714285714286,44.55714285714286
29730,19.14,19.31,0.79,0.69,0.13,65.11,-2.57,-2.63,291.57,26.73,84078.73,"95.28,40.91",2013-5-26,0.79,0.8624999999999999,19.31,3.25,32.555,27.342857142857145,32.555
29740,17.83,17.95,0.62,0.36,0.14,69.71,-3.92,-5.44,285.67,35.19,80811.33,"97.06,41.02",2013-5-26,0.62,0.44999999999999996,17.95,3.5000000000000004,34.855,25.471428571428568,34.855
29750,20.22,20.32,0.56,0.27,0.14,66.71,1.08,-5.35,289.38,28.42,85213.59,"98.84,41.11",2013-5-26,0.56,0.3375,20.32,3.5000000000000004,33.355,28.885714285714286,33.355
29760,33.63,33.74,0.67,0.79,0.14,65.57,3.39,-6.36,293.88,21.92,89204.48,"100.62,41.18",2013-5-26,0.67,0.9875,33.74,3.5000000000000004,32.785,48.042857142857144,48.042857142857144
29770,75.88,75.97,0.47,0.68,0.13,63.33,4.82,-4.33,294.31,20.83,88476.81,"102.41,41.22",2013-5-26,0.47,0.8500000000000001,62.985,3.25,31.665,101.1,101.1
29780,51.3,51.51,0.95,0.87,0.14,66.09,7.1,-1.17,298.34,17.34,90624.13,"104.2,41.24",2013-5-26,0.95,1.0875,50.754999999999995,3.5000000000000004,33.045,70.375,70.375
29790,41.43,42.44,8.79,2.3,0.18,70.27,3.86,4.35,296.29,28.64,86630.16,"105.98,41.24",2013-5-26,8.79,2.875,42.44,4.5,35.135,58.0375,58.0375
29800,42.29,44.51,13.01,3.45,0.23,81.04,3.0,2.28,298.09,32.89,88685.75,"107.77,41.22",2013-5-26,13.01,4.3125,44.51,5.75,40.52,59.1125,59.1125
29810,53.81,62.51,26.51,8.46,0.68,91.35,2.66,5.05,293.29,45.98,84098.56,"109.56,41.17",2013-5-26,26.51,10.575000000000001,56.254999999999995,17.0,45.675,73.5125,73.5125
29820,73.69,122.95,52.25,11.99,2.55,97.4,1.27,6.28,290.52,59.02,82919.96,"111.34,41.1",2013-5-26,51.125,14.9875,86.475,63.75,48.7,98.3625,98.3625
29830,81.97,117.86,49.61,17.29,1.94,92.02,1.05,6.38,292.06,55.47,85609.76,"113.12,41.01",2013-5-26,49.61,21.612499999999997,83.93,48.5,46.01,108.7125,108.7125
29840,56.68,95.4,35.7,27.29,0.93,87.95,-3.8,4.59,290.71,64.5,89010.1,"114.9,40.9",2013-5-26,35.7,34.1125,72.7,23.25,43.975,77.1,77.1
29850,72.6,93.44,21.92,15.3,0.92,81.54,-1.5,3.3,291.15,78.26,95357.88,"116.67,40.76",2013-5-26,21.92,19.125,71.72,23.0,40.77,97.0,97.0
29860,72.12,116.18,31.49,24.65,1.24,78.26,-1.88,3.98,290.01,84.66,95522.38,"118.43,40.6",2013-5-26,31.49,30.8125,83.09,31.0,39.13,96.4,96.4
29870,71.0,96.47,14.46,14.3,0.42,74.42,-0.89,3.93,289.57,84.84,100373.26,"120.19,40.42",2013-5-26,14.46,17.875,73.235,10.5,37.21,95.0,95.0
29880,67.53,74.83,5.34,3.92,0.29,97.1,-2.27,2.78,288.4,86.31,100841.05,"123.5,40.02",2013-5-26,5.34,4.9,62.415,7.249999999999999,48.55,90.6625,90.6625
29890,0.43,0.46,0.15,0.34,0.15,84.51,1.93,-0.23,274.52,74.01,63330.29,"75.75,38.25",2013-5-26,0.15,0.42500000000000004,0.46,3.75,42.255,0.6142857142857143,42.255
29900,17.64,17.85,0.71,1.26,0.15,76.46,1.57,2.64,294.06,40.76,87534.74,"77.42,38.61",2013-5-26,0.71,1.575,17.85,3.75,38.23,25.200000000000003,38.23
29910,64.08,64.21,0.58,0.26,0.14,71.09,-2.76,-2.47,294.26,39.33,87767.4,"79.1,38.95",2013-5-26,0.58,0.325,57.105,3.5000000000000004,35.545,86.35,86.35
29920,110.63,110.78,0.66,0.36,0.14,64.75,-4.42,-4.51,295.14,33.28,88330.77,"80.79,39.26",2013-5-26,0.66,0.44999999999999996,80.39,3.5000000000000004,32.375,144.5375,144.5375
29930,172.84,172.98,0.57,0.25,0.13,57.08,-6.08,-3.44,295.58,26.12,88888.19,"82.5,39.56",2013-5-26,0.57,0.3125,111.49,3.25,28.54,222.84,222.84
29940,198.81,198.99,0.81,0.23,0.13,58.49,-7.2,-0.63,294.58,27.78,89441.45,"84.22,39.83",2013-5-26,0.81,0.28750000000000003,124.495,3.25,29.245,248.81,248.81
29950,171.54,171.75,1.1,0.27,0.14,64.73,-8.61,0.58,294.5,27.79,90607.36,"85.95,40.08",2013-5-26,1.1,0.3375,110.875,3.5000000000000004,32.365,221.54,221.54
29960,44.9,45.15,1.47,0.4,0.14,69.93,-10.7,-1.45,294.08,27.23,91026.24,"87.69,40.31",2013-5-26,1.47,0.5,45.15,3.5000000000000004,34.965,62.375,62.375
29970,87.11,87.31,1.16,0.26,0.14,73.76,-11.75,-3.77,293.54,27.72,91860.2,"89.43,40.52",2013-5-26,1.16,0.325,68.655,3.5000000000000004,36.88,115.1375,115.1375
29980,38.78,38.96,1.09,0.27,0.14,76.26,-9.12,-8.73,293.04,24.64,91784.41,"91.19,40.7",2013-5-26,1.09,0.3375,38.96,3.5000000000000004,38.13,54.725,54.725
29990,33.15,33.31,0.93,0.27,0.14,71.06,-4.79,-11.85,290.17,29.99,87256.62,"92.96,40.87",2013-5-26,0.93,0.3375,33.31,3.5000000000000004,35.53,47.357142857142854,47.357142857142854
30000,20.91,21.05,0.6,0.36,0.13,63.98,-2.21,-3.62,288.18,31.92,80802.72,"94.73,41.01",2013-5-26,0.6,0.44999999999999996,21.05,3.25,31.99,29.871428571428574,31.99
30010,17.36,17.48,0.61,0.4,0.14,69.03,-4.47,-4.42,285.63,35.38,79762.66,"96.51,41.13",2013-5-26,0.61,0.5,17.48,3.5000000000000004,34.515,24.8,34.515
30020,19.87,19.98,0.64,0.27,0.14,70.74,0.95,-6.48,289.24,27.94,86264.49,"98.29,41.22",2013-5-26,0.64,0.3375,19.98,3.5000000000000004,35.37,28.385714285714286,35.37
30030,22.28,22.37,0.56,0.5,0.14,67.24,3.95,-6.42,293.3,22.2,89188.05,"100.08,41.3",2013-5-26,0.56,0.625,22.37,3.5000000000000004,33.62,31.82857142857143,33.62
30040,65.15,65.23,0.49,0.72,0.14,64.79,4.42,-5.38,294.29,20.61,89302.58,"101.87,41.35",2013-5-26,0.49,0.8999999999999999,57.615,3.5000000000000004,32.395,87.6875,87.6875
30050,46.44,46.59,0.7,0.86,0.13,66.04,6.75,-1.8,297.13,17.95,90057.95,"103.66,41.37",2013-5-26,0.7,1.075,46.59,3.25,33.02,64.3,64.3
30060,47.33,47.8,2.97,0.94,0.15,68.21,6.31,3.13,298.58,20.28,89444.59,"105.45,41.38",2013-5-26,2.97,1.1749999999999998,47.8,3.75,34.105,65.4125,65.4125
30070,41.53,43.63,16.27,5.91,0.22,71.46,4.37,3.18,293.75,37.29,83728.59,"107.24,41.36",2013-5-26,16.27,7.3875,43.63,5.5,35.73,58.1625,58.1625
30080,48.19,51.49,16.14,2.59,0.27,92.03,1.46,5.27,294.13,44.32,85518.37,"109.03,41.32",2013-5-26,16.14,3.2375,50.745000000000005,6.75,46.015,66.4875,66.4875
30090,59.49,85.96,31.2,6.51,2.02,99.95,3.91,6.26,290.79,51.88,81521.24,"110.82,41.26",2013-5-26,31.2,8.1375,67.97999999999999,50.5,49.975,80.61250000000001,80.61250000000001
30100,87.73,135.97,32.04,9.65,2.54,100.71,2.99,6.03,288.26,64.97,80570.8,"112.6,41.18",2013-5-26,32.04,12.0625,92.985,63.5,50.59166666666666,115.91250000000001,115.91250000000001
30110,60.71,95.53,31.02,19.33,0.82,93.23,-3.84,6.7,288.18,71.95,84870.01,"114.38,41.07",2013-5-26,31.02,24.162499999999998,72.765,20.5,46.615,82.1375,82.1375
30120,69.81,89.62,20.44,12.15,0.79,94.29,-1.19,3.02,288.78,77.77,89194.7,"116.16,40.94",2013-5-26,20.44,15.1875,69.81,19.75,47.145,93.5125,93.5125
30130,70.53,121.1,36.09,26.85,1.4,79.57,-1.53,4.54,291.35,79.47,96187.54,"117.93,40.79",2013-5-26,36.09,33.5625,85.55,35.0,39.785,94.4125,94.4125
30140,63.98,94.76,18.39,17.6,0.53,73.62,-0.29,6.07,290.14,79.71,95437.52,"119.69,40.61",2013-5-26,18.39,22.0,72.38,13.25,36.81,86.225,86.225
30150,70.73,79.81,6.71,4.89,0.31,92.75,-2.46,4.38,287.47,84.96,96962.38,"123.01,40.22",2013-5-26,6.71,6.1125,64.905,7.75,46.375,94.66250000000001,94.66250000000001
30160,0.16,0.17,0.06,0.32,0.15,91.7,6.14,-1.47,266.79,93.48,56518.9,"75.21,38.27",2013-5-26,0.06,0.4,0.17,3.75,45.85,0.2285714285714286,45.85
30170,5.68,5.83,0.57,0.67,0.15,81.82,1.87,3.83,293.65,41.54,87313.43,"76.87,38.64",2013-5-26,0.57,0.8375,5.83,3.75,40.91,8.114285714285714,40.91
30180,47.77,47.9,0.51,0.39,0.14,71.3,-1.89,-1.27,293.96,43.58,87891.55,"78.55,38.98",2013-5-26,0.51,0.48750000000000004,47.9,3.5000000000000004,35.65,65.9625,65.9625
30190,71.08,71.23,0.73,0.37,0.14,69.41,-4.08,-3.51,294.4,37.08,88091.38,"80.24,39.3",2013-5-26,0.73,0.4625,60.615,3.5000000000000004,34.705,95.1,95.1
30200,142.51,142.65,0.58,0.27,0.13,59.44,-5.01,-3.78,295.37,29.36,88826.2,"81.95,39.6",2013-5-26,0.58,0.3375,96.325,3.25,29.72,189.29999999999998,189.29999999999998
30210,189.24,189.41,0.77,0.24,0.13,57.49,-6.66,-0.86,294.85,27.14,89417.98,"83.66,39.88",2013-5-26,0.77,0.3,119.705,3.25,28.745,239.24,239.24
30220,171.36,171.57,1.1,0.27,0.14,62.92,-7.72,0.5,294.39,27.94,90335.83,"85.39,40.14",2013-5-26,1.1,0.3375,110.785,3.5000000000000004,31.46,221.36,221.36
30230,78.66,78.91,1.57,0.42,0.14,69.92,-10.48,0.22,293.97,27.31,90761.9,"87.13,40.38",2013-5-26,1.57,0.525,64.455,3.5000000000000004,34.96,104.57499999999999,104.57499999999999
30240,28.83,29.07,1.44,0.37,0.14,71.83,-9.63,-2.81,294.03,27.11,91550.23,"88.88,40.59",2013-5-26,1.44,0.4625,29.07,3.5000000000000004,35.915,41.18571428571428,41.18571428571428
30250,34.73,34.92,1.15,0.26,0.14,76.47,-9.88,-7.68,292.62,26.67,91769.17,"90.64,40.78",2013-5-26,1.15,0.325,34.92,3.5000000000000004,38.235,49.614285714285714,49.614285714285714
30260,29.66,29.83,1.02,0.27,0.14,73.72,-6.92,-9.81,287.93,32.15,85463.69,"92.41,40.95",2013-5-26,1.02,0.3375,29.83,3.5000000000000004,36.86,42.371428571428574,42.371428571428574
30270,24.15,24.29,0.66,0.28,0.13,66.19,-2.33,-5.43,291.55,28.99,86377.75,"94.18,41.1",2013-5-26,0.66,0.35000000000000003,24.29,3.25,33.095,34.5,34.5
30280,17.55,17.66,0.58,0.38,0.14,66.46,-2.8,-2.38,287.52,32.2,80266.07,"95.96,41.23",2013-5-26,0.58,0.475,17.66,3.5000000000000004,33.23,25.071428571428573,33.23
30290,19.88,20.0,0.67,0.29,0.14,71.23,0.43,-9.13,286.95,31.64,84110.57,"97.74,41.33",2013-5-26,0.67,0.3625,20.0,3.5000000000000004,35.615,28.4,35.615
30300,21.82,21.92,0.59,0.38,0.14,68.96,4.21,-6.08,291.26,24.63,87545.23,"99.53,41.41",2013-5-26,0.59,0.475,21.92,3.5000000000000004,34.48,31.17142857142857,34.48
30310,38.96,39.04,0.5,0.56,0.14,65.54,4.37,-5.73,294.51,20.27,90021.97,"101.32,41.47",2013-5-26,0.5,0.7000000000000001,39.04,3.5000000000000004,32.77,54.95,54.95
30320,48.7,48.81,0.54,0.67,0.13,65.05,6.12,-2.28,296.59,17.87,90087.98,"103.12,41.5",2013-5-26,0.54,0.8375,48.81,3.25,32.525,67.125,67.125
30330,41.95,42.24,1.48,0.75,0.14,68.49,6.16,0.97,299.76,16.94,91542.91,"104.91,41.52",2013-5-26,1.48,0.9375,42.24,3.5000000000000004,34.245,58.6875,58.6875
30340,41.55,43.02,12.35,3.35,0.19,73.02,6.24,5.32,293.75,30.21,82739.16,"106.7,41.51",2013-5-26,12.35,4.1875,43.02,4.75,36.51,58.1875,58.1875
30350,47.03,49.68,14.29,2.44,0.25,86.38,1.09,4.38,295.65,38.52,86751.2,"108.5,41.47",2013-5-26,14.29,3.05,49.68,6.25,43.19,65.0375,65.0375
30360,57.47,70.9,35.16,12.89,1.27,92.35,3.7,6.83,292.67,47.47,83700.52,"110.29,41.42",2013-5-26,35.16,16.1125,60.45,31.75,46.175,78.0875,78.0875
30370,79.69,125.88,27.45,6.72,2.35,103.86,3.44,6.9,288.6,62.83,80403.67,"112.08,41.34",2013-5-26,27.45,8.4,87.94,58.75,53.21666666666667,105.8625,105.8625
30380,65.09,89.42,32.3,12.25,0.73,96.0,-1.01,7.74,290.57,60.33,85330.52,"113.86,41.24",2013-5-26,32.3,15.3125,69.71000000000001,18.25,48.0,87.61250000000001,87.61250000000001
30390,66.09,91.49,19.29,11.4,0.76,93.1,-2.39,4.86,287.69,75.95,86531.14,"115.64,41.12",2013-5-26,19.29,14.25,70.745,19.0,46.55,88.86250000000001,88.86250000000001
30400,64.68,99.67,24.92,17.61,1.02,87.8,0.1,3.33,290.87,75.53,93629.17,"117.42,40.97",2013-5-26,24.92,22.0125,74.83500000000001,25.5,43.9,87.10000000000001,87.10000000000001
30410,65.23,90.08,16.83,11.24,0.54,82.13,0.45,5.76,289.75,83.32,94396.35,"119.18,40.8",2013-5-26,16.83,14.05,70.03999999999999,13.5,41.065,87.78750000000001,87.78750000000001
30420,57.77,66.89,8.11,5.84,0.3,89.89,-3.11,7.7,292.94,60.57,100813.41,"122.34,40.44",2013-5-26,8.11,7.3,58.445,7.5,44.945,78.4625,78.4625
30430,67.27,77.39,9.29,7.36,0.34,99.9,-1.84,3.92,289.3,80.29,99726.6,"124.09,40.21",2013-5-26,9.29,9.200000000000001,63.695,8.5,49.95,90.33749999999999,90.33749999999999
30440,0.74,0.81,0.22,0.4,0.15,80.82,0.31,-2.54,280.21,66.45,70970.62,"75.99,38.59",2013-5-26,0.22,0.5,0.81,3.75,40.41,1.0571428571428572,40.41
30450,21.04,21.2,0.67,1.12,0.15,75.03,1.48,2.53,294.66,39.77,87755.59,"77.66,38.94",2013-5-26,0.67,1.4000000000000001,21.2,3.75,37.515,30.057142857142857,37.515
30460,44.37,44.52,0.72,0.32,0.14,73.06,-4.16,-2.45,293.85,40.37,88183.12,"79.35,39.27",2013-5-26,0.72,0.4,44.52,3.5000000000000004,36.53,61.7125,61.7125
30470,109.33,109.48,0.71,0.39,0.14,65.6,-4.08,-4.11,294.91,34.15,88718.8,"81.05,39.59",2013-5-26,0.71,0.48750000000000004,79.74000000000001,3.5000000000000004,32.8,142.9125,142.9125
30480,162.84,162.99,0.64,0.23,0.13,57.93,-5.38,-2.55,295.27,27.61,89382.02,"82.77,39.88",2013-5-26,0.64,0.28750000000000003,106.495,3.25,28.965,212.84,212.84
30490,173.06,173.27,1.01,0.26,0.13,59.74,-6.65,-0.05,294.43,27.86,89906.66,"84.49,40.15",2013-5-26,1.01,0.325,111.635,3.25,29.87,223.06,223.06
30500,120.03,120.26,1.41,0.38,0.14,67.41,-8.29,1.08,294.21,27.37,90612.27,"86.23,40.39",2013-5-26,1.41,0.475,85.13,3.5000000000000004,33.705,157.18571428571428,157.18571428571428
30510,33.31,33.62,2.01,0.62,0.14,73.08,-10.54,-2.41,293.91,26.55,91307.03,"87.98,40.62",2013-5-26,2.01,0.775,33.62,3.5000000000000004,36.54,47.58571428571429,47.58571428571429
30520,28.35,28.58,1.29,0.3,0.14,73.97,-10.32,-5.69,291.87,29.68,89881.66,"89.74,40.82",2013-5-26,1.29,0.375,28.58,3.5000000000000004,36.985,40.5,40.5
30530,45.1,45.28,1.13,0.3,0.14,77.23,-8.63,-9.07,292.43,25.1,91606.66,"91.5,41.0",2013-5-26,1.13,0.375,45.28,3.5000000000000004,38.615,62.625,62.625
30540,45.54,45.7,0.93,0.32,0.14,68.73,-1.15,-7.6,290.13,30.73,87777.75,"93.27,41.16",2013-5-26,0.93,0.4,45.7,3.5000000000000004,34.365,63.175,63.175
30550,19.02,19.15,0.63,0.39,0.13,66.87,-3.48,-3.43,287.7,32.47,81786.25,"95.05,41.3",2013-5-26,0.63,0.48750000000000004,19.15,3.25,33.435,27.17142857142857,33.435
30560,18.33,18.46,0.67,0.44,0.14,70.67,-1.36,-6.6,282.76,40.22,79129.45,"96.84,41.42",2013-5-26,0.67,0.55,18.46,3.5000000000000004,35.335,26.185714285714283,35.335
30570,21.6,21.71,0.64,0.34,0.14,70.49,2.29,-6.5,290.65,25.4,87532.77,"98.63,41.51",2013-5-26,0.64,0.42500000000000004,21.71,3.5000000000000004,35.245,30.85714285714286,35.245
30580,25.67,25.76,0.53,0.54,0.14,65.34,4.2,-5.5,293.6,21.46,89439.03,"100.42,41.58",2013-5-26,0.53,0.675,25.76,3.5000000000000004,32.67,36.67142857142858,36.67142857142858
30590,91.38,91.47,0.5,0.55,0.14,65.77,6.19,-5.54,294.81,19.85,90039.23,"102.21,41.62",2013-5-26,0.5,0.6875,70.735,3.5000000000000004,32.885,120.475,120.475
30600,36.57,36.74,0.78,0.65,0.13,70.11,5.52,-3.93,297.65,16.53,89972.12,"104.01,41.65",2013-5-26,0.78,0.8125,36.74,3.25,35.055,51.9625,51.9625
30610,38.94,39.76,7.95,1.92,0.17,71.63,5.55,5.43,297.12,26.72,87372.8,"106.17,41.65",2013-5-26,7.95,2.4,39.76,4.25,35.815,54.925,54.925
30620,43.59,45.5,11.03,2.26,0.22,79.81,4.45,5.41,292.7,40.42,82719.96,"107.97,41.62",2013-5-26,11.03,2.8249999999999997,45.5,5.5,39.905,60.737500000000004,60.737500000000004
30630,54.07,61.44,26.84,9.95,0.54,87.76,4.57,5.61,292.68,45.73,83323.69,"109.76,41.57",2013-5-26,26.84,12.4375,55.72,13.5,43.88,73.8375,73.8375
30640,68.83,109.84,41.13,11.12,2.1,97.45,2.99,7.57,292.44,50.35,84219.57,"111.55,41.5",2013-5-26,41.13,13.899999999999999,79.92,52.5,48.725,92.2875,92.2875
30650,75.77,101.3,43.79,14.4,1.07,95.82,1.54,8.17,292.04,53.57,85177.25,"113.34,41.4",2013-5-26,43.79,18.0,75.65,26.75,47.91,100.96249999999999,100.96249999999999
30660,57.61,84.76,22.98,12.58,0.71,100.01,-0.06,8.15,288.19,67.38,84157.01,"115.13,41.29",2013-5-26,22.98,15.725,67.38,17.75,50.00833333333334,78.2625,78.2625
30670,65.8,85.52,20.28,11.56,0.81,93.81,-0.17,4.21,290.51,75.13,92752.99,"116.9,41.15",2013-5-26,20.28,14.450000000000001,67.75999999999999,20.25,46.905,88.5,88.5
30680,64.54,104.07,22.39,16.07,0.91,85.65,0.24,4.42,290.21,82.46,94067.15,"118.68,40.99",2013-5-26,22.39,20.0875,77.035,22.75,42.825,86.92500000000001,86.92500000000001
30690,68.09,90.47,14.64,11.49,0.38,77.48,-0.16,5.86,289.51,82.82,98678.84,"120.44,40.8",2013-5-26,14.64,14.3625,70.235,9.5,38.74,91.36250000000001,91.36250000000001
30700,69.44,82.81,8.31,5.71,0.34,104.57,-2.42,3.87,288.81,83.23,99142.94,"123.42,40.44",2013-5-26,8.31,7.1375,66.405,8.5,53.80833333333333,93.05,93.05
30710,0.32,0.34,0.08,0.32,0.15,85.98,6.79,-1.61,268.81,80.27,57678.34,"75.44,38.61",2013-5-26,0.08,0.4,0.34,3.75,42.99,0.4571428571428572,42.99
30720,9.72,9.9,0.69,0.96,0.15,79.02,2.19,3.62,294.63,37.96,87652.34,"77.11,38.97",2013-5-26,0.69,1.2,9.9,3.75,39.51,13.885714285714286,39.51
30730,34.97,35.11,0.66,0.41,0.14,72.85,-3.54,-1.12,293.42,44.92,88300.16,"78.8,39.31",2013-5-26,0.66,0.5125,35.11,3.5000000000000004,36.425,49.957142857142856,49.957142857142856
30740,67.0,67.16,0.82,0.44,0.14,69.72,-3.45,-3.89,293.96,38.71,88636.78,"80.5,39.63",2013-5-26,0.82,0.55,58.58,3.5000000000000004,34.86,90.0,90.0
30750,134.26,134.41,0.67,0.3,0.13,60.0,-4.7,-3.65,294.88,31.28,89273.74,"82.22,39.92",2013-5-26,0.67,0.375,92.205,3.25,30.0,177.5142857142857,177.5142857142857
30760,168.38,168.57,0.93,0.27,0.13,58.98,-6.13,-0.37,294.63,27.54,89738.05,"83.94,40.2",2013-5-26,0.93,0.3375,109.285,3.25,29.49,218.38,218.38
30770,120.94,121.17,1.41,0.38,0.14,65.06,-6.94,0.9,294.37,27.28,90617.97,"85.68,40.45",2013-5-26,1.41,0.475,85.58500000000001,3.5000000000000004,32.53,158.4857142857143,158.4857142857143
30780,35.06,35.31,1.97,0.71,0.14,70.67,-9.32,0.44,294.41,25.52,91159.52,"87.42,40.69",2013-5-26,1.97,0.8875,35.31,3.5000000000000004,35.335,50.075,50.075
30790,31.71,31.99,1.7,0.49,0.14,72.8,-8.4,-5.77,291.35,30.11,88875.34,"89.18,40.9",2013-5-26,1.7,0.6125,31.99,3.5000000000000004,36.4,45.300000000000004,45.300000000000004
30800,38.49,38.69,1.18,0.27,0.14,77.13,-8.78,-9.1,291.68,27.92,91173.0,"90.95,41.09",2013-5-26,1.18,0.3375,38.69,3.5000000000000004,38.565,54.362500000000004,54.362500000000004
30810,28.97,29.15,1.04,0.3,0.14,72.66,-2.55,-7.97,288.54,30.47,86918.55,"92.72,41.25",2013-5-26,1.04,0.375,29.15,3.5000000000000004,36.33,41.385714285714286,41.385714285714286
30820,20.26,20.39,0.62,0.29,0.13,65.8,-3.25,-3.79,289.74,30.44,84924.23,"94.5,41.4",2013-5-26,0.62,0.3625,20.39,3.25,32.9,28.942857142857147,32.9
30830,17.88,18.01,0.67,0.35,0.14,69.77,-2.84,-4.11,282.64,40.91,77838.35,"96.29,41.52",2013-5-26,0.67,0.4375,18.01,3.5000000000000004,34.885,25.54285714285714,34.885
30840,21.3,21.42,0.68,0.3,0.14,71.88,3.39,-8.91,287.58,29.52,85336.16,"98.08,41.62",2013-5-26,0.68,0.375,21.42,3.5000000000000004,35.94,30.42857142857143,35.94
30850,24.02,24.11,0.57,0.48,0.14,66.93,4.35,-5.65,293.3,21.53,89605.12,"99.87,41.69",2013-5-26,0.57,0.6,24.11,3.5000000000000004,33.465,34.31428571428572,34.31428571428572
30860,77.83,77.92,0.52,0.49,0.14,67.34,5.77,-5.65,294.46,19.88,90339.27,"101.67,41.75",2013-5-26,0.52,0.6125,63.96,3.5000000000000004,33.67,103.5375,103.5375
30870,38.16,38.28,0.56,0.58,0.13,67.41,5.53,-4.03,295.59,17.65,88236.67,"103.47,41.78",2013-5-26,0.56,0.725,38.28,3.25,33.705,53.949999999999996,53.949999999999996
30880,38.06,38.79,7.21,1.73,0.17,72.02,6.0,5.47,297.66,25.42,87938.91,"106.17,41.78",2013-5-26,7.21,2.1625,38.79,4.25,36.01,53.825,53.825
30890,44.35,45.98,10.79,2.2,0.21,79.49,4.83,6.03,293.76,36.87,83607.38,"107.97,41.75",2013-5-26,10.79,2.75,45.98,5.25,39.745,61.6875,61.6875
30900,53.12,59.13,23.35,7.89,0.42,88.35,4.98,5.81,292.75,44.28,83283.16,"109.77,41.7",2013-5-26,23.35,9.862499999999999,54.565,10.5,44.175,72.65,72.65
30910,65.13,99.26,35.88,9.71,1.87,97.23,3.38,7.22,293.12,47.55,84749.92,"111.56,41.63",2013-5-26,35.88,12.137500000000001,74.63,46.75,48.615,87.6625,87.6625
30920,73.59,96.41,41.19,12.81,0.9,96.36,1.37,7.68,292.16,52.58,85144.96,"113.36,41.54",2013-5-26,41.19,16.0125,73.205,22.5,48.18,98.23750000000001,98.23750000000001
30930,56.03,82.13,23.04,12.39,0.69,101.37,0.68,8.4,289.47,62.09,85140.52,"115.14,41.42",2013-5-26,23.04,15.4875,66.065,17.25,51.14166666666667,76.2875,76.2875
30940,63.37,81.6,19.43,10.19,0.74,98.16,0.51,4.36,289.69,75.81,90914.28,"116.92,41.28",2013-5-26,19.43,12.737499999999999,65.8,18.5,49.08,85.4625,85.4625
30950,59.71,96.31,20.08,13.48,0.82,90.12,1.16,5.08,289.8,81.63,92445.17,"118.7,41.12",2013-5-26,20.08,16.85,73.155,20.5,45.06,80.8875,80.8875
30960,67.1,88.49,14.87,10.73,0.37,77.64,0.02,6.39,290.0,80.79,98512.41,"120.47,40.94",2013-5-26,14.87,13.412500000000001,69.245,9.25,38.82,90.125,90.125
30970,67.41,83.44,7.26,4.74,0.33,100.64,-4.97,7.0,288.07,80.79,96068.38,"123.1,40.62",2013-5-26,7.26,5.925000000000001,66.72,8.25,50.53333333333333,90.51249999999999,90.51249999999999
30980,0.08,0.09,0.03,0.28,0.15,94.77,5.42,1.46,269.84,80.08,59719.64,"74.73,38.59",2013-5-26,0.03,0.35000000000000003,0.09,3.75,47.385,0.1142857142857143,47.385
30990,2.33,2.48,0.61,0.83,0.15,80.59,1.68,0.68,294.03,36.72,86910.2,"76.4,38.96",2013-5-26,0.61,1.0374999999999999,2.48,3.75,40.295,3.3285714285714287,40.295
31000,23.33,23.46,0.52,0.66,0.14,71.63,-2.61,0.8,293.78,46.19,88075.77,"78.08,39.3",2013-5-26,0.52,0.8250000000000001,23.46,3.5000000000000004,35.815,33.32857142857143,35.815
31010,41.0,41.15,0.79,0.43,0.14,72.56,-3.38,-2.9,293.42,41.94,88572.19,"79.78,39.63",2013-5-26,0.79,0.5375,41.15,3.5000000000000004,36.28,57.5,57.5
31020,112.91,113.07,0.81,0.44,0.14,64.49,-4.74,-4.28,294.24,35.36,89041.13,"81.49,39.94",2013-5-26,0.81,0.55,81.535,3.5000000000000004,32.245,147.3875,147.3875
31030,159.05,159.24,0.82,0.25,0.13,58.41,-5.23,-1.12,295.04,27.5,89895.86,"83.21,40.22",2013-5-26,0.82,0.3125,104.62,3.25,29.205,209.05,209.05
31040,131.21,131.44,1.35,0.37,0.14,61.81,-6.03,0.94,294.59,27.16,90567.85,"84.95,40.49",2013-5-26,1.35,0.4625,90.72,3.5000000000000004,30.905,173.15714285714287,173.15714285714287
31050,49.34,49.62,1.92,0.62,0.14,68.74,-6.68,1.77,294.47,25.86,90863.48,"86.69,40.73",2013-5-26,1.92,0.775,49.62,3.5000000000000004,34.37,67.92500000000001,67.92500000000001
31060,36.5,36.84,2.32,0.79,0.14,74.79,-9.91,-7.9,291.36,29.36,89110.35,"88.45,40.95",2013-5-26,2.32,0.9875,36.84,3.5000000000000004,37.395,51.875,51.875
31070,29.44,29.66,1.25,0.28,0.14,74.97,-7.87,-7.56,288.61,34.12,87125.3,"90.21,41.15",2013-5-26,1.25,0.35000000000000003,29.66,3.5000000000000004,37.485,42.05714285714286,42.05714285714286
31080,50.56,50.74,1.12,0.3,0.14,77.41,-6.7,-11.45,291.02,26.3,90380.96,"91.99,41.32",2013-5-26,1.12,0.375,50.370000000000005,3.5000000000000004,38.705,69.45,69.45
31090,26.41,26.57,0.85,0.3,0.14,67.98,-1.49,-6.7,289.96,30.67,87046.38,"93.77,41.47",2013-5-26,0.85,0.375,26.57,3.5000000000000004,33.99,37.72857142857143,37.72857142857143
31100,18.48,18.61,0.69,0.36,0.14,69.16,-5.48,-4.13,285.48,35.46,81041.96,"95.55,41.61",2013-5-26,0.69,0.44999999999999996,18.61,3.5000000000000004,34.58,26.400000000000002,34.58
31110,20.85,20.98,0.71,0.39,0.14,70.9,2.36,-5.75,284.57,35.17,82344.34,"97.35,41.71",2013-5-26,0.71,0.48750000000000004,20.98,3.5000000000000004,35.45,29.78571428571429,35.45
31120,23.65,23.75,0.64,0.34,0.14,70.98,5.62,-7.99,291.17,23.63,88202.66,"99.14,41.8",2013-5-26,0.64,0.42500000000000004,23.75,3.5000000000000004,35.49,33.785714285714285,35.49
31130,31.95,32.03,0.53,0.46,0.14,67.62,4.95,-6.26,293.79,19.99,89972.34,"100.94,41.86",2013-5-26,0.53,0.5750000000000001,32.03,3.5000000000000004,33.81,45.642857142857146,45.642857142857146
31140,47.35,47.45,0.5,0.61,0.13,65.21,6.48,-4.41,294.12,18.84,87952.36,"102.75,41.9",2013-5-26,0.5,0.7625,47.45,3.25,32.605,65.4375,65.4375
31150,36.54,37.51,10.36,2.78,0.18,72.62,6.18,4.42,298.17,23.86,87581.2,"106.89,41.91",2013-5-26,10.36,3.4749999999999996,37.51,4.5,36.31,51.925,51.925
31160,47.65,49.8,13.09,1.86,0.23,86.63,2.8,7.43,292.86,42.44,83524.88,"108.7,41.87",2013-5-26,13.09,2.325,49.8,5.75,43.315,65.8125,65.8125
31170,60.46,69.0,26.9,9.21,0.87,90.44,4.81,6.05,294.52,40.98,85304.67,"110.5,41.81",2013-5-26,26.9,11.512500000000001,59.5,21.75,45.22,81.825,81.825
31180,66.48,90.39,27.05,5.42,1.72,101.07,4.53,6.16,292.16,48.86,83631.54,"112.29,41.73",2013-5-26,27.05,6.775,70.195,43.0,50.89166666666666,89.35000000000001,89.35000000000001
31190,62.42,83.74,29.62,10.82,0.66,97.58,0.51,7.77,291.33,57.14,85981.16,"114.09,41.63",2013-5-26,29.62,13.525,66.87,16.5,48.79,84.275,84.275
31200,59.79,81.24,19.56,7.67,0.64,102.31,-0.33,9.0,287.24,71.72,83948.92,"115.88,41.5",2013-5-26,19.56,9.5875,65.62,16.0,51.925000000000004,80.9875,80.9875
31210,59.97,97.09,20.4,15.87,0.91,96.98,-0.97,4.02,290.27,73.47,92441.32,"117.66,41.35",2013-5-26,20.4,19.8375,73.545,22.75,48.49,81.2125,81.2125
31220,58.22,86.39,14.83,10.88,0.52,83.25,-0.33,5.43,291.43,74.19,95619.92,"119.43,41.18",2013-5-26,14.83,13.600000000000001,68.195,13.0,41.625,79.025,79.025
31230,76.49,95.15,17.53,15.57,0.39,79.42,0.7,6.05,288.74,84.4,101169.92,"121.2,40.99",2013-5-26,17.53,19.4625,72.575,9.75,39.71,101.8625,101.8625
31240,65.72,83.98,7.62,4.33,0.34,108.19,-3.7,6.66,288.3,81.96,96560.23,"123.31,40.73",2013-5-26,7.62,5.4125,66.99000000000001,8.5,56.824999999999996,88.4,88.4
31250,0.05,0.06,0.02,0.29,0.16,97.66,5.0,-0.27,270.77,68.02,60333.91,"74.02,38.56",2013-5-26,0.02,0.3625,0.06,4.0,48.83,0.07142857142857144,48.83
31260,1.72,1.9,0.73,1.03,0.15,80.94,2.12,-1.26,293.01,36.63,85925.75,"76.02,39.01",2013-5-26,0.73,1.2875,1.9,3.75,40.47,2.4571428571428573,40.47
31270,19.17,19.37,0.67,1.05,0.15,71.35,-2.42,0.98,294.18,43.62,88001.88,"77.7,39.37",2013-5-26,0.67,1.3125,19.37,3.75,35.675,27.38571428571429,35.675
31280,29.54,29.68,0.73,0.42,0.14,72.24,-3.05,-1.38,293.01,45.39,88729.4,"79.4,39.7",2013-5-26,0.73,0.525,29.68,3.5000000000000004,36.12,42.2,42.2
31290,89.89,90.06,0.89,0.5,0.14,66.89,-4.73,-4.11,293.74,38.11,89105.23,"81.11,40.01",2013-5-26,0.89,0.625,70.03,3.5000000000000004,33.445,118.6125,118.6125
31300,138.9,139.09,0.87,0.33,0.13,59.28,-4.74,-1.6,294.9,28.56,89868.81,"82.83,40.3",2013-5-26,0.87,0.41250000000000003,94.545,3.25,29.64,184.14285714285717,184.14285714285717
31310,125.18,125.43,1.44,0.42,0.14,60.63,-5.51,1.2,294.74,26.98,90498.7,"84.57,40.57",2013-5-26,1.44,0.525,87.715,3.5000000000000004,30.315,164.54285714285714,164.54285714285714
31320,59.07,59.36,1.96,0.63,0.14,67.16,-4.85,1.55,294.47,26.59,90860.45,"86.31,40.82",2013-5-26,1.96,0.7875,54.68,3.5000000000000004,33.58,80.0875,80.0875
31330,37.8,38.14,2.49,0.88,0.14,74.32,-10.75,-6.79,291.2,29.45,88030.73,"88.07,41.04",2013-5-26,2.49,1.1,38.14,3.5000000000000004,37.16,53.5,53.5
31340,33.31,33.58,1.55,0.43,0.14,73.1,-6.22,-8.01,286.06,39.34,84262.59,"89.84,41.24",2013-5-26,1.55,0.5375,33.58,3.5000000000000004,36.55,47.58571428571429,47.58571428571429
31350,56.65,56.83,1.19,0.32,0.14,78.16,-7.57,-12.1,289.76,29.75,89517.52,"91.61,41.42",2013-5-26,1.19,0.4,53.415,3.5000000000000004,39.08,77.0625,77.0625
31360,31.08,31.24,0.95,0.3,0.14,69.68,0.13,-7.75,289.52,29.98,87613.9,"93.39,41.58",2013-5-26,0.95,0.375,31.24,3.5000000000000004,34.84,44.4,44.4
31370,19.94,20.06,0.69,0.4,0.14,67.37,-5.51,-4.01,286.03,34.24,81628.29,"95.18,41.71",2013-5-26,0.69,0.5,20.06,3.5000000000000004,33.685,28.485714285714288,33.685
31380,20.25,20.38,0.74,0.4,0.14,72.11,2.03,-6.64,283.82,36.12,81935.23,"96.97,41.83",2013-5-26,0.74,0.5,20.38,3.5000000000000004,36.055,28.92857142857143,36.055
31390,22.67,22.78,0.67,0.34,0.14,71.55,6.13,-8.22,288.04,27.88,85612.7,"98.77,41.92",2013-5-26,0.67,0.42500000000000004,22.78,3.5000000000000004,35.775,32.385714285714286,35.775
31400,32.81,32.89,0.55,0.48,0.14,67.74,4.7,-6.0,293.69,19.85,90043.57,"100.58,41.98",2013-5-26,0.55,0.6,32.89,3.5000000000000004,33.87,46.871428571428574,46.871428571428574
31410,51.49,51.58,0.49,0.54,0.14,65.26,6.82,-3.83,293.42,19.35,87949.14,"102.38,42.03",2013-5-26,0.49,0.675,50.79,3.5000000000000004,32.63,70.61250000000001,70.61250000000001
31420,38.9,40.01,11.67,3.51,0.19,72.89,6.09,5.17,296.99,26.6,86561.48,"107.26,42.04",2013-5-26,11.67,4.387499999999999,40.01,4.75,36.445,54.875,54.875
31430,48.81,50.77,12.88,1.49,0.23,88.94,5.26,8.43,293.69,40.82,84165.44,"109.06,42.0",2013-5-26,12.88,1.8625,50.385000000000005,5.75,44.47,67.2625,67.2625
31440,61.64,70.12,21.87,5.54,0.86,94.52,5.46,6.35,295.15,39.06,85768.45,"110.87,41.93",2013-5-26,21.87,6.925,60.06,21.5,47.26,83.3,83.3
31450,65.18,80.66,26.45,5.17,1.38,100.92,4.01,6.79,293.06,47.22,84859.41,"112.67,41.85",2013-5-26,26.45,6.4625,65.33,34.5,50.766666666666666,87.72500000000001,87.72500000000001
31460,59.8,82.74,25.67,11.94,0.66,99.85,0.37,8.0,290.27,61.03,85490.86,"114.46,41.74",2013-5-26,25.67,14.924999999999999,66.37,16.5,49.925,81.0,81.0
31470,59.23,79.88,19.94,7.4,0.63,103.09,0.63,8.1,287.1,71.28,83364.17,"116.25,41.61",2013-5-26,19.94,9.25,64.94,15.75,52.575,80.2875,80.2875
31480,55.99,88.31,18.93,12.21,0.79,101.51,-0.47,4.15,289.42,76.95,90952.91,"118.03,41.46",2013-5-26,18.93,15.262500000000001,69.155,19.75,51.25833333333334,76.23750000000001,76.23750000000001
31490,60.27,84.44,15.48,12.19,0.46,77.58,0.53,6.41,291.42,74.02,96420.26,"119.81,41.28",2013-5-26,15.48,15.237499999999999,67.22,11.5,38.79,81.5875,81.5875
31500,70.11,86.9,13.16,9.5,0.35,90.07,0.77,6.42,290.35,76.96,101236.93,"121.58,41.08",2013-5-26,13.16,11.875,68.45,8.75,45.035,93.8875,93.8875
31510,62.02,84.06,7.66,3.97,0.34,110.0,-4.06,8.91,289.79,72.63,97058.61,"123.34,40.86",2013-5-26,7.66,4.9625,67.03,8.5,58.333333333333336,83.775,83.775
31520,60.18,69.38,8.45,4.26,0.37,88.75,1.04,4.5,291.29,69.79,98812.35,"125.09,40.62",2013-5-26,8.45,5.324999999999999,59.69,9.25,44.375,81.475,81.475
31530,0.64,0.73,0.25,0.4,0.15,83.83,-1.21,-2.57,279.65,61.59,71307.27,"75.3,39.0",2013-5-26,0.25,0.5,0.73,3.75,41.915,0.9142857142857144,41.915
31540,12.47,12.65,0.65,0.84,0.15,74.54,-2.85,1.19,294.12,41.72,87592.66,"76.98,39.36",2013-5-26,0.65,1.05,12.65,3.75,37.27,17.814285714285717,37.27
31550,19.07,19.21,0.68,0.53,0.14,70.99,-2.89,-0.04,293.08,45.53,88318.42,"78.67,39.7",2013-5-26,0.68,0.6625000000000001,19.21,3.5000000000000004,35.495,27.242857142857144,35.495
31560,55.7,55.87,0.96,0.57,0.14,68.24,-4.33,-2.92,292.57,44.85,89039.61,"80.38,40.02",2013-5-26,0.96,0.7124999999999999,52.935,3.5000000000000004,34.12,75.875,75.875
31570,113.46,113.65,1.03,0.45,0.14,61.93,-4.9,-2.33,294.09,33.69,89525.56,"82.1,40.32",2013-5-26,1.03,0.5625,81.825,3.5000000000000004,30.965,148.075,148.075
31580,121.14,121.39,1.42,0.49,0.14,59.86,-4.95,0.88,294.73,26.59,90147.51,"83.84,40.6",2013-5-26,1.42,0.6125,85.695,3.5000000000000004,29.93,158.77142857142857,158.77142857142857
31590,71.6,71.89,1.96,0.65,0.14,64.76,-4.66,2.01,294.81,26.23,90846.03,"85.58,40.85",2013-5-26,1.96,0.8125,60.945,3.5000000000000004,32.38,95.75,95.75
31600,31.64,31.96,2.44,0.89,0.14,72.74,-6.22,-1.81,294.7,24.84,90937.42,"87.34,41.09",2013-5-26,2.44,1.1125,31.96,3.5000000000000004,36.37,45.2,45.2
31610,42.23,42.58,2.3,0.78,0.14,74.23,-10.11,-9.81,288.19,34.73,86583.16,"89.1,41.3",2013-5-26,2.3,0.9750000000000001,42.58,3.5000000000000004,37.115,59.037499999999994,59.037499999999994
31620,35.31,35.51,1.23,0.28,0.14,76.54,-8.28,-8.67,288.54,33.98,88284.07,"90.88,41.49",2013-5-26,1.23,0.35000000000000003,35.51,3.5000000000000004,38.27,50.3875,50.3875
31630,32.77,32.94,1.09,0.3,0.14,74.12,0.33,-10.51,288.73,28.49,87829.98,"92.66,41.65",2013-5-26,1.09,0.375,32.94,3.5000000000000004,37.06,46.81428571428572,46.81428571428572
31640,21.1,21.23,0.71,0.26,0.14,68.98,-6.11,-3.55,288.86,30.34,85970.95,"94.45,41.8",2013-5-26,0.71,0.325,21.23,3.5000000000000004,34.49,30.142857142857146,34.49
31650,19.31,19.44,0.74,0.36,0.14,70.93,-0.46,-6.73,280.47,44.19,78213.72,"96.24,41.92",2013-5-26,0.74,0.44999999999999996,19.44,3.5000000000000004,35.465,27.585714285714285,35.465
31660,22.44,22.56,0.71,0.33,0.14,71.59,5.11,-6.84,285.88,31.5,84457.9,"98.04,42.02",2013-5-26,0.71,0.41250000000000003,22.56,3.5000000000000004,35.795,32.05714285714286,35.795
31670,28.58,28.67,0.59,0.44,0.14,67.67,5.59,-5.77,293.46,20.53,90069.59,"99.85,42.09",2013-5-26,0.59,0.55,28.67,3.5000000000000004,33.835,40.82857142857143,40.82857142857143
31680,73.28,73.38,0.52,0.52,0.14,67.34,7.55,-4.98,293.18,20.71,89408.57,"101.65,42.15",2013-5-26,0.52,0.65,61.69,3.5000000000000004,33.67,97.85,97.85
31690,45.36,46.48,10.71,3.02,0.19,75.01,6.65,5.49,296.49,28.45,86250.98,"107.62,42.16",2013-5-26,10.71,3.775,46.48,4.75,37.505,62.95,62.95
31700,49.8,51.73,13.2,1.61,0.24,89.91,6.04,7.79,295.67,36.39,86166.35,"109.43,42.12",2013-5-26,13.2,2.0125,50.864999999999995,6.0,44.955,68.5,68.5
31710,63.78,72.48,19.72,4.15,0.84,95.31,4.55,6.07,295.53,37.77,86297.77,"111.24,42.05",2013-5-26,19.72,5.1875,61.24,21.0,47.655,85.975,85.975
31720,64.45,77.66,28.43,6.14,0.71,99.82,3.3,6.89,292.84,47.09,84496.52,"113.04,41.96",2013-5-26,28.43,7.675,63.83,17.75,49.91,86.8125,86.8125
31730,56.95,80.36,25.99,13.36,0.66,99.77,1.47,8.01,290.04,60.0,85106.94,"114.84,41.85",2013-5-26,25.99,16.7,65.18,16.5,49.885,77.4375,77.4375
31740,56.51,77.11,20.75,8.3,0.65,103.46,0.95,7.71,287.91,71.88,85911.05,"116.63,41.71",2013-5-26,20.75,10.375,63.555,16.25,52.883333333333326,76.88749999999999,76.88749999999999
31750,51.66,79.96,16.14,8.95,0.69,100.75,4.01,6.03,287.23,77.1,86270.98,"118.41,41.56",2013-5-26,16.14,11.1875,64.97999999999999,17.25,50.625,70.82499999999999,70.82499999999999
31760,62.29,79.58,15.29,10.78,0.38,76.08,0.95,7.06,291.99,70.4,96693.34,"120.19,41.38",2013-5-26,15.29,13.475,64.78999999999999,9.5,38.04,84.1125,84.1125
31770,68.61,90.24,16.14,12.0,0.39,93.38,1.14,6.96,292.01,68.9,101229.02,"121.96,41.17",2013-5-26,16.14,15.0,70.12,9.75,46.69,92.0125,92.0125
31780,63.4,88.39,9.25,5.07,0.39,113.73,-3.89,6.99,289.35,76.07,96416.42,"123.72,40.95",2013-5-26,9.25,6.3375,69.195,9.75,61.44166666666667,85.5,85.5
31790,0.09,0.1,0.02,0.32,0.16,92.33,9.57,-1.13,264.53,91.01,55708.85,"73.75,38.78",2013-5-26,0.02,0.4,0.1,4.0,46.165,0.12857142857142856,46.165
31800,0.72,0.83,0.35,0.42,0.15,85.54,3.53,-3.5,289.2,37.49,81932.3,"75.42,39.16",2013-5-26,0.35,0.525,0.83,3.75,42.77,1.0285714285714285,42.77
31810,14.33,14.47,0.5,0.67,0.15,74.01,-3.9,1.12,293.93,43.2,87781.88,"77.1,39.52",2013-5-26,0.5,0.8375,14.47,3.75,37.005,20.47142857142857,37.005
31820,20.06,20.21,0.73,0.68,0.14,70.45,-2.81,-1.05,293.09,43.82,88386.89,"78.8,39.86",2013-5-26,0.73,0.8500000000000001,20.21,3.5000000000000004,35.225,28.657142857142855,35.225
31830,50.55,50.74,1.07,0.66,0.14,67.68,-4.96,-2.18,292.61,43.99,89226.03,"80.51,40.18",2013-5-26,1.07,0.8250000000000001,50.370000000000005,3.5000000000000004,33.84,69.4375,69.4375
31840,94.2,94.41,1.27,0.6,0.14,62.49,-4.98,-1.66,294.28,32.08,89721.33,"82.24,40.48",2013-5-26,1.27,0.75,72.205,3.5000000000000004,31.245,124.0,124.0
31850,96.71,97.0,1.8,0.62,0.14,61.86,-4.53,0.96,295.05,25.44,90459.68,"83.97,40.76",2013-5-26,1.8,0.775,73.5,3.5000000000000004,30.93,127.13749999999999,127.13749999999999
31860,52.02,52.35,2.26,0.84,0.14,66.91,-4.11,1.24,295.05,25.31,90969.43,"85.72,41.01",2013-5-26,2.26,1.05,51.175,3.5000000000000004,33.455,71.275,71.275
31870,28.61,28.93,2.48,0.91,0.14,72.31,-7.22,-3.96,291.09,29.97,86695.01,"87.48,41.24",2013-5-26,2.48,1.1375,28.93,3.5000000000000004,36.155,40.871428571428574,40.871428571428574
31880,44.8,45.18,2.41,0.87,0.14,72.74,-7.26,-6.99,285.25,40.9,84142.38,"89.25,41.45",2013-5-26,2.41,1.0875,45.18,3.5000000000000004,36.37,62.25,62.25
31890,37.65,37.85,1.23,0.29,0.14,76.48,-8.1,-8.88,287.5,36.05,87556.01,"91.03,41.64",2013-5-26,1.23,0.3625,37.85,3.5000000000000004,38.24,53.3125,53.3125
31900,32.47,32.65,1.09,0.32,0.14,72.8,2.81,-8.55,289.32,27.61,88603.86,"92.82,41.8",2013-5-26,1.09,0.4,32.65,3.5000000000000004,36.4,46.385714285714286,46.385714285714286
31910,22.01,22.14,0.75,0.25,0.14,70.86,-8.7,-2.25,288.76,29.69,86899.87,"94.61,41.94",2013-5-26,0.75,0.3125,22.14,3.5000000000000004,35.43,31.442857142857147,35.43
31920,20.57,20.7,0.78,0.35,0.14,71.75,1.59,-7.0,280.36,43.9,79077.46,"96.41,42.06",2013-5-26,0.78,0.4375,20.7,3.5000000000000004,35.875,29.385714285714286,35.875
31930,23.46,23.59,0.73,0.37,0.14,72.23,6.65,-6.47,286.75,29.57,85279.72,"98.21,42.16",2013-5-26,0.73,0.4625,23.59,3.5000000000000004,36.115,33.51428571428572,36.115
31940,34.02,34.11,0.58,0.42,0.14,68.51,4.99,-5.96,293.51,19.8,90233.56,"100.02,42.23",2013-5-26,0.58,0.525,34.11,3.5000000000000004,34.255,48.60000000000001,48.60000000000001
31950,50.19,50.28,0.51,0.52,0.14,66.09,7.55,-3.19,293.26,19.71,88806.02,"101.83,42.29",2013-5-26,0.51,0.65,50.14,3.5000000000000004,33.045,68.9875,68.9875
31960,47.21,48.69,11.39,1.57,0.22,84.74,5.61,7.14,296.66,32.68,87169.2,"108.72,42.27",2013-5-26,11.39,1.9625000000000001,48.69,5.5,42.37,65.2625,65.2625
31970,63.27,67.77,22.36,7.83,0.37,86.67,5.67,6.38,296.81,34.01,87306.41,"110.52,42.21",2013-5-26,22.36,9.7875,58.885,9.25,43.335,85.3375,85.3375
31980,59.54,69.18,22.57,4.92,0.76,97.89,5.76,6.48,294.55,40.37,85399.38,"112.33,42.13",2013-5-26,22.57,6.15,59.59,19.0,48.945,80.675,80.675
31990,64.61,81.27,30.0,9.31,0.56,98.45,1.19,9.56,290.74,57.33,84536.9,"114.13,42.03",2013-5-26,30.0,11.637500000000001,65.63499999999999,14.000000000000002,49.225,87.0125,87.0125
32000,55.0,73.98,19.83,7.46,0.57,103.38,1.92,8.09,289.32,61.91,85344.8,"115.93,41.9",2013-5-26,19.83,9.325,61.99,14.249999999999998,52.81666666666666,75.0,75.0
32010,57.02,86.35,18.79,11.41,0.77,101.65,1.09,5.93,289.43,71.56,89847.77,"117.72,41.75",2013-5-26,18.79,14.2625,68.175,19.25,51.37500000000001,77.525,77.525
32020,56.14,78.41,15.9,9.6,0.55,85.75,0.09,7.26,291.76,69.37,94256.28,"119.5,41.58",2013-5-26,15.9,12.0,64.205,13.750000000000002,42.875,76.425,76.425
32030,76.11,92.67,23.31,18.29,0.38,77.29,-0.04,7.2,290.87,74.56,100546.87,"121.28,41.39",2013-5-26,23.31,22.862499999999997,71.33500000000001,9.5,38.645,101.3875,101.3875
32040,65.57,118.02,29.13,20.47,0.68,110.65,-1.13,7.32,293.82,57.78,100655.59,"123.05,41.17",2013-5-26,29.13,25.5875,84.00999999999999,17.0,58.87500000000001,88.21249999999999,88.21249999999999
32050,66.26,80.72,10.12,5.73,0.4,97.92,0.21,5.92,288.84,80.33,95050.75,"124.8,40.93",2013-5-26,10.12,7.1625000000000005,65.36,10.0,48.96,89.075,89.075
32060,0.34,0.4,0.13,0.29,0.16,91.33,4.56,1.75,265.95,85.9,56002.14,"74.7,39.14",2013-5-26,0.13,0.3625,0.4,4.0,45.665,0.48571428571428577,45.665
32070,6.18,6.47,0.96,1.39,0.16,73.7,-1.89,0.71,293.81,40.3,87144.2,"76.38,39.51",2013-5-26,0.96,1.7374999999999998,6.47,4.0,36.85,8.82857142857143,36.85
32080,18.75,18.88,0.6,0.54,0.14,73.36,-3.03,0.83,293.05,43.45,87576.17,"78.08,39.86",2013-5-26,0.6,0.675,18.88,3.5000000000000004,36.68,26.785714285714285,36.68
32090,35.62,35.8,0.97,0.59,0.14,68.58,-4.31,-0.34,293.17,41.55,88912.17,"79.78,40.19",2013-5-26,0.97,0.7374999999999999,35.8,3.5000000000000004,34.29,50.775,50.775
32100,53.2,53.41,1.33,0.74,0.14,67.35,-5.39,-1.94,293.73,35.68,89547.6,"81.51,40.49",2013-5-26,1.33,0.925,51.705,3.5000000000000004,33.675,72.75,72.75
32110,78.63,78.91,1.8,0.72,0.14,62.82,-5.13,0.08,295.26,24.83,90186.73,"83.24,40.78",2013-5-26,1.8,0.8999999999999999,64.455,3.5000000000000004,31.41,104.5375,104.5375
32120,61.93,62.26,2.31,0.92,0.14,66.68,-5.27,0.35,295.15,25.09,90640.87,"84.99,41.04",2013-5-26,2.31,1.1500000000000001,56.129999999999995,3.5000000000000004,33.34,83.6625,83.6625
32130,25.46,25.77,2.36,0.8,0.14,70.29,-6.01,-0.23,294.65,24.82,90599.36,"86.75,41.28",2013-5-26,2.36,1.0,25.77,3.5000000000000004,35.145,36.371428571428574,36.371428571428574
32140,47.81,48.28,3.06,1.28,0.14,74.72,-6.51,-6.69,285.21,41.47,83156.85,"88.52,41.5",2013-5-26,3.06,1.6,48.28,3.5000000000000004,37.36,66.0125,66.0125
32150,36.59,36.85,1.47,0.41,0.14,74.4,-4.9,-5.46,287.48,35.43,86617.26,"90.29,41.7",2013-5-26,1.47,0.5125,36.85,3.5000000000000004,37.2,51.987500000000004,51.987500000000004
32160,63.51,63.69,1.16,0.32,0.14,76.26,-1.76,-11.93,288.81,30.36,89183.84,"92.08,41.87",2013-5-26,1.16,0.4,56.845,3.5000000000000004,38.13,85.63749999999999,85.63749999999999
32170,22.83,22.97,0.88,0.31,0.14,69.33,-1.7,-0.9,291.98,26.48,90233.77,"93.87,42.02",2013-5-26,0.88,0.3875,22.97,3.5000000000000004,34.665,32.614285714285714,34.665
32180,22.72,22.87,0.84,0.28,0.14,70.66,-5.99,-4.14,282.54,39.66,81858.29,"95.67,42.15",2013-5-26,0.84,0.35000000000000003,22.87,3.5000000000000004,35.33,32.457142857142856,35.33
32190,23.59,23.72,0.76,0.35,0.14,72.22,7.02,-8.1,284.83,32.98,84460.39,"97.48,42.26",2013-5-26,0.76,0.4375,23.72,3.5000000000000004,36.11,33.7,36.11
32200,28.42,28.52,0.65,0.44,0.14,69.41,8.12,-3.54,292.86,20.65,90272.74,"99.28,42.34",2013-5-26,0.65,0.55,28.52,3.5000000000000004,34.705,40.6,40.6
32210,42.68,42.76,0.54,0.39,0.14,68.33,7.61,-4.55,293.8,19.23,90416.45,"101.1,42.4",2013-5-26,0.54,0.48750000000000004,42.76,3.5000000000000004,34.165,59.6,59.6
32220,47.08,48.49,11.09,1.43,0.22,85.1,6.58,6.43,296.13,33.38,86583.36,"108.9,42.4",2013-5-26,11.09,1.7874999999999999,48.49,5.5,42.55,65.1,65.1
32230,60.26,64.25,20.39,6.61,0.33,86.84,5.9,5.98,297.44,32.37,87964.96,"110.72,42.34",2013-5-26,20.39,8.262500000000001,57.125,8.25,43.42,81.57499999999999,81.57499999999999
32240,57.88,65.5,21.52,4.4,0.52,96.37,4.52,6.2,295.55,38.21,86832.05,"112.52,42.26",2013-5-26,21.52,5.5,57.75,13.0,48.185,78.6,78.6
32250,63.08,78.76,27.44,8.59,0.54,100.36,2.04,10.27,291.22,55.52,84987.98,"114.33,42.15",2013-5-26,27.44,10.7375,64.38,13.5,50.3,85.1,85.1
32260,54.83,72.69,20.58,8.93,0.56,101.99,2.5,7.96,289.53,59.13,85084.66,"116.13,42.02",2013-5-26,20.58,11.1625,61.345,14.000000000000002,51.65833333333333,74.7875,74.7875
32270,56.33,84.54,18.73,11.48,0.77,99.72,1.65,6.07,288.77,74.16,89258.74,"117.92,41.87",2013-5-26,18.73,14.350000000000001,67.27000000000001,19.25,49.86,76.6625,76.6625
32280,57.67,74.79,14.67,8.11,0.49,84.24,0.38,7.17,290.63,72.93,93008.35,"119.71,41.7",2013-5-26,14.67,10.1375,62.395,12.25,42.12,78.3375,78.3375
32290,75.53,91.2,19.8,12.82,0.35,86.82,0.06,7.03,290.7,75.52,100011.59,"121.48,41.5",2013-5-26,19.8,16.025,70.6,8.75,43.41,100.6625,100.6625
32300,58.71,101.49,17.89,10.77,0.55,111.93,-1.61,6.87,293.97,58.01,100769.03,"123.25,41.28",2013-5-26,17.89,13.462499999999999,75.745,13.750000000000002,59.94166666666668,79.6375,79.6375
32310,64.22,77.35,10.06,5.63,0.39,96.77,0.67,5.72,289.67,76.2,95609.95,"125.01,41.04",2013-5-26,10.06,7.0375,63.675,9.75,48.385,86.525,86.525
32320,0.52,0.62,0.2,0.28,0.16,90.31,1.19,0.35,267.19,91.24,58065.02,"74.48,39.23",2013-5-26,0.2,0.35000000000000003,0.62,4.0,45.155,0.7428571428571429,45.155
32330,5.17,5.57,1.55,1.87,0.16,75.2,-1.89,0.58,293.27,39.91,86309.12,"76.17,39.61",2013-5-26,1.55,2.3375000000000004,5.57,4.0,37.6,7.385714285714286,37.6
32340,15.96,16.08,0.53,0.42,0.14,73.93,-2.23,0.91,289.78,49.25,83585.09,"77.86,39.96",2013-5-26,0.53,0.525,16.08,3.5000000000000004,36.965,22.8,36.965
32350,31.83,32.01,0.99,0.61,0.14,69.28,-3.6,0.21,293.52,39.06,88913.92,"79.57,40.29",2013-5-26,0.99,0.7625,32.01,3.5000000000000004,34.64,45.47142857142857,45.47142857142857
32360,38.94,39.15,1.45,1.16,0.14,68.28,-5.02,-1.38,294.18,32.83,89588.29,"81.3,40.6",2013-5-26,1.45,1.45,39.15,3.5000000000000004,34.14,54.925,54.925
32370,53.21,53.47,1.69,0.77,0.14,63.49,-5.02,-0.77,295.39,24.4,90094.85,"83.03,40.88",2013-5-26,1.69,0.9625,51.735,3.5000000000000004,31.745,72.7625,72.7625
32380,52.13,52.49,2.52,1.08,0.14,67.86,-5.26,-0.19,295.31,24.48,90593.9,"84.78,41.15",2013-5-26,2.52,1.35,51.245000000000005,3.5000000000000004,33.93,71.4125,71.4125
32390,23.12,23.45,2.25,0.82,0.14,72.05,-7.13,-0.97,294.72,24.81,90396.86,"86.54,41.39",2013-5-26,2.25,1.025,23.45,3.5000000000000004,36.025,33.02857142857143,36.025
32400,41.49,41.97,3.21,1.47,0.14,74.81,-6.82,-4.44,285.42,42.23,83495.61,"88.31,41.61",2013-5-26,3.21,1.8375,41.97,3.5000000000000004,37.405,58.112500000000004,58.112500000000004
32410,43.19,43.49,1.8,0.57,0.14,73.97,-3.71,-4.56,288.78,33.59,88607.55,"90.09,41.81",2013-5-26,1.8,0.7124999999999999,43.49,3.5000000000000004,36.985,60.2375,60.2375
32420,69.49,69.69,1.25,0.32,0.14,76.96,-3.13,-11.93,288.35,32.53,89150.45,"91.88,41.99",2013-5-26,1.25,0.4,59.845,3.5000000000000004,38.48,93.1125,93.1125
32430,20.72,20.87,0.93,0.34,0.14,68.79,1.11,-0.71,293.17,25.14,91978.35,"93.67,42.14",2013-5-26,0.93,0.42500000000000004,20.87,3.5000000000000004,34.395,29.599999999999998,34.395
32440,24.33,24.48,0.87,0.27,0.14,71.12,-7.61,-4.43,285.6,34.06,85440.21,"95.47,42.27",2013-5-26,0.87,0.3375,24.48,3.5000000000000004,35.56,34.75714285714285,35.56
32450,23.91,24.05,0.79,0.38,0.14,71.48,7.37,-6.38,284.57,33.74,84648.64,"97.28,42.38",2013-5-26,0.79,0.475,24.05,3.5000000000000004,35.74,34.15714285714286,35.74
32460,30.3,30.4,0.66,0.42,0.14,70.08,7.61,-3.38,292.32,20.74,89499.73,"99.09,42.47",2013-5-26,0.66,0.525,30.4,3.5000000000000004,35.04,43.285714285714285,43.285714285714285
32470,41.55,41.63,0.56,0.31,0.14,70.24,7.45,-4.96,293.63,18.76,90281.27,"100.91,42.53",2013-5-26,0.56,0.3875,41.63,3.5000000000000004,35.12,58.1875,58.1875
32480,60.73,63.69,19.56,6.58,0.27,85.57,6.33,5.53,297.76,31.12,88226.53,"110.73,42.48",2013-5-26,19.56,8.225,56.845,6.75,42.785,82.1625,82.1625
32490,56.73,61.89,20.47,4.47,0.33,94.81,4.72,5.9,296.02,36.56,87282.89,"112.54,42.39",2013-5-26,20.47,5.5874999999999995,55.945,8.25,47.405,77.1625,77.1625
32500,62.64,76.91,27.89,8.14,0.53,100.79,2.56,10.32,292.45,51.33,85879.03,"114.35,42.29",2013-5-26,27.89,10.175,63.455,13.25,50.65833333333334,84.55,84.55
32510,56.06,70.73,21.31,10.35,0.54,99.78,2.61,8.16,290.08,57.4,85494.52,"116.15,42.16",2013-5-26,21.31,12.9375,60.365,13.5,49.89,76.325,76.325
32520,54.93,78.11,18.82,10.07,0.72,102.07,3.12,6.79,288.34,71.97,87643.57,"117.94,42.0",2013-5-26,18.82,12.5875,64.055,18.0,51.724999999999994,74.9125,74.9125
32530,56.23,72.04,14.58,7.63,0.48,84.62,0.89,8.09,290.66,70.83,92324.35,"119.73,41.83",2013-5-26,14.58,9.5375,61.02,12.0,42.31,76.5375,76.5375
32540,73.9,89.9,19.48,12.22,0.35,87.56,0.26,8.07,290.79,74.67,99276.15,"121.51,41.63",2013-5-26,19.48,15.275,69.95,8.75,43.78,98.625,98.625
32550,59.44,107.94,19.22,11.83,0.59,111.22,-1.45,7.07,294.32,57.11,101089.35,"123.28,41.42",2013-5-26,19.22,14.7875,78.97,14.75,59.35,80.55,80.55
32560,63.72,76.42,9.36,4.88,0.38,98.85,0.16,6.35,288.95,77.88,94352.91,"125.04,41.17",2013-5-26,9.36,6.1,63.21,9.5,49.425,85.9,85.9
32570,0.58,0.68,0.23,0.26,0.16,91.8,1.74,-2.4,269.22,90.54,61061.76,"74.43,39.36",2013-5-26,0.23,0.325,0.68,4.0,45.9,0.8285714285714285,45.9
32580,4.43,4.79,1.35,1.52,0.16,75.97,-1.41,0.73,291.75,42.04,84662.2,"76.12,39.74",2013-5-26,1.35,1.9,4.79,4.0,37.985,6.328571428571428,37.985
32590,14.43,14.55,0.54,0.34,0.14,73.75,-1.81,1.02,288.0,51.39,81438.85,"77.82,40.09",2013-5-26,0.54,0.42500000000000004,14.55,3.5000000000000004,36.875,20.614285714285714,36.875
32600,26.79,26.99,1.06,0.71,0.14,70.38,-3.94,-0.34,294.24,34.9,89222.93,"79.53,40.42",2013-5-26,1.06,0.8875,26.99,3.5000000000000004,35.19,38.27142857142857,38.27142857142857
32610,24.98,25.19,1.4,0.96,0.15,72.53,-5.72,-2.3,294.48,30.28,89635.33,"81.26,40.73",2013-5-26,1.4,1.2,25.19,3.75,36.265,35.68571428571429,36.265
32620,43.05,43.29,1.67,0.86,0.14,66.31,-5.36,-1.84,295.29,25.08,89959.39,"83.0,41.02",2013-5-26,1.67,1.075,43.29,3.5000000000000004,33.155,60.0625,60.0625
32630,31.55,31.98,3.04,1.5,0.14,69.16,-5.35,-1.06,295.15,25.09,90441.16,"84.75,41.28",2013-5-26,3.04,1.875,31.98,3.5000000000000004,34.58,45.07142857142858,45.07142857142858
32640,20.33,20.66,2.19,0.83,0.14,73.55,-8.1,-2.56,292.87,28.13,88587.68,"86.51,41.52",2013-5-26,2.19,1.0374999999999999,20.66,3.5000000000000004,36.775,29.04285714285714,36.775
32650,37.32,37.78,3.28,1.58,0.14,74.23,-6.23,-4.46,287.06,39.64,85347.09,"88.28,41.75",2013-5-26,3.28,1.975,37.78,3.5000000000000004,37.115,52.9,52.9
32660,46.84,47.17,2.0,0.71,0.14,74.25,-2.65,-4.11,289.95,31.89,90306.95,"90.06,41.95",2013-5-26,2.0,0.8875,47.17,3.5000000000000004,37.125,64.80000000000001,64.80000000000001
32670,76.7,76.9,1.28,0.35,0.15,76.65,-2.81,-11.95,288.71,32.48,89879.62,"91.86,42.12",2013-5-26,1.28,0.4375,63.45,3.75,38.325,102.125,102.125
32680,19.12,19.27,0.97,0.38,0.14,67.87,1.6,0.61,294.31,23.84,93407.57,"93.65,42.28",2013-5-26,0.97,0.475,19.27,3.5000000000000004,33.935,27.314285714285717,33.935
32690,25.34,25.48,0.88,0.27,0.14,71.16,-6.82,-5.76,286.47,32.62,86596.41,"95.46,42.41",2013-5-26,0.88,0.3375,25.48,3.5000000000000004,35.58,36.2,36.2
32700,25.63,25.77,0.8,0.38,0.14,71.49,7.75,-5.35,286.1,31.1,86385.76,"97.27,42.52",2013-5-26,0.8,0.475,25.77,3.5000000000000004,35.745,36.614285714285714,36.614285714285714
32710,45.93,46.01,0.62,0.3,0.14,72.49,6.87,-8.1,290.51,22.07,87990.25,"99.99,42.64",2013-5-26,0.62,0.375,46.01,3.5000000000000004,36.245,63.6625,63.6625
32720,75.12,77.61,16.59,3.92,0.25,87.54,5.43,5.83,297.82,31.19,88587.69,"111.28,42.59",2013-5-26,16.59,4.9,63.805,6.25,43.77,100.15,100.15
32730,56.71,62.03,22.88,4.33,0.33,95.6,4.41,7.13,296.64,36.17,88078.15,"113.09,42.5",2013-5-26,22.88,5.4125,56.015,8.25,47.8,77.1375,77.1375
32740,57.93,74.0,24.85,9.16,0.54,103.06,1.84,9.64,292.13,51.22,86051.52,"114.9,42.38",2013-5-26,24.85,11.45,62.0,13.5,52.550000000000004,78.6625,78.6625
32750,57.19,71.82,20.02,8.34,0.6,97.83,0.1,7.77,289.64,61.79,86683.13,"116.71,42.25",2013-5-26,20.02,10.425,60.91,15.0,48.915,77.7375,77.7375
32760,47.45,67.03,16.75,7.27,0.62,102.01,5.61,7.66,291.42,56.88,89616.2,"118.5,42.09",2013-5-26,16.75,9.087499999999999,58.515,15.5,51.675000000000004,65.5625,65.5625
32770,61.62,70.48,15.82,9.07,0.39,77.43,0.84,7.42,291.02,70.46,94041.16,"120.29,41.91",2013-5-26,15.82,11.3375,60.24,9.75,38.715,83.275,83.275
32780,69.63,98.01,17.1,10.38,0.41,100.28,1.87,7.91,292.98,65.76,101111.05,"122.07,41.7",2013-5-26,17.1,12.975000000000001,74.005,10.25,50.233333333333334,93.2875,93.2875
32790,57.56,101.31,18.04,10.2,0.61,114.68,-1.33,8.67,292.83,61.1,98544.9,"123.84,41.48",2013-5-26,18.04,12.75,75.655,15.25,62.23333333333334,78.2,78.2
32800,61.54,67.19,7.62,3.58,0.32,89.42,0.76,6.31,291.03,67.84,96641.95,"125.6,41.23",2013-5-26,7.62,4.475,58.595,8.0,44.71,83.175,83.175
32810,0.74,0.87,0.27,0.31,0.15,90.68,4.16,-2.82,274.66,76.62,67639.55,"74.55,39.53",2013-5-26,0.27,0.3875,0.87,3.75,45.34,1.0571428571428572,45.34
32820,3.24,3.41,0.58,0.49,0.15,77.52,-0.63,0.97,289.13,46.39,81675.05,"76.24,39.9",2013-5-26,0.58,0.6125,3.41,3.75,38.76,4.628571428571429,38.76
32830,14.77,14.9,0.55,0.36,0.14,74.12,-1.3,1.0,287.8,49.93,80827.14,"77.94,40.25",2013-5-26,0.55,0.44999999999999996,14.9,3.5000000000000004,37.06,21.1,37.06
32840,20.27,20.52,1.21,0.94,0.15,71.27,-4.08,-1.91,293.47,35.13,88131.66,"79.66,40.58",2013-5-26,1.21,1.1749999999999998,20.52,3.75,35.635,28.957142857142856,35.635
32850,20.35,20.52,1.18,0.47,0.15,74.5,-6.34,-3.83,294.69,29.03,89763.47,"81.39,40.89",2013-5-26,1.18,0.5874999999999999,20.52,3.75,37.25,29.071428571428573,37.25
32860,34.96,35.17,1.38,0.72,0.14,68.05,-5.05,-1.21,294.96,25.91,89975.91,"83.13,41.17",2013-5-26,1.38,0.8999999999999999,35.17,3.5000000000000004,34.025,49.94285714285714,49.94285714285714
32870,23.63,24.15,3.44,1.82,0.15,73.0,-5.4,-0.6,294.81,26.35,90509.9,"84.89,41.44",2013-5-26,3.44,2.275,24.15,3.75,36.5,33.75714285714286,36.5
32880,18.22,18.57,2.22,0.87,0.14,73.34,-8.67,-1.36,290.07,33.88,86542.35,"86.66,41.68",2013-5-26,2.22,1.0875,18.57,3.5000000000000004,36.67,26.02857142857143,36.67
32890,43.37,43.87,3.48,1.74,0.14,75.01,-3.97,-5.92,289.59,35.15,88650.09,"88.43,41.9",2013-5-26,3.48,2.175,43.87,3.5000000000000004,37.505,60.4625,60.4625
32900,46.52,46.83,1.89,0.68,0.14,73.86,-1.92,-2.66,289.71,32.29,90208.29,"90.22,42.1",2013-5-26,1.89,0.8500000000000001,46.83,3.5000000000000004,36.93,64.4,64.4
32910,87.49,87.67,1.22,0.34,0.14,76.01,-0.43,-12.8,290.2,29.26,91553.41,"92.01,42.27",2013-5-26,1.22,0.42500000000000004,68.83500000000001,3.5000000000000004,38.005,115.6125,115.6125
32920,17.39,17.57,1.05,0.51,0.14,65.73,1.11,1.35,294.38,24.19,93277.1,"93.81,42.42",2013-5-26,1.05,0.6375,17.57,3.5000000000000004,32.865,24.842857142857145,32.865
32930,33.13,33.28,0.91,0.28,0.14,72.29,-3.53,-8.62,285.72,33.67,86164.8,"95.62,42.55",2013-5-26,0.91,0.35000000000000003,33.28,3.5000000000000004,36.145,47.328571428571436,47.328571428571436
32940,28.12,28.26,0.79,0.37,0.14,71.63,8.28,-5.13,288.03,27.18,87842.86,"97.44,42.66",2013-5-26,0.79,0.4625,28.26,3.5000000000000004,35.815,40.17142857142857,40.17142857142857
32950,77.61,80.33,17.3,4.14,0.26,87.98,5.63,6.24,296.72,32.81,87596.67,"111.84,42.7",2013-5-26,17.3,5.175,65.16499999999999,6.5,43.99,103.2625,103.2625
32960,60.08,65.13,27.51,5.97,0.38,95.64,3.46,7.68,296.24,38.64,88149.02,"113.65,42.6",2013-5-26,27.51,7.4624999999999995,57.565,9.5,47.82,81.35,81.35
32970,63.15,68.46,21.26,7.57,0.43,97.85,2.44,8.71,292.57,49.16,86779.32,"115.46,42.48",2013-5-26,21.26,9.4625,59.23,10.75,48.925,85.1875,85.1875
32980,55.7,69.62,18.18,7.43,0.61,100.23,1.13,6.79,287.19,67.85,84027.18,"117.27,42.33",2013-5-26,18.18,9.2875,59.81,15.25,50.19166666666667,75.875,75.875
32990,45.7,61.9,15.92,7.24,0.56,92.46,1.62,7.27,294.55,49.79,93818.02,"119.07,42.17",2013-5-26,15.92,9.05,55.95,14.000000000000002,46.23,63.375,63.375
33000,68.33,73.99,17.08,9.61,0.33,77.21,0.06,8.64,292.44,69.15,98173.81,"120.85,41.98",2013-5-26,17.08,12.0125,61.995,8.25,38.605,91.6625,91.6625
33010,71.24,120.07,24.81,15.16,0.6,102.34,1.23,7.64,294.66,57.19,101097.99,"122.64,41.77",2013-5-26,24.81,18.95,85.035,15.0,51.95,95.3,95.3
33020,59.02,87.47,10.17,4.09,0.43,114.37,-0.89,7.8,289.82,73.12,95432.79,"124.41,41.54",2013-5-26,10.17,5.1125,68.735,10.75,61.97500000000001,80.025,80.025
33030,62.13,67.38,9.49,4.38,0.33,89.12,2.05,5.33,290.13,64.35,93732.81,"126.17,41.28",2013-5-26,9.49,5.475,58.69,8.25,44.56,83.9125,83.9125
33040,0.8,0.92,0.37,0.38,0.15,85.94,1.69,-2.25,282.12,47.58,74088.58,"75.01,39.78",2013-5-26,0.37,0.475,0.92,3.75,42.97,1.142857142857143,42.97
33050,4.2,4.38,0.52,0.39,0.15,77.17,-0.13,-1.74,288.78,48.02,81827.2,"76.7,40.14",2013-5-26,0.52,0.48750000000000004,4.38,3.75,38.585,6.0,38.585
33060,17.65,17.79,0.62,0.33,0.14,72.15,-2.92,0.43,286.97,50.35,80244.56,"78.41,40.48",2013-5-26,0.62,0.41250000000000003,17.79,3.5000000000000004,36.075,25.21428571428571,36.075
33070,18.43,18.72,1.49,1.31,0.15,70.36,-2.7,-3.13,293.52,37.05,89267.74,"80.14,40.81",2013-5-26,1.49,1.6375000000000002,18.72,3.75,35.18,26.32857142857143,35.18
33080,19.64,19.81,1.25,0.51,0.15,75.77,-6.15,-5.04,294.83,28.3,89924.8,"81.87,41.11",2013-5-26,1.25,0.6375,19.81,3.75,37.885,28.057142857142857,37.885
33090,27.09,27.26,1.04,0.57,0.14,71.5,-4.51,-0.96,294.88,26.56,90327.18,"83.62,41.39",2013-5-26,1.04,0.7124999999999999,27.26,3.5000000000000004,35.75,38.7,38.7
33100,20.65,21.22,3.59,2.09,0.15,73.93,-4.68,-0.32,294.96,26.44,90790.62,"85.38,41.65",2013-5-26,3.59,2.6125,21.22,3.75,36.965,29.5,36.965
33110,14.97,15.32,2.43,1.25,0.14,72.75,-5.53,-0.53,291.48,34.67,89096.67,"87.16,41.88",2013-5-26,2.43,1.5625,15.32,3.5000000000000004,36.375,21.385714285714286,36.375
33120,80.11,80.64,3.82,1.96,0.14,74.49,-1.73,-12.96,289.65,33.88,89399.2,"88.94,42.09",2013-5-26,3.82,2.45,65.32,3.5000000000000004,37.245,106.3875,106.3875
33130,35.65,35.89,1.41,0.47,0.15,73.84,-3.9,-2.3,290.55,30.24,90878.8,"90.73,42.28",2013-5-26,1.41,0.5874999999999999,35.89,3.75,36.92,50.8125,50.8125
33140,35.41,35.58,1.15,0.44,0.14,73.01,5.6,-7.36,296.76,18.51,97837.0,"92.53,42.45",2013-5-26,1.15,0.55,35.58,3.5000000000000004,36.505,50.512499999999996,50.512499999999996
33150,16.43,16.61,0.98,0.56,0.13,68.23,1.67,0.39,291.65,28.17,89622.91,"94.34,42.6",2013-5-26,0.98,0.7000000000000001,16.61,3.25,34.115,23.47142857142857,34.115
33160,27.66,27.82,0.91,0.39,0.14,71.73,3.42,-8.63,284.44,35.64,85544.58,"96.15,42.72",2013-5-26,0.91,0.48750000000000004,27.82,3.5000000000000004,35.865,39.51428571428571,39.51428571428571
33170,87.27,89.81,16.49,3.75,0.25,87.8,5.89,5.94,297.34,30.96,88037.23,"111.85,42.83",2013-5-26,16.49,4.6875,69.905,6.25,43.9,115.33749999999999,115.33749999999999
33180,58.85,63.64,26.07,5.33,0.37,95.74,3.63,7.2,296.48,37.62,88388.83,"113.67,42.73",2013-5-26,26.07,6.6625,56.82,9.25,47.87,79.8125,79.8125
33190,62.53,67.8,21.18,7.11,0.43,98.48,2.33,8.58,292.71,48.21,86723.38,"115.48,42.61",2013-5-26,21.18,8.887500000000001,58.9,10.75,49.24,84.4125,84.4125
33200,54.85,67.37,17.48,6.84,0.58,99.22,1.81,7.68,286.99,66.8,83393.91,"117.29,42.47",2013-5-26,17.48,8.55,58.685,14.499999999999998,49.61,74.8125,74.8125
33210,45.63,60.28,18.09,8.2,0.55,91.77,1.99,7.21,295.02,48.08,94228.48,"119.09,42.3",2013-5-26,18.09,10.25,55.14,13.750000000000002,45.885,63.2875,63.2875
33220,66.79,72.1,16.42,8.8,0.33,78.29,0.27,9.13,292.41,68.57,97737.9,"120.88,42.11",2013-5-26,16.42,11.0,61.05,8.25,39.145,89.73750000000001,89.73750000000001
33230,70.93,118.84,24.41,14.06,0.58,102.97,1.39,7.89,294.66,57.65,100985.86,"122.67,41.9",2013-5-26,24.41,17.575,84.42,14.499999999999998,52.475,94.91250000000001,94.91250000000001
33240,56.18,83.83,9.89,3.69,0.42,115.53,0.18,8.96,290.67,67.36,95401.93,"124.44,41.67",2013-5-26,9.89,4.6125,66.91499999999999,10.5,62.94166666666667,76.475,76.475
33250,61.33,66.31,8.74,3.71,0.32,88.79,1.77,7.2,289.56,64.58,92308.22,"126.2,41.41",2013-5-26,8.74,4.6375,58.155,8.0,44.395,82.9125,82.9125
33260,1.11,1.27,0.46,0.4,0.15,83.29,0.88,-2.35,277.18,65.36,69317.96,"75.3,39.98",2013-5-26,0.46,0.5,1.27,3.75,41.645,1.5857142857142859,41.645
33270,4.69,4.83,0.5,0.3,0.15,78.74,0.67,-2.89,284.74,57.88,77723.23,"77.0,40.34",2013-5-26,0.5,0.375,4.83,3.75,39.37,6.700000000000001,39.37
33280,16.21,16.36,0.75,0.4,0.14,71.46,-1.32,1.14,283.58,57.81,76843.58,"78.71,40.68",2013-5-26,0.75,0.5,16.36,3.5000000000000004,35.73,23.15714285714286,35.73
33290,20.03,20.43,2.57,2.03,0.15,70.13,-2.07,-2.66,293.06,38.1,88975.8,"80.44,41.0",2013-5-26,2.57,2.5374999999999996,20.43,3.75,35.065,28.614285714285717,35.065
33300,19.57,19.74,1.26,0.59,0.15,76.13,-5.03,-5.97,294.65,29.21,90087.62,"82.18,41.3",2013-5-26,1.26,0.7374999999999999,19.74,3.75,38.065,27.95714285714286,38.065
33310,21.95,22.09,0.98,0.4,0.14,75.89,-3.65,-3.06,294.81,27.13,90425.81,"83.94,41.57",2013-5-26,0.98,0.5,22.09,3.5000000000000004,37.945,31.357142857142858,37.945
33320,19.77,20.34,3.32,2.18,0.15,73.93,-2.48,-2.48,294.09,28.15,89776.78,"85.71,41.83",2013-5-26,3.32,2.725,20.34,3.75,36.965,28.242857142857144,36.965
33330,13.79,14.17,2.62,1.45,0.15,73.84,-5.52,-3.78,290.72,35.15,88471.14,"87.48,42.06",2013-5-26,2.62,1.8125,14.17,3.75,36.92,19.7,36.92
33340,80.15,80.68,3.87,2.05,0.14,71.97,5.84,-9.86,288.34,35.82,89294.77,"89.27,42.27",2013-5-26,3.87,2.5625,65.34,3.5000000000000004,35.985,106.4375,106.4375
33350,35.05,35.26,1.31,0.41,0.15,74.22,-5.11,-3.19,291.0,29.81,91608.48,"91.07,42.45",2013-5-26,1.31,0.5125,35.26,3.75,37.11,50.0625,50.0625
33360,21.14,21.36,1.35,0.75,0.14,69.29,1.36,-2.22,296.65,19.86,96216.02,"92.87,42.62",2013-5-26,1.35,0.9375,21.36,3.5000000000000004,34.645,30.200000000000003,34.645
33370,15.49,15.67,0.95,0.56,0.13,66.61,3.81,0.22,285.88,36.73,82529.33,"94.68,42.76",2013-5-26,0.95,0.7000000000000001,15.67,3.25,33.305,22.12857142857143,33.305
33380,81.92,83.97,16.32,4.82,0.24,81.73,5.68,4.19,297.73,29.55,88438.14,"110.76,43.01",2013-5-26,16.32,6.025,66.985,6.0,40.865,108.65,108.65
33390,71.87,74.84,17.59,3.89,0.27,88.26,5.19,5.73,297.05,32.28,88212.14,"112.59,42.93",2013-5-26,17.59,4.8625,62.42,6.75,44.13,96.0875,96.0875
33400,65.1,70.31,27.03,6.39,0.42,97.39,3.0,8.46,295.48,42.26,88233.52,"114.41,42.82",2013-5-26,27.03,7.9875,60.155,10.5,48.695,87.625,87.625
33410,57.94,64.74,19.34,7.61,0.46,97.9,1.77,8.58,291.06,52.85,85707.73,"116.22,42.69",2013-5-26,19.34,9.512500000000001,57.37,11.5,48.95,78.675,78.675
33420,50.7,63.26,16.95,5.94,0.56,101.66,5.64,6.7,288.99,59.26,85375.26,"118.03,42.54",2013-5-26,16.95,7.425000000000001,56.629999999999995,14.000000000000002,51.38333333333333,69.625,69.625
33430,49.62,58.89,15.32,6.74,0.43,85.6,2.31,9.73,293.47,55.3,93612.5,"119.83,42.36",2013-5-26,15.32,8.425,54.445,10.75,42.8,68.275,68.275
33440,70.59,86.92,21.25,13.53,0.35,89.32,1.69,9.08,291.32,72.81,97693.19,"121.62,42.16",2013-5-26,21.25,16.912499999999998,68.46000000000001,8.75,44.66,94.48750000000001,94.48750000000001
33450,76.94,159.49,57.5,35.96,1.02,124.29,-0.07,7.5,294.82,54.43,100681.59,"123.41,41.94",2013-5-26,53.75,44.95,104.745,25.5,70.24166666666667,102.425,104.745
33460,59.04,71.15,8.58,4.16,0.36,99.99,-0.75,5.9,291.44,64.81,95847.84,"125.18,41.7",2013-5-26,8.58,5.2,60.575,9.0,49.995,80.05,80.05
33470,1.19,1.4,0.44,0.51,0.15,86.54,0.98,-3.76,277.81,64.32,71116.09,"74.23,39.88",2013-5-26,0.44,0.6375,1.4,3.75,43.27,1.7,43.27
33480,2.11,2.27,0.62,0.4,0.15,82.66,-0.04,-1.34,276.25,77.61,68578.07,"75.93,40.26",2013-5-26,0.62,0.5,2.27,3.75,41.33,3.0142857142857142,41.33
33490,8.21,8.34,0.52,0.37,0.14,73.58,2.86,0.41,278.72,75.14,71261.11,"77.64,40.61",2013-5-26,0.52,0.4625,8.34,3.5000000000000004,36.79,11.72857142857143,36.79
33500,9.81,9.99,0.89,0.53,0.15,71.25,-0.02,0.57,281.9,68.56,75825.21,"79.36,40.94",2013-5-26,0.89,0.6625000000000001,9.99,3.75,35.625,14.014285714285716,35.625
33510,20.62,20.79,1.05,0.51,0.15,71.92,-3.3,-3.36,293.27,35.02,88849.15,"81.1,41.25",2013-5-26,1.05,0.6375,20.79,3.75,35.96,29.45714285714286,35.96
33520,20.48,20.96,4.25,2.58,0.15,75.56,-2.86,-4.74,294.48,29.52,89808.01,"82.85,41.54",2013-5-26,4.25,3.225,20.96,3.75,37.78,29.25714285714286,37.78
33530,18.33,18.45,0.87,0.36,0.14,81.54,-1.92,-5.65,294.76,26.52,90476.02,"84.61,41.81",2013-5-26,0.87,0.44999999999999996,18.45,3.5000000000000004,40.77,26.185714285714283,40.77
33540,11.73,12.17,2.51,2.05,0.15,76.67,-0.78,-2.06,292.14,31.81,89121.91,"86.38,42.05",2013-5-26,2.51,2.5625,12.17,3.75,38.335,16.75714285714286,38.335
33550,25.57,26.22,3.23,2.35,0.15,74.79,-4.76,-10.54,288.77,37.85,88345.22,"88.17,42.28",2013-5-26,3.23,2.9375,26.22,3.75,37.395,36.52857142857143,37.395
33560,61.19,61.64,2.8,1.46,0.14,71.36,4.96,-0.32,295.95,24.08,98711.26,"89.96,42.48",2013-5-26,2.8,1.825,55.82,3.5000000000000004,35.68,82.7375,82.7375
33570,111.44,111.64,1.39,0.43,0.15,78.22,-2.96,-14.66,292.91,27.62,95549.38,"91.77,42.65",2013-5-26,1.39,0.5375,80.82,3.75,39.11,145.55,145.55
33580,14.27,14.84,4.17,2.94,0.15,66.61,0.05,-1.3,293.71,24.03,92044.24,"93.58,42.81",2013-5-26,4.17,3.675,14.84,3.75,33.305,20.385714285714286,33.305
33590,20.84,20.97,0.89,0.32,0.14,70.17,2.24,-9.27,282.76,40.58,83621.09,"95.39,42.94",2013-5-26,0.89,0.4,20.97,3.5000000000000004,35.085,29.771428571428572,35.085
33600,101.14,103.4,15.07,3.17,0.24,86.8,6.32,5.62,297.7,29.54,88467.2,"111.87,43.1",2013-5-26,15.07,3.9625,76.7,6.0,43.4,132.675,132.675
33610,58.02,62.32,23.56,4.39,0.34,94.82,3.9,7.51,296.97,35.41,88808.77,"113.7,43.0",2013-5-26,23.56,5.4875,56.16,8.5,47.41,78.775,78.775
33620,63.41,68.52,21.08,6.24,0.42,99.81,2.62,9.01,292.95,46.3,86452.32,"115.52,42.88",2013-5-26,21.08,7.800000000000001,59.26,10.5,49.905,85.51249999999999,85.51249999999999
33630,57.11,61.68,17.6,6.36,0.4,93.47,3.35,9.53,288.09,59.98,83689.41,"117.33,42.73",2013-5-26,17.6,7.95,55.84,10.0,46.735,77.6375,77.6375
33640,50.74,54.79,19.86,8.35,0.38,86.68,3.05,8.86,294.53,47.3,92752.06,"119.14,42.57",2013-5-26,19.86,10.4375,52.394999999999996,9.5,43.34,69.67500000000001,69.67500000000001
33650,64.13,68.88,15.53,7.46,0.32,80.4,-0.76,9.71,292.19,67.82,96770.55,"120.94,42.38",2013-5-26,15.53,9.325,59.44,8.0,40.2,86.4125,86.4125
33660,69.34,114.52,22.73,12.25,0.55,105.32,1.59,8.41,294.71,57.87,100689.35,"122.72,42.17",2013-5-26,22.73,15.3125,82.25999999999999,13.750000000000002,54.43333333333333,92.92500000000001,92.92500000000001
33670,54.76,81.26,9.3,3.93,0.41,112.16,0.19,7.02,293.27,58.68,98030.53,"124.5,41.93",2013-5-26,9.3,4.9125000000000005,65.63,10.25,60.13333333333333,74.69999999999999,74.69999999999999
33680,58.08,61.15,8.33,3.07,0.31,91.9,2.12,6.81,291.06,58.55,93329.82,"126.27,41.68",2013-5-26,8.33,3.8375,55.575,7.75,45.95,78.85,78.85
33690,1.34,1.54,0.38,0.4,0.15,90.68,0.18,-4.97,271.04,92.7,65011.61,"74.52,40.09",2013-5-26,0.38,0.5,1.54,3.75,45.34,1.9142857142857144,45.34
33700,4.01,4.15,0.5,0.29,0.15,79.43,3.13,-0.45,273.19,92.58,65991.22,"77.08,40.64",2013-5-26,0.5,0.3625,4.15,3.75,39.715,5.728571428571429,39.715
33710,9.23,9.41,0.89,0.52,0.15,71.77,0.19,0.85,282.64,63.72,77066.73,"78.8,40.98",2013-5-26,0.89,0.65,9.41,3.75,35.885,13.185714285714287,35.885
33720,18.78,19.03,1.36,1.09,0.15,73.23,-1.58,-3.31,291.53,42.76,87777.97,"80.53,41.29",2013-5-26,1.36,1.3625,19.03,3.75,36.615,26.82857142857143,36.615
33730,17.04,17.18,1.06,0.54,0.15,76.33,-3.88,-7.0,293.39,31.82,89211.99,"82.28,41.59",2013-5-26,1.06,0.675,17.18,3.75,38.165,24.34285714285714,38.165
33740,13.38,13.52,1.07,0.41,0.15,79.1,-1.24,-7.49,293.54,28.85,89020.01,"84.04,41.86",2013-5-26,1.07,0.5125,13.52,3.75,39.55,19.114285714285717,39.55
33750,10.25,10.41,0.93,0.44,0.14,75.2,-0.21,-2.12,281.52,58.42,76971.33,"85.82,42.11",2013-5-26,0.93,0.55,10.41,3.5000000000000004,37.6,14.642857142857142,37.6
33760,10.64,11.26,2.18,1.55,0.15,73.29,-3.69,-2.38,285.78,46.37,83330.34,"87.6,42.34",2013-5-26,2.18,1.9375,11.26,3.75,36.645,15.200000000000001,36.645
33770,83.79,84.47,3.59,2.45,0.14,70.26,9.73,-4.1,297.46,22.13,100752.58,"89.4,42.55",2013-5-26,3.59,3.0625,67.235,3.5000000000000004,35.13,110.98750000000001,110.98750000000001
33780,37.4,37.61,1.35,0.47,0.15,76.47,-2.33,-6.11,296.41,22.23,98062.16,"91.2,42.74",2013-5-26,1.35,0.5874999999999999,37.61,3.75,38.235,53.0,53.0
33790,15.13,15.39,1.66,1.17,0.14,71.2,-0.59,-2.28,294.46,20.78,92997.41,"93.01,42.9",2013-5-26,1.66,1.4625,15.39,3.5000000000000004,35.6,21.614285714285717,35.6
33800,18.74,18.9,0.9,0.43,0.13,65.85,1.33,-5.01,278.2,51.28,75363.07,"94.83,43.04",2013-5-26,0.9,0.5375,18.9,3.25,32.925,26.77142857142857,32.925
33810,105.59,107.68,14.23,3.09,0.23,84.9,6.68,5.03,298.05,28.43,88814.2,"111.52,43.25",2013-5-26,14.23,3.8625,78.84,5.75,42.45,138.2375,138.2375
33820,59.63,63.22,19.21,3.31,0.3,91.4,3.95,6.9,297.2,32.82,88906.77,"113.35,43.15",2013-5-26,19.21,4.1375,56.61,7.5,45.7,80.7875,80.7875
33830,66.68,71.69,23.09,6.2,0.42,100.23,3.17,9.22,294.13,43.56,87101.32,"115.17,43.04",2013-5-26,23.09,7.75,60.845,10.5,50.19166666666667,89.60000000000001,89.60000000000001
33840,56.1,60.72,18.01,6.27,0.4,95.26,2.61,9.83,290.63,53.57,86060.93,"116.99,42.9",2013-5-26,18.01,7.8374999999999995,55.36,10.0,47.63,76.375,76.375
33850,48.58,52.14,17.09,6.24,0.38,92.52,5.21,8.57,294.71,41.81,91157.66,"118.8,42.74",2013-5-26,17.09,7.800000000000001,51.07,9.5,46.26,66.975,66.975
33860,53.62,57.72,14.71,6.9,0.34,79.9,-0.14,9.68,294.03,55.3,95820.66,"120.6,42.55",2013-5-26,14.71,8.625,53.86,8.5,39.95,73.275,73.275
33870,67.27,98.07,17.99,9.47,0.42,106.12,1.29,9.14,293.93,61.24,100217.62,"122.4,42.34",2013-5-26,17.99,11.8375,74.035,10.5,55.1,90.33749999999999,90.33749999999999
33880,56.27,94.11,13.85,8.56,0.51,115.62,0.38,7.68,292.83,61.81,98056.29,"124.18,42.11",2013-5-26,13.85,10.700000000000001,72.055,12.75,63.01666666666667,76.5875,76.5875
33890,63.1,67.22,11.59,7.69,0.33,86.12,1.48,7.02,290.91,65.88,95129.52,"125.96,41.86",2013-5-26,11.59,9.6125,58.61,8.25,43.06,85.125,85.125
33900,50.83,54.53,6.92,2.77,0.29,89.96,3.31,1.04,288.61,60.31,88451.42,"127.89,41.56",2013-5-26,6.92,3.4625,52.265,7.249999999999999,44.98,69.7875,69.7875
33910,1.96,2.13,0.52,0.33,0.15,80.57,3.31,-1.84,272.03,94.14,65262.71,"76.86,40.73",2013-5-26,0.52,0.41250000000000003,2.13,3.75,40.285,2.8,40.285
33920,7.02,7.2,0.91,0.47,0.15,73.32,-1.07,-1.05,282.07,65.64,76652.61,"78.58,41.07",2013-5-26,0.91,0.5874999999999999,7.2,3.75,36.66,10.028571428571428,36.66
33930,16.28,16.53,1.18,1.01,0.15,73.44,-0.17,-3.6,290.11,46.31,86392.15,"80.32,41.39",2013-5-26,1.18,1.2625,16.53,3.75,36.72,23.25714285714286,36.72
33940,13.1,13.25,1.19,0.55,0.15,77.02,-2.9,-5.32,292.16,33.89,87752.89,"82.07,41.69",2013-5-26,1.19,0.6875,13.25,3.75,38.51,18.714285714285715,38.51
33950,9.57,9.68,0.96,0.29,0.15,79.47,-1.47,-7.62,289.98,35.05,85238.98,"83.83,41.97",2013-5-26,0.96,0.3625,9.68,3.75,39.735,13.671428571428573,39.735
33960,7.54,7.66,0.76,0.28,0.14,77.85,0.3,-1.45,281.32,55.88,76406.51,"85.61,42.22",2013-5-26,0.76,0.35000000000000003,7.66,3.5000000000000004,38.925,10.771428571428572,38.925
33970,8.58,9.05,1.5,1.11,0.15,74.05,-0.69,0.83,280.39,60.96,76339.47,"87.39,42.45",2013-5-26,1.5,1.3875000000000002,9.05,3.75,37.025,12.257142857142858,37.025
33980,90.8,91.54,3.5,2.67,0.14,70.54,8.34,-5.83,298.68,20.6,102123.02,"89.19,42.66",2013-5-26,3.5,3.3375,70.77000000000001,3.5000000000000004,35.27,119.75,119.75
33990,23.95,24.19,1.53,0.58,0.15,75.33,0.39,-4.14,296.65,21.5,97857.64,"91.0,42.85",2013-5-26,1.53,0.725,24.19,3.75,37.665,34.214285714285715,37.665
34000,20.67,20.81,0.94,0.44,0.14,77.97,-1.86,-6.43,293.68,19.55,92334.51,"92.81,43.02",2013-5-26,0.94,0.55,20.81,3.5000000000000004,38.985,29.528571428571432,38.985
34010,18.08,18.25,0.93,0.45,0.14,67.72,1.52,-5.22,276.88,53.25,74293.35,"94.63,43.16",2013-5-26,0.93,0.5625,18.25,3.5000000000000004,33.86,25.828571428571426,33.86
34020,110.3,112.41,14.05,2.85,0.23,85.94,6.3,4.94,298.17,28.39,89180.73,"111.9,43.36",2013-5-26,14.05,3.5625,81.205,5.75,42.97,144.125,144.125
34030,58.43,62.32,21.25,3.66,0.32,93.84,3.87,7.08,297.12,33.74,88953.15,"113.73,43.26",2013-5-26,21.25,4.575,56.16,8.0,46.92,79.2875,79.2875
34040,64.27,69.11,21.03,5.51,0.41,100.83,3.01,9.15,293.76,43.36,86822.04,"115.55,43.14",2013-5-26,21.03,6.887499999999999,59.555,10.25,50.69166666666666,86.58749999999999,86.58749999999999
34050,53.48,57.62,17.09,5.65,0.39,96.32,4.31,9.26,291.8,47.5,86854.05,"117.37,43.0",2013-5-26,17.09,7.0625,53.81,9.75,48.16,73.1,73.1
34060,48.19,51.75,18.0,6.93,0.37,89.47,2.77,9.55,295.32,43.08,92658.25,"119.19,42.83",2013-5-26,18.0,8.6625,50.875,9.25,44.735,66.4875,66.4875
34070,60.32,64.39,14.91,6.38,0.32,82.42,0.01,11.3,292.44,64.61,96008.2,"120.99,42.64",2013-5-26,14.91,7.975,57.195,8.0,41.21,81.65,81.65
34080,66.96,106.08,19.41,10.09,0.49,108.1,1.75,8.97,294.45,58.8,100038.93,"122.79,42.43",2013-5-26,19.41,12.6125,78.03999999999999,12.25,56.74999999999999,89.94999999999999,89.94999999999999
34090,55.18,77.69,8.33,3.79,0.38,107.81,0.7,7.98,292.43,61.1,96908.06,"124.57,42.2",2013-5-26,8.33,4.7375,63.845,9.5,56.50833333333333,75.225,75.225
34100,58.3,62.57,8.88,4.09,0.32,91.44,2.7,5.7,290.79,62.56,93748.41,"126.34,41.94",2013-5-26,8.88,5.1125,56.285,8.0,45.72,79.125,79.125
34110,51.01,54.77,6.93,3.24,0.3,88.74,3.7,2.4,288.27,62.12,87843.3,"128.11,41.66",2013-5-26,6.93,4.050000000000001,52.385000000000005,7.5,44.37,70.01249999999999,70.01249999999999
34120,3.68,3.8,0.53,0.28,0.14,76.82,4.39,-0.02,270.22,91.1,61730.36,"77.85,41.07",2013-5-26,0.53,0.35000000000000003,3.8,3.5000000000000004,38.41,5.257142857142857,38.41
34130,7.65,7.88,0.88,0.67,0.15,76.75,0.49,-3.03,288.9,52.56,86760.35,"79.58,41.4",2013-5-26,0.88,0.8375,7.88,3.75,38.375,10.928571428571429,38.375
34140,17.09,17.27,1.13,0.63,0.15,71.36,-2.15,-3.97,289.11,42.57,84724.41,"81.33,41.71",2013-5-26,1.13,0.7875,17.27,3.75,35.68,24.414285714285715,35.68
34150,11.73,11.85,0.95,0.37,0.15,78.66,-3.14,-7.25,288.43,39.84,83941.31,"83.09,41.99",2013-5-26,0.95,0.4625,11.85,3.75,39.33,16.75714285714286,39.33
34160,3.76,3.85,0.7,0.27,0.14,86.58,-0.54,-9.98,277.52,58.78,72454.25,"84.86,42.25",2013-5-26,0.7,0.3375,3.85,3.5000000000000004,43.29,5.371428571428571,43.29
34170,7.0,7.19,0.97,0.7,0.14,79.65,2.38,-1.79,279.76,55.98,74257.43,"86.65,42.5",2013-5-26,0.97,0.875,7.19,3.5000000000000004,39.825,10.0,39.825
34180,125.49,126.6,3.34,3.36,0.15,75.28,3.43,-11.8,294.82,27.57,98462.68,"88.44,42.71",2013-5-26,3.34,4.2,88.3,3.75,37.64,164.98571428571427,164.98571428571427
34190,27.42,28.08,4.52,2.57,0.15,71.41,1.61,2.07,294.06,27.13,95478.28,"90.25,42.91",2013-5-26,4.52,3.2125,28.08,3.75,35.705,39.17142857142858,39.17142857142858
34200,38.95,39.12,1.24,0.37,0.14,76.51,0.87,-15.4,292.54,25.18,94340.39,"92.06,43.08",2013-5-26,1.24,0.4625,39.12,3.5000000000000004,38.255,54.9375,54.9375
34210,8.64,8.81,0.98,0.59,0.14,71.86,1.95,-4.32,276.83,50.68,73950.9,"93.88,43.24",2013-5-26,0.98,0.7374999999999999,8.81,3.5000000000000004,35.93,12.342857142857143,35.93
34220,24.53,24.67,0.91,0.33,0.14,71.95,6.67,-5.96,291.66,25.06,94583.8,"95.71,43.36",2013-5-26,0.91,0.41250000000000003,24.67,3.5000000000000004,35.975,35.042857142857144,35.975
34230,67.08,70.3,17.25,2.91,0.28,89.52,3.79,6.46,296.79,32.31,88594.93,"113.38,43.42",2013-5-26,17.25,3.6375,60.15,7.000000000000001,44.76,90.1,90.1
34240,65.7,70.41,22.85,5.37,0.41,100.9,3.37,9.31,294.87,41.93,87794.48,"115.21,43.3",2013-5-26,22.85,6.7125,60.205,10.25,50.75000000000001,88.375,88.375
34250,54.47,58.84,17.45,5.64,0.39,97.23,3.25,9.06,291.44,49.84,86292.57,"117.03,43.16",2013-5-26,17.45,7.05,54.42,9.75,48.615,74.3375,74.3375
34260,45.78,49.01,15.42,5.43,0.37,92.52,3.43,7.87,296.33,36.46,92180.45,"118.85,43.0",2013-5-26,15.42,6.7875,49.01,9.25,46.26,63.475,63.475
34270,50.15,53.95,14.78,6.47,0.33,81.85,0.18,10.27,295.1,51.14,96509.59,"120.66,42.82",2013-5-26,14.78,8.0875,51.975,8.25,40.925,68.9375,68.9375
34280,64.95,89.34,16.02,8.0,0.38,103.76,1.12,9.52,293.62,62.28,99252.02,"122.46,42.61",2013-5-26,16.02,10.0,69.67,9.5,53.13333333333334,87.4375,87.4375
34290,55.41,85.24,12.83,8.04,0.45,115.8,0.72,7.65,293.85,58.52,98898.86,"124.25,42.38",2013-5-26,12.83,10.049999999999999,67.62,11.25,63.166666666666664,75.51249999999999,75.51249999999999
34300,58.82,64.31,10.46,6.37,0.33,92.6,0.89,8.44,291.3,63.04,94676.02,"126.03,42.13",2013-5-26,10.46,7.9625,57.155,8.25,46.3,79.775,79.775
34310,50.86,54.57,6.39,2.56,0.28,87.64,2.17,4.96,288.36,63.42,88323.12,"127.79,41.85",2013-5-26,6.39,3.2,52.285,7.000000000000001,43.82,69.825,69.825
34320,4.32,4.53,0.97,0.45,0.15,76.94,-0.55,-1.44,273.02,87.27,66157.91,"78.67,41.37",2013-5-26,0.97,0.5625,4.53,3.75,38.47,6.171428571428572,38.47
34330,13.26,13.45,0.76,0.76,0.14,76.52,0.67,-1.29,281.7,67.77,76977.11,"80.41,41.69",2013-5-26,0.76,0.95,13.45,3.5000000000000004,38.26,18.942857142857143,38.26
34340,4.15,4.29,1.07,0.42,0.15,78.17,-2.4,-6.57,287.85,40.03,83474.64,"82.17,41.98",2013-5-26,1.07,0.525,4.29,3.75,39.085,5.928571428571429,39.085
34350,3.13,3.23,0.93,0.24,0.15,84.12,-2.4,-9.94,278.54,57.36,73888.49,"83.94,42.26",2013-5-26,0.93,0.3,3.23,3.75,42.06,4.4714285714285715,42.06
34360,2.85,2.94,0.64,0.22,0.14,86.3,2.32,-5.9,277.05,56.5,71323.78,"85.72,42.51",2013-5-26,0.64,0.275,2.94,3.5000000000000004,43.15,4.071428571428572,43.15
34370,6.01,6.36,1.0,0.67,0.14,76.4,2.43,-0.1,274.56,78.45,69456.01,"87.51,42.74",2013-5-26,1.0,0.8375,6.36,3.5000000000000004,38.2,8.585714285714285,38.2
34380,33.11,33.81,2.35,1.73,0.15,72.4,-0.54,-2.02,298.14,20.37,99793.91,"89.32,42.95",2013-5-26,2.35,2.1625,33.81,3.75,36.2,47.3,47.3
34390,27.45,27.66,1.5,0.53,0.15,79.13,1.69,-12.43,291.7,28.25,92632.96,"91.13,43.13",2013-5-26,1.5,0.6625000000000001,27.66,3.75,39.565,39.214285714285715,39.565
34400,10.03,10.17,0.89,0.32,0.14,79.12,-2.18,-10.62,283.69,31.27,80892.82,"92.95,43.3",2013-5-26,0.89,0.4,10.17,3.5000000000000004,39.56,14.328571428571427,39.56
34410,29.12,29.28,0.98,0.39,0.14,71.49,3.91,-7.93,284.77,36.67,86519.86,"94.78,43.44",2013-5-26,0.98,0.48750000000000004,29.28,3.5000000000000004,35.745,41.6,41.6
34420,108.88,111.17,13.82,2.65,0.24,86.16,5.33,5.03,297.61,28.61,88972.55,"112.65,43.59",2013-5-26,13.82,3.3125,80.58500000000001,6.0,43.08,142.35,142.35
34430,60.44,64.79,23.08,4.14,0.36,97.91,3.56,8.0,295.71,38.72,88021.53,"114.49,43.49",2013-5-26,23.08,5.175,57.395,9.0,48.955,81.8,81.8
34440,57.93,62.44,17.89,5.14,0.39,99.48,3.3,8.84,292.2,45.21,85596.78,"116.32,43.35",2013-5-26,17.89,6.425,56.22,9.75,49.74,78.6625,78.6625
34450,46.66,50.04,15.64,5.24,0.37,95.2,5.74,5.85,295.88,35.45,90660.94,"118.14,43.2",2013-5-26,15.64,6.550000000000001,50.019999999999996,9.25,47.6,64.57499999999999,64.57499999999999
34460,46.32,49.8,15.79,6.41,0.35,86.58,2.72,10.74,296.6,42.43,95724.02,"119.96,43.03",2013-5-26,15.79,8.0125,49.8,8.75,43.29,64.15,64.15
34470,60.43,71.05,17.65,8.91,0.32,89.69,0.21,10.34,293.65,61.2,97729.11,"121.77,42.83",2013-5-26,17.65,11.1375,60.525,8.0,44.845,81.7875,81.7875
34480,67.16,128.17,35.49,26.49,0.75,118.42,1.09,9.33,294.98,54.33,99829.6,"123.56,42.6",2013-5-26,35.49,33.1125,89.085,18.75,65.35,90.19999999999999,90.19999999999999
34490,54.95,67.43,7.53,3.87,0.35,96.39,2.09,7.71,293.04,58.72,96766.48,"125.35,42.36",2013-5-26,7.53,4.8375,58.715,8.75,48.195,74.9375,74.9375
34500,55.61,60.43,8.97,4.68,0.31,86.95,2.98,7.25,290.44,63.51,92813.33,"127.12,42.09",2013-5-26,8.97,5.85,55.215,7.75,43.475,75.7625,75.7625
34510,3.19,3.4,1.12,0.34,0.15,80.22,-1.68,-2.36,272.99,86.28,66264.9,"78.97,41.56",2013-5-26,1.12,0.42500000000000004,3.4,3.75,40.11,4.557142857142857,40.11
34520,6.5,6.7,1.06,0.51,0.15,76.57,1.19,-2.43,272.85,89.5,66857.94,"80.72,41.88",2013-5-26,1.06,0.6375,6.7,3.75,38.285,9.285714285714286,38.285
34530,3.32,3.45,1.04,0.37,0.15,80.27,-2.18,-6.32,285.6,43.78,81492.77,"82.48,42.17",2013-5-26,1.04,0.4625,3.45,3.75,40.135,4.742857142857143,40.135
34540,2.46,2.52,0.88,0.24,0.14,85.75,0.3,-6.9,269.94,88.77,66830.37,"84.26,42.44",2013-5-26,0.88,0.3,2.52,3.5000000000000004,42.875,3.5142857142857142,42.875
34550,2.38,2.47,0.61,0.24,0.14,86.38,5.41,-5.3,275.99,57.34,71328.77,"86.05,42.69",2013-5-26,0.61,0.3,2.47,3.5000000000000004,43.19,3.4,43.19
34560,9.79,11.21,2.46,3.19,0.16,77.17,3.19,-12.78,287.39,39.75,87366.32,"87.84,42.92",2013-5-26,2.46,3.9875,11.21,4.0,38.585,13.985714285714284,38.585
34570,11.1,11.52,1.8,0.83,0.14,76.93,0.51,-0.05,290.35,29.1,89676.21,"89.65,43.12",2013-5-26,1.8,1.0374999999999999,11.52,3.5000000000000004,38.465,15.857142857142858,38.465
34580,17.61,17.82,1.51,0.55,0.15,77.48,1.86,-15.8,286.36,41.12,88734.21,"91.47,43.3",2013-5-26,1.51,0.6875,17.82,3.75,38.74,25.15714285714286,38.74
34590,7.35,7.52,1.2,0.69,0.14,76.14,4.6,-4.94,272.82,60.82,70282.4,"93.29,43.46",2013-5-26,1.2,0.8624999999999999,7.52,3.5000000000000004,38.07,10.5,38.07
34600,21.77,21.93,0.98,0.36,0.14,74.0,9.04,-6.74,291.06,26.38,94331.83,"95.13,43.59",2013-5-26,0.98,0.44999999999999996,21.93,3.5000000000000004,37.0,31.1,37.0
34610,86.28,88.96,14.72,2.56,0.25,87.53,3.72,6.33,297.19,29.8,89023.03,"113.22,43.7",2013-5-26,14.72,3.2,69.47999999999999,6.25,43.765,114.1,114.1
34620,61.84,66.36,22.59,4.38,0.39,99.93,3.53,8.01,295.58,40.12,88493.69,"115.06,43.58",2013-5-26,22.59,5.475,58.18,9.75,49.965,83.55000000000001,83.55000000000001
34630,54.21,58.58,17.12,5.23,0.39,98.53,2.72,8.6,292.29,47.54,86701.95,"116.89,43.44",2013-5-26,17.12,6.5375000000000005,54.29,9.75,49.265,74.0125,74.0125
34640,44.13,47.21,14.32,4.76,0.36,93.22,2.77,5.89,297.5,33.68,93101.48,"118.71,43.28",2013-5-26,14.32,5.949999999999999,47.21,9.0,46.61,61.4125,61.4125
34650,46.3,49.8,14.73,5.82,0.33,84.4,1.14,10.65,296.5,44.55,96702.85,"120.53,43.1",2013-5-26,14.73,7.275,49.8,8.25,42.2,64.125,64.125
34660,61.44,76.06,14.49,6.5,0.33,97.28,0.85,11.16,293.26,63.52,98030.47,"122.34,42.89",2013-5-26,14.49,8.125,63.03,8.25,48.64,83.05,83.05
34670,59.12,97.35,22.74,17.7,0.52,107.29,1.35,8.94,294.46,56.33,99626.05,"124.13,42.67",2013-5-26,22.74,22.125,73.675,13.0,56.075,80.15,80.15
34680,56.69,66.76,8.63,4.72,0.35,93.89,1.73,7.77,293.75,56.48,97306.22,"125.92,42.41",2013-5-26,8.63,5.8999999999999995,58.38,8.75,46.945,77.1125,77.1125
34690,51.65,55.59,6.89,3.51,0.29,84.75,1.89,5.97,290.56,60.79,91872.32,"127.69,42.14",2013-5-26,6.89,4.387499999999999,52.795,7.249999999999999,42.375,70.8125,70.8125
34700,3.56,3.73,0.63,0.42,0.12,76.83,4.13,0.91,266.23,96.48,56815.22,"80.15,41.92",2013-5-26,0.63,0.525,3.73,3.0,38.415,5.085714285714286,38.415
34710,3.14,3.25,1.14,0.4,0.15,80.5,-1.09,-6.47,273.36,78.1,67898.41,"81.91,42.22",2013-5-26,1.14,0.5,3.25,3.75,40.25,4.485714285714286,40.25
34720,3.12,3.26,1.02,0.35,0.14,78.85,-2.2,-6.45,268.89,93.7,65845.96,"83.69,42.49",2013-5-26,1.02,0.4375,3.26,3.5000000000000004,39.425,4.457142857142857,39.425
34730,2.25,2.31,0.69,0.25,0.14,87.46,3.36,-4.72,272.0,72.91,68653.28,"85.48,42.75",2013-5-26,0.69,0.3125,2.31,3.5000000000000004,43.73,3.2142857142857144,43.73
34740,6.61,7.17,1.31,0.93,0.15,78.19,3.44,-4.42,274.39,70.72,69880.02,"87.27,42.98",2013-5-26,1.31,1.1625,7.17,3.75,39.095,9.442857142857143,39.095
34750,22.96,23.61,2.02,1.59,0.14,71.76,2.65,-3.29,289.21,29.78,87490.8,"89.08,43.19",2013-5-26,2.02,1.9875,23.61,3.5000000000000004,35.88,32.800000000000004,35.88
34760,9.22,9.41,1.52,0.59,0.15,77.58,4.94,-13.94,282.75,45.84,82852.45,"90.9,43.38",2013-5-26,1.52,0.7374999999999999,9.41,3.75,38.79,13.171428571428573,38.79
34770,11.72,11.92,1.11,0.58,0.15,68.74,-0.89,-5.39,278.03,56.46,79560.48,"92.72,43.55",2013-5-26,1.11,0.725,11.92,3.75,34.37,16.742857142857144,34.37
34780,22.63,22.8,1.04,0.33,0.14,73.72,6.33,-8.41,288.78,29.98,92047.72,"94.56,43.69",2013-5-26,1.04,0.41250000000000003,22.8,3.5000000000000004,36.86,32.32857142857143,36.86
34790,117.2,119.29,12.57,2.32,0.23,85.34,5.72,5.09,298.25,26.77,89642.05,"112.68,43.86",2013-5-26,12.57,2.9,84.64500000000001,5.75,42.67,153.14285714285714,153.14285714285714
34800,59.13,63.04,21.21,3.46,0.34,96.42,3.5,7.83,296.12,36.77,88493.94,"114.52,43.75",2013-5-26,21.21,4.325,56.519999999999996,8.5,48.21,80.1625,80.1625
34810,57.2,61.39,17.7,4.39,0.38,100.6,3.64,9.34,294.53,37.84,87294.53,"116.36,43.62",2013-5-26,17.7,5.4875,55.695,9.5,50.49999999999999,77.75,77.75
34820,45.67,48.94,15.13,4.61,0.36,97.39,6.05,6.79,296.17,34.22,90489.71,"118.19,43.47",2013-5-26,15.13,5.7625,48.94,9.0,48.695,63.337500000000006,63.337500000000006
34830,44.8,47.87,15.08,5.77,0.34,87.52,2.33,10.57,297.46,39.32,96023.42,"120.01,43.29",2013-5-26,15.08,7.2124999999999995,47.87,8.5,43.76,62.25,62.25
34840,57.0,65.14,16.53,7.63,0.31,89.02,0.39,11.35,294.36,57.76,97883.28,"121.82,43.09",2013-5-26,16.53,9.5375,57.57,7.75,44.51,77.5,77.5
34850,63.64,107.3,28.24,21.03,0.64,108.65,1.29,9.57,295.6,52.66,100088.98,"123.63,42.87",2013-5-26,28.24,26.2875,78.65,16.0,57.208333333333336,85.8,85.8
34860,53.44,69.17,7.3,4.07,0.36,96.85,2.16,7.66,293.39,57.7,97091.39,"125.42,42.62",2013-5-26,7.3,5.0875,59.585,9.0,48.425,73.05,73.05
34870,54.82,58.37,9.98,5.31,0.31,89.44,1.95,6.32,292.68,56.22,94750.62,"127.2,42.36",2013-5-26,9.98,6.637499999999999,54.185,7.75,44.72,74.775,74.775
34880,2.78,2.96,0.74,0.38,0.09,69.51,0.9,0.74,266.11,92.67,57512.16,"79.94,42.02",2013-5-26,0.74,0.475,2.96,2.25,34.755,3.971428571428571,34.755
34890,3.45,3.6,1.18,0.49,0.15,79.88,-2.35,-7.1,269.37,90.72,64784.29,"81.7,42.32",2013-5-26,1.18,0.6125,3.6,3.75,39.94,4.928571428571429,39.94
34900,3.03,3.15,1.16,0.45,0.15,82.63,-2.41,-3.61,269.9,93.27,67156.93,"83.47,42.6",2013-5-26,1.16,0.5625,3.15,3.75,41.315,4.328571428571428,41.315
34910,2.87,2.99,0.77,0.33,0.14,83.86,3.33,-3.64,274.86,66.05,72214.34,"85.26,42.86",2013-5-26,0.77,0.41250000000000003,2.99,3.5000000000000004,41.93,4.1000000000000005,41.93
34920,6.53,7.04,1.46,1.04,0.15,78.9,2.16,-4.51,269.24,93.54,65927.17,"87.06,43.09",2013-5-26,1.46,1.3,7.04,3.75,39.45,9.32857142857143,39.45
34930,14.94,15.82,2.13,2.24,0.14,70.8,5.68,-7.05,284.86,37.62,83440.7,"88.87,43.3",2013-5-26,2.13,2.8000000000000003,15.82,3.5000000000000004,35.4,21.34285714285714,35.4
34940,8.59,8.76,1.52,0.71,0.15,75.36,6.53,-10.28,273.8,77.8,74449.62,"90.69,43.5",2013-5-26,1.52,0.8875,8.76,3.75,37.68,12.271428571428572,37.68
34950,12.61,12.82,1.23,0.57,0.14,69.01,2.53,-5.33,278.69,56.7,80557.16,"92.52,43.66",2013-5-26,1.23,0.7124999999999999,12.82,3.5000000000000004,34.505,18.014285714285712,34.505
34960,23.04,23.21,1.07,0.34,0.14,74.07,6.83,-9.57,290.13,28.05,93594.48,"94.36,43.81",2013-5-26,1.07,0.42500000000000004,23.21,3.5000000000000004,37.035,32.91428571428571,37.035
34970,121.59,123.5,11.7,2.18,0.22,84.12,6.08,5.15,297.02,28.35,88410.26,"112.33,44.01",2013-5-26,11.7,2.725,86.75,5.5,42.06,159.4142857142857,159.4142857142857
34980,63.75,67.03,18.6,2.89,0.3,93.19,3.99,7.91,296.7,32.33,88602.38,"114.17,43.91",2013-5-26,18.6,3.6125000000000003,58.515,7.5,46.595,85.9375,85.9375
34990,60.05,64.25,19.4,4.22,0.38,101.69,4.64,8.96,295.22,37.96,87893.63,"116.01,43.78",2013-5-26,19.4,5.2749999999999995,57.125,9.5,51.40833333333333,81.3125,81.3125
35000,46.04,49.15,14.89,4.09,0.36,99.82,5.73,7.14,294.92,35.27,88376.75,"117.85,43.63",2013-5-26,14.89,5.1125,49.15,9.0,49.91,63.8,63.8
35010,43.81,46.88,14.47,5.31,0.34,89.43,1.6,9.47,297.93,37.18,95543.47,"119.67,43.46",2013-5-26,14.47,6.637499999999999,46.88,8.5,44.715,61.0125,61.0125
35020,51.21,55.6,14.43,5.63,0.31,86.83,0.8,10.85,295.43,52.03,97983.69,"121.49,43.26",2013-5-26,14.43,7.0375,52.8,7.75,43.415,70.2625,70.2625
35030,60.04,83.65,15.63,8.15,0.43,104.24,1.66,10.38,295.38,54.61,99676.83,"123.3,43.05",2013-5-26,15.63,10.1875,66.825,10.75,53.53333333333333,81.3,81.3
35040,52.23,71.75,8.59,6.29,0.37,100.28,3.17,8.12,293.71,56.74,97420.49,"125.1,42.81",2013-5-26,8.59,7.8625,60.875,9.25,50.233333333333334,71.5375,71.5375
35050,56.2,62.15,10.17,5.4,0.33,92.52,3.42,6.22,291.96,59.4,93841.23,"126.88,42.54",2013-5-26,10.17,6.75,56.075,8.25,46.26,76.5,76.5
35060,48.21,50.87,6.16,2.5,0.26,86.49,3.57,0.79,290.36,58.02,89897.94,"128.66,42.26",2013-5-26,6.16,3.125,50.435,6.5,43.245,66.5125,66.5125
35070,3.26,3.43,1.31,0.55,0.15,79.61,0.2,-6.82,267.88,92.12,63008.13,"81.3,42.39",2013-5-26,1.31,0.6875,3.43,3.75,39.805,4.657142857142857,39.805
35080,3.84,4.0,1.13,0.43,0.15,78.08,-0.07,-5.07,267.96,93.03,64519.76,"83.08,42.67",2013-5-26,1.13,0.5375,4.0,3.75,39.04,5.485714285714286,39.04
35090,3.0,3.13,0.88,0.4,0.14,85.74,4.21,-3.87,273.03,70.37,70316.16,"84.87,42.94",2013-5-26,0.88,0.5,3.13,3.5000000000000004,42.87,4.285714285714286,42.87
35100,7.41,7.94,1.47,1.01,0.15,78.46,-0.18,-2.63,269.06,94.44,65897.28,"86.67,43.18",2013-5-26,1.47,1.2625,7.94,3.75,39.23,10.585714285714285,39.23
35110,16.32,17.73,2.15,3.72,0.14,70.31,9.82,-4.67,284.3,41.27,85713.07,"88.48,43.4",2013-5-26,2.15,4.65,17.73,3.5000000000000004,35.155,23.314285714285717,35.155
35120,8.69,8.93,1.61,1.03,0.14,71.55,5.81,-4.27,273.43,82.92,75434.92,"90.3,43.59",2013-5-26,1.61,1.2875,8.93,3.5000000000000004,35.775,12.414285714285715,35.775
35130,12.8,13.01,1.36,0.48,0.14,71.34,4.25,-7.19,276.32,67.84,78515.3,"92.13,43.76",2013-5-26,1.36,0.6,13.01,3.5000000000000004,35.67,18.28571428571429,35.67
35140,16.6,16.76,1.12,0.39,0.14,73.71,9.2,-9.19,286.84,32.62,88650.88,"93.97,43.91",2013-5-26,1.12,0.48750000000000004,16.76,3.5000000000000004,36.855,23.714285714285715,36.855
35150,123.46,125.18,11.3,2.22,0.21,82.12,5.81,5.51,297.03,27.93,88499.77,"111.97,44.16",2013-5-26,11.3,2.7750000000000004,87.59,5.25,41.06,162.0857142857143,162.0857142857143
35160,80.45,83.22,15.64,2.49,0.26,89.28,4.59,7.38,296.95,30.07,88719.37,"113.82,44.06",2013-5-26,15.64,3.1125000000000003,66.61,6.5,44.64,106.8125,106.8125
35170,59.86,64.06,20.18,3.66,0.37,101.55,4.52,9.05,295.34,38.82,88108.68,"115.66,43.94",2013-5-26,20.18,4.575,57.03,9.25,51.291666666666664,81.075,81.075
35180,49.9,53.73,15.04,3.79,0.35,99.83,5.27,8.77,291.0,44.99,84368.43,"117.5,43.8",2013-5-26,15.04,4.7375,51.864999999999995,8.75,49.915,68.625,68.625
35190,42.27,45.16,13.1,4.18,0.34,91.9,2.87,7.72,296.94,35.31,92820.25,"119.33,43.63",2013-5-26,13.1,5.225,45.16,8.5,45.95,59.087500000000006,59.087500000000006
35200,47.95,51.03,13.85,5.06,0.32,85.62,0.81,10.69,296.36,47.02,97834.69,"121.16,43.44",2013-5-26,13.85,6.324999999999999,50.515,8.0,42.81,66.1875,66.1875
35210,59.15,72.89,13.97,5.56,0.35,98.18,1.6,10.75,294.76,57.23,99072.53,"122.97,43.22",2013-5-26,13.97,6.949999999999999,61.445,8.75,49.09,80.1875,80.1875
35220,51.86,72.08,8.68,5.41,0.37,104.93,2.64,8.8,292.91,60.84,97204.08,"124.77,42.99",2013-5-26,8.68,6.7625,61.04,9.25,54.10833333333334,71.075,71.075
35230,54.61,63.98,8.36,4.04,0.35,97.38,3.03,7.0,293.35,57.15,96371.84,"126.56,42.73",2013-5-26,8.36,5.05,56.989999999999995,8.75,48.69,74.5125,74.5125
35240,49.78,52.35,6.64,2.64,0.27,88.72,3.87,2.53,292.45,55.51,93277.58,"128.34,42.45",2013-5-26,6.64,3.3000000000000003,51.175,6.75,44.36,68.475,68.475
35250,3.06,3.2,1.4,0.72,0.15,80.75,1.0,-4.39,268.34,94.94,64335.21,"81.26,42.52",2013-5-26,1.4,0.8999999999999999,3.2,3.75,40.375,4.371428571428572,40.375
35260,4.25,4.42,1.16,0.44,0.15,83.46,0.48,-3.45,270.46,87.97,67934.86,"83.04,42.81",2013-5-26,1.16,0.55,4.42,3.75,41.73,6.071428571428571,41.73
35270,3.4,3.54,0.93,0.5,0.14,84.78,5.22,-3.53,275.05,68.18,73961.96,"84.84,43.07",2013-5-26,0.93,0.625,3.54,3.5000000000000004,42.39,4.857142857142857,42.39
35280,10.49,11.25,1.84,1.18,0.15,78.74,-1.7,-2.71,270.77,97.99,70427.52,"86.64,43.31",2013-5-26,1.84,1.4749999999999999,11.25,3.75,39.37,14.985714285714286,39.37
35290,7.67,8.57,1.45,2.19,0.12,65.06,4.89,-2.07,283.0,40.11,82242.23,"88.45,43.53",2013-5-26,1.45,2.7375,8.57,3.0,32.53,10.957142857142857,32.53
35300,10.55,10.88,1.83,1.14,0.14,71.82,6.98,-1.43,279.42,62.48,82602.3,"90.28,43.72",2013-5-26,1.83,1.4249999999999998,10.88,3.5000000000000004,35.91,15.071428571428573,35.91
35310,13.18,13.41,1.41,0.55,0.14,70.95,6.09,-5.78,277.46,64.86,80103.12,"92.11,43.9",2013-5-26,1.41,0.6875,13.41,3.5000000000000004,35.475,18.82857142857143,35.475
35320,16.7,16.89,1.13,0.34,0.15,75.32,10.88,-7.75,289.02,30.63,92272.95,"93.95,44.05",2013-5-26,1.13,0.42500000000000004,16.89,3.75,37.66,23.857142857142858,37.66
35330,129.0,130.64,10.94,2.12,0.21,81.32,5.76,5.85,296.88,27.7,88382.27,"111.98,44.29",2013-5-26,10.94,2.6500000000000004,90.32,5.25,40.66,170.0,170.0
35340,82.09,84.71,14.67,2.3,0.26,88.12,4.58,6.83,296.83,30.02,88971.49,"113.83,44.2",2013-5-26,14.67,2.875,67.35499999999999,6.5,44.06,108.86250000000001,108.86250000000001
35350,59.2,63.24,19.91,3.4,0.37,101.37,4.65,8.87,295.56,37.85,88283.15,"115.68,44.07",2013-5-26,19.91,4.25,56.620000000000005,9.25,51.14166666666667,80.25,80.25
35360,48.83,52.52,14.82,3.56,0.35,100.47,5.17,8.88,291.59,42.02,84631.67,"117.52,43.93",2013-5-26,14.82,4.45,51.260000000000005,8.75,50.391666666666666,67.2875,67.2875
35370,41.73,44.56,12.95,4.12,0.33,92.28,2.97,7.96,297.55,33.55,93148.53,"119.36,43.76",2013-5-26,12.95,5.15,44.56,8.25,46.14,58.412499999999994,58.412499999999994
35380,47.41,50.44,14.01,5.17,0.32,85.77,0.7,10.62,296.62,45.84,97961.63,"121.18,43.57",2013-5-26,14.01,6.4625,50.22,8.0,42.885,65.51249999999999,65.51249999999999
35390,59.05,69.78,13.66,5.24,0.33,94.67,1.51,10.79,294.84,56.73,98975.02,"123.0,43.36",2013-5-26,13.66,6.550000000000001,59.89,8.25,47.335,80.0625,80.0625
35400,51.6,74.57,8.52,6.04,0.4,104.16,2.73,8.89,293.84,58.21,97873.1,"124.8,43.12",2013-5-26,8.52,7.55,62.285,10.0,53.46666666666666,70.75,70.75
35410,54.81,66.58,8.7,4.93,0.36,95.0,3.56,7.13,294.11,55.81,97503.58,"126.6,42.86",2013-5-26,8.7,6.1625,58.29,9.0,47.5,74.7625,74.7625
35420,50.88,53.62,6.79,2.94,0.27,87.68,3.09,2.88,292.34,57.14,93685.94,"128.38,42.58",2013-5-26,6.79,3.675,51.81,6.75,43.84,69.85,69.85
35430,4.24,4.55,1.74,0.97,0.15,80.49,1.52,-3.05,270.97,92.41,68558.8,"81.05,42.62",2013-5-26,1.74,1.2125,4.55,3.75,40.245,6.057142857142858,40.245
35440,4.81,4.98,1.23,0.55,0.15,81.99,0.53,-4.04,270.21,92.57,68222.19,"82.83,42.91",2013-5-26,1.23,0.6875,4.98,3.75,40.995,6.871428571428571,40.995
35450,3.86,4.01,1.0,0.54,0.14,85.93,4.8,-3.35,273.67,77.06,73412.06,"84.62,43.17",2013-5-26,1.0,0.675,4.01,3.5000000000000004,42.965,5.514285714285714,42.965
35460,10.16,10.91,2.06,1.27,0.15,78.23,-2.29,-2.35,271.08,97.74,70998.5,"86.43,43.42",2013-5-26,2.06,1.5875,10.91,3.75,39.115,14.514285714285714,39.115
35470,5.53,6.06,1.1,1.52,0.1,66.88,2.72,-12.17,278.0,47.83,75471.64,"88.24,43.64",2013-5-26,1.1,1.9,6.06,2.5,33.44,7.9,33.44
35480,11.9,12.31,2.18,1.61,0.15,70.96,6.23,0.37,284.46,49.15,88872.01,"90.07,43.84",2013-5-26,2.18,2.0125,12.31,3.75,35.48,17.0,35.48
35490,13.64,13.92,1.54,0.62,0.14,72.05,7.41,-5.14,278.86,62.3,81978.81,"91.9,44.01",2013-5-26,1.54,0.775,13.92,3.5000000000000004,36.025,19.485714285714288,36.025
35500,12.38,12.56,1.14,0.34,0.15,74.66,10.86,-5.23,288.15,32.51,91387.25,"93.75,44.16",2013-5-26,1.14,0.42500000000000004,12.56,3.75,37.33,17.685714285714287,37.33
35510,131.07,132.54,10.46,2.01,0.21,80.0,6.19,6.15,296.18,27.97,87588.62,"111.81,44.44",2013-5-26,10.46,2.5124999999999997,91.27,5.25,40.0,172.95714285714286,172.95714285714286
35520,91.87,94.2,12.74,2.07,0.24,86.01,4.17,6.39,295.69,30.3,87976.88,"113.66,44.34",2013-5-26,12.74,2.5875,72.1,6.0,43.005,121.0875,121.0875
35530,58.26,62.16,19.79,3.05,0.35,100.21,4.52,8.85,294.14,40.16,86730.54,"115.52,44.22",2013-5-26,19.79,3.8125,56.08,8.75,50.175,79.07499999999999,79.07499999999999
35540,49.3,52.94,15.12,3.5,0.35,100.96,3.88,9.72,292.95,39.97,86246.82,"117.36,44.08",2013-5-26,15.12,4.375,51.47,8.75,50.8,67.875,67.875
35550,40.71,43.48,12.74,4.02,0.33,93.25,3.22,7.45,297.6,31.87,92823.92,"119.2,43.91",2013-5-26,12.74,5.0249999999999995,43.48,8.25,46.625,57.1375,57.1375
35560,45.49,48.4,13.71,4.99,0.32,85.97,0.85,10.55,297.29,42.54,97691.48,"121.03,43.72",2013-5-26,13.71,6.237500000000001,48.4,8.0,42.985,63.112500000000004,63.112500000000004
35570,57.93,64.13,13.62,4.9,0.31,90.22,1.23,11.03,295.03,55.48,98808.47,"122.85,43.51",2013-5-26,13.62,6.125,57.065,7.75,45.11,78.6625,78.6625
35580,52.86,82.27,10.06,9.64,0.46,104.07,2.64,9.17,294.17,57.08,98228.38,"124.66,43.27",2013-5-26,10.06,12.05,66.13499999999999,11.5,53.39166666666666,72.325,72.325
35590,55.35,72.09,8.58,5.65,0.39,93.91,2.91,7.11,293.31,59.37,96897.09,"126.46,43.02",2013-5-26,8.58,7.0625,61.045,9.75,46.955,75.4375,75.4375
35600,51.79,54.4,7.42,3.21,0.28,89.37,2.94,3.22,293.03,56.62,94968.49,"128.24,42.74",2013-5-26,7.42,4.0125,52.2,7.000000000000001,44.685,70.9875,70.9875
35610,5.05,5.37,2.1,1.14,0.16,81.55,3.13,-0.6,278.34,67.97,78274.55,"80.47,42.66",2013-5-26,2.1,1.4249999999999998,5.37,4.0,40.775,7.214285714285714,40.775
35620,5.58,5.77,1.43,0.58,0.14,78.41,-1.48,-2.84,273.68,90.14,73089.2,"82.25,42.96",2013-5-26,1.43,0.725,5.77,3.5000000000000004,39.205,7.9714285714285715,39.205
35630,5.13,5.31,1.4,0.75,0.14,82.93,0.85,-1.88,277.76,72.48,79156.46,"84.05,43.23",2013-5-26,1.4,0.9375,5.31,3.5000000000000004,41.465,7.328571428571428,41.465
35640,6.58,7.1,1.74,0.82,0.14,77.81,2.0,-3.12,269.4,83.79,65812.03,"85.85,43.48",2013-5-26,1.74,1.025,7.1,3.5000000000000004,38.905,9.4,38.905
35650,17.99,26.68,4.83,20.6,0.33,66.35,1.32,-5.42,284.65,49.7,89288.2,"87.67,43.71",2013-5-26,4.83,25.75,26.68,8.25,33.175,25.7,33.175
35660,12.86,13.62,2.54,2.39,0.15,69.9,5.5,-0.92,286.41,43.59,91489.74,"89.49,43.91",2013-5-26,2.54,2.9875000000000003,13.62,3.75,34.95,18.37142857142857,34.95
35670,14.26,14.61,1.82,0.9,0.15,72.67,7.97,-3.73,283.2,52.09,87232.63,"91.33,44.09",2013-5-26,1.82,1.125,14.61,3.75,36.335,20.37142857142857,36.335
35680,10.99,11.23,1.24,0.4,0.15,73.91,9.15,-2.96,285.96,37.23,89322.53,"93.17,44.25",2013-5-26,1.24,0.5,11.23,3.75,36.955,15.700000000000001,36.955
35690,133.84,135.22,10.08,1.86,0.2,79.9,6.43,6.71,296.39,27.14,87669.03,"111.82,44.57",2013-5-26,10.08,2.325,92.61,5.0,39.95,176.9142857142857,176.9142857142857
35700,95.84,98.02,11.98,1.91,0.23,85.5,4.28,6.5,295.03,30.54,87235.7,"113.68,44.47",2013-5-26,11.98,2.3874999999999997,74.00999999999999,5.75,42.75,126.05000000000001,126.05000000000001
35710,57.69,61.35,19.37,2.87,0.35,99.55,4.67,9.22,294.78,37.9,87011.77,"115.53,44.35",2013-5-26,19.37,3.5875000000000004,55.675,8.75,49.775,78.3625,78.3625
35720,49.04,52.53,14.96,3.34,0.35,101.1,4.07,9.58,294.46,36.17,87682.26,"117.38,44.21",2013-5-26,14.96,4.175,51.265,8.75,50.916666666666664,67.55,67.55
35730,39.66,42.34,12.26,3.89,0.32,92.92,2.21,6.9,297.74,30.53,92570.5,"119.22,44.04",2013-5-26,12.26,4.8625,42.34,8.0,46.46,55.824999999999996,55.824999999999996
35740,44.97,47.79,13.49,4.8,0.32,86.32,0.76,10.64,297.49,41.73,97685.12,"121.06,43.85",2013-5-26,13.49,6.0,47.79,8.0,43.16,62.4625,62.4625
35750,58.54,62.61,13.72,5.08,0.3,87.38,1.23,11.05,295.43,53.82,99020.05,"122.88,43.64",2013-5-26,13.72,6.35,56.305,7.5,43.69,79.425,79.425
35760,53.46,86.85,9.76,11.33,0.51,104.33,2.56,9.2,294.79,55.09,98728.41,"124.69,43.41",2013-5-26,9.76,14.1625,68.425,12.75,53.608333333333334,73.075,73.075
35770,54.46,71.72,8.48,5.27,0.39,96.96,2.64,6.9,292.71,61.0,95866.2,"126.49,43.15",2013-5-26,8.48,6.5874999999999995,60.86,9.75,48.48,74.325,74.325
35780,52.29,54.95,7.51,3.02,0.27,89.62,3.27,3.78,292.22,59.85,94241.3,"128.28,42.87",2013-5-26,7.51,3.775,52.475,6.75,44.81,71.6125,71.6125
35790,5.68,5.95,2.12,0.77,0.15,83.25,4.53,-0.82,281.01,56.16,81729.64,"80.25,42.76",2013-5-26,2.12,0.9625,5.95,3.75,41.625,8.114285714285714,41.625
35800,6.53,6.79,1.73,0.88,0.15,76.96,-1.14,-0.45,281.2,65.57,82452.59,"82.04,43.06",2013-5-26,1.73,1.1,6.79,3.75,38.48,9.32857142857143,38.48
35810,6.46,6.72,1.74,1.24,0.15,79.34,1.52,-1.63,280.84,66.22,83849.25,"83.83,43.33",2013-5-26,1.74,1.55,6.72,3.75,39.67,9.22857142857143,39.67
35820,8.42,9.05,2.39,1.22,0.15,80.28,-1.49,-2.91,270.22,91.92,68863.94,"85.64,43.59",2013-5-26,2.39,1.525,9.05,3.75,40.14,12.028571428571428,40.14
35830,18.84,29.92,4.9,23.21,0.37,65.71,1.91,-3.6,286.98,44.25,91866.66,"87.45,43.82",2013-5-26,4.9,29.012500000000003,29.92,9.25,32.855,26.914285714285715,32.855
35840,14.31,15.29,2.44,2.65,0.15,68.55,6.63,-2.02,287.85,40.6,93402.28,"89.28,44.02",2013-5-26,2.44,3.3125,15.29,3.75,34.275,20.442857142857143,34.275
35850,13.87,14.21,1.78,0.85,0.15,73.61,8.05,-2.94,284.92,47.48,89398.76,"91.12,44.21",2013-5-26,1.78,1.0625,14.21,3.75,36.805,19.814285714285713,36.805
35860,10.32,10.55,1.24,0.37,0.15,74.02,8.61,-3.82,286.19,36.42,89733.41,"92.97,44.37",2013-5-26,1.24,0.4625,10.55,3.75,37.01,14.742857142857144,37.01
35870,136.69,137.99,9.7,1.75,0.2,79.48,6.54,6.9,296.81,26.46,88243.12,"111.83,44.7",2013-5-26,9.7,2.1875,93.995,5.0,39.74,180.9857142857143,180.9857142857143
35880,99.25,101.28,11.36,1.8,0.22,84.99,4.63,6.82,294.88,30.01,86934.83,"113.69,44.6",2013-5-26,11.36,2.25,75.64,5.5,42.495,130.3125,130.3125
35890,56.96,60.25,17.89,2.55,0.33,95.7,4.34,7.56,295.65,35.36,88397.72,"115.55,44.48",2013-5-26,17.89,3.1875,55.125,8.25,47.85,77.45,77.45
35900,48.99,52.37,14.76,3.18,0.34,100.95,3.94,9.3,294.93,34.35,88045.98,"117.4,44.34",2013-5-26,14.76,3.975,51.185,8.5,50.79166666666667,67.48750000000001,67.48750000000001
35910,38.21,40.79,11.7,3.85,0.31,92.73,0.56,6.35,297.46,29.96,92284.32,"119.25,44.17",2013-5-26,11.7,4.8125,40.79,7.75,46.365,54.0125,54.0125
35920,44.46,47.19,13.27,4.61,0.32,86.57,0.66,10.59,297.77,40.96,97812.42,"121.08,43.98",2013-5-26,13.27,5.7625,47.19,8.0,43.285,61.825,61.825
35930,58.59,61.61,13.69,5.02,0.3,86.68,1.2,10.91,295.73,52.53,99150.06,"122.91,43.77",2013-5-26,13.69,6.2749999999999995,55.805,7.5,43.34,79.48750000000001,79.48750000000001
35940,53.78,90.17,9.6,12.36,0.55,104.82,2.49,9.11,295.16,53.78,98986.04,"124.73,43.54",2013-5-26,9.6,15.45,70.08500000000001,13.750000000000002,54.01666666666666,73.475,73.475
35950,53.71,71.7,8.3,4.97,0.4,98.65,2.68,6.89,292.46,61.67,95341.71,"126.53,43.28",2013-5-26,8.3,6.2124999999999995,60.85,10.0,49.325,73.3875,73.3875
35960,52.37,54.96,7.59,2.9,0.27,89.71,3.69,4.67,291.77,61.86,93525.78,"128.32,43.0",2013-5-26,7.59,3.625,52.480000000000004,6.75,44.855,71.7125,71.7125
35970,5.92,6.2,2.1,0.88,0.16,81.61,3.61,1.68,280.5,57.83,80585.29,"80.57,42.95",2013-5-26,2.1,1.1,6.2,4.0,40.805,8.457142857142857,40.805
35980,7.42,7.72,1.93,1.13,0.16,81.27,-0.04,0.38,285.36,48.74,88643.7,"82.35,43.25",2013-5-26,1.93,1.4124999999999999,7.72,4.0,40.635,10.6,40.635
35990,6.06,6.31,1.62,1.02,0.14,79.54,3.61,0.04,272.05,95.97,71980.21,"84.15,43.52",2013-5-26,1.62,1.275,6.31,3.5000000000000004,39.77,8.657142857142857,39.77
36000,10.77,11.55,2.47,1.57,0.15,81.71,1.99,-3.04,272.65,92.05,74695.72,"85.97,43.77",2013-5-26,2.47,1.9625000000000001,11.55,3.75,40.855,15.385714285714286,40.855
36010,13.98,18.66,3.14,9.95,0.23,67.16,-0.19,-0.53,288.27,39.07,93739.35,"87.79,43.99",2013-5-26,3.14,12.4375,18.66,5.75,33.58,19.97142857142857,33.58
36020,16.67,17.41,2.76,2.28,0.16,71.55,5.98,-2.5,288.41,40.73,93726.25,"89.62,44.2",2013-5-26,2.76,2.8499999999999996,17.41,4.0,35.775,23.814285714285717,35.775
36030,12.89,13.2,1.57,0.67,0.15,74.86,7.48,-1.59,284.59,47.07,89063.36,"91.46,44.38",2013-5-26,1.57,0.8375,13.2,3.75,37.43,18.414285714285715,37.43
36040,10.0,10.2,1.14,0.34,0.15,75.24,8.79,-4.72,289.26,30.06,93560.54,"93.32,44.53",2013-5-26,1.14,0.42500000000000004,10.2,3.75,37.62,14.285714285714286,37.62
36050,138.85,140.3,9.47,1.59,0.2,81.16,5.64,7.02,295.96,27.76,87546.72,"112.59,44.8",2013-5-26,9.47,1.9875,95.15,5.0,40.58,184.07142857142856,184.07142857142856
36060,68.35,70.76,13.28,1.81,0.25,85.85,2.45,6.22,293.47,35.88,86441.65,"114.45,44.69",2013-5-26,13.28,2.2625,60.38,6.25,42.925,91.6875,91.6875
36070,56.09,59.62,17.5,3.18,0.34,98.65,4.31,8.0,296.82,33.11,89941.12,"116.31,44.56",2013-5-26,17.5,3.975,54.81,8.5,49.325,76.36250000000001,76.36250000000001
36080,42.37,45.23,11.95,2.65,0.31,97.65,2.06,7.21,293.86,31.93,86351.84,"118.17,44.41",2013-5-26,11.95,3.3125,45.23,7.75,48.825,59.2125,59.2125
36090,38.1,40.51,10.95,3.79,0.3,89.3,0.78,8.62,298.37,34.25,95314.53,"120.01,44.23",2013-5-26,10.95,4.7375,40.51,7.5,44.65,53.875,53.875
36100,49.02,51.84,13.9,5.18,0.31,86.1,0.6,10.81,296.67,47.01,98516.25,"121.85,44.03",2013-5-26,13.9,6.475,50.92,7.75,43.05,67.525,67.525
36110,59.51,83.01,15.81,9.83,0.4,95.02,1.46,10.62,295.73,52.81,99251.75,"123.67,43.81",2013-5-26,15.81,12.2875,66.505,10.0,47.51,80.63749999999999,80.63749999999999
36120,48.55,75.95,6.29,7.33,0.58,107.72,3.34,8.33,294.98,53.83,98476.41,"125.48,43.57",2013-5-26,6.29,9.1625,62.975,14.499999999999998,56.43333333333333,66.9375,66.9375
36130,53.85,60.04,9.21,4.35,0.33,93.24,1.95,6.34,293.84,57.16,96861.2,"127.29,43.3",2013-5-26,9.21,5.4375,55.019999999999996,8.25,46.62,73.5625,73.5625
36140,48.03,52.03,8.51,6.09,0.28,79.25,-2.72,1.44,289.76,72.0,96013.1,"129.08,43.01",2013-5-26,8.51,7.6125,51.015,7.000000000000001,39.625,66.2875,66.2875
36150,7.39,7.71,2.48,1.21,0.16,76.21,1.25,0.42,277.69,72.21,77541.36,"81.24,43.2",2013-5-26,2.48,1.5125,7.71,4.0,38.105,10.557142857142857,38.105
36160,11.13,11.58,2.5,1.97,0.16,80.57,1.76,0.09,285.76,49.74,90499.54,"83.04,43.49",2013-5-26,2.5,2.4625,11.58,4.0,40.285,15.900000000000002,40.285
36170,4.92,5.12,1.56,0.74,0.14,80.5,5.45,-0.25,267.44,85.91,64432.05,"84.84,43.75",2013-5-26,1.56,0.925,5.12,3.5000000000000004,40.25,7.0285714285714285,40.25
36180,11.39,12.55,2.82,3.12,0.16,76.61,3.89,-1.77,286.11,46.43,91177.09,"86.66,43.99",2013-5-26,2.82,3.9000000000000004,12.55,4.0,38.305,16.271428571428572,38.305
36190,13.26,15.07,2.39,3.95,0.17,70.67,6.66,-0.66,289.22,35.96,94836.93,"88.49,44.21",2013-5-26,2.39,4.9375,15.07,4.25,35.335,18.942857142857143,35.335
36200,15.16,15.51,1.83,0.85,0.15,75.47,6.1,-3.12,287.59,40.93,92950.08,"90.33,44.4",2013-5-26,1.83,1.0625,15.51,3.75,37.735,21.65714285714286,37.735
36210,8.73,9.0,1.37,0.37,0.15,76.04,7.91,-2.95,284.14,41.55,88042.9,"92.18,44.57",2013-5-26,1.37,0.4625,9.0,3.75,38.02,12.471428571428572,38.02
36220,24.35,24.55,1.07,0.27,0.14,80.47,7.24,-5.98,288.41,27.96,91628.03,"94.04,44.72",2013-5-26,1.07,0.3375,24.55,3.5000000000000004,40.235,34.78571428571429,40.235
36230,61.18,63.55,13.2,1.65,0.25,85.15,2.17,5.77,292.78,38.0,86391.19,"114.84,44.8",2013-5-26,13.2,2.0625,56.775,6.25,42.575,82.725,82.725
36240,54.86,58.24,15.98,2.86,0.33,98.27,4.01,7.38,296.39,32.02,89354.55,"116.71,44.67",2013-5-26,15.98,3.5749999999999997,54.120000000000005,8.25,49.135,74.825,74.825
36250,40.06,42.69,10.7,2.46,0.29,95.88,3.05,7.92,293.81,30.26,86276.43,"118.56,44.51",2013-5-26,10.7,3.075,42.69,7.249999999999999,47.94,56.325,56.325
36260,38.82,41.26,11.02,3.64,0.3,88.03,0.41,9.14,297.82,36.75,95419.05,"120.4,44.33",2013-5-26,11.02,4.55,41.26,7.5,44.015,54.775,54.775
36270,51.6,54.53,16.07,8.69,0.31,82.91,0.75,10.84,296.51,48.22,98784.65,"122.24,44.12",2013-5-26,16.07,10.862499999999999,52.265,7.75,41.455,70.75,70.75
36280,58.51,95.6,15.07,11.47,0.47,97.47,2.0,10.4,295.7,51.87,98886.87,"124.07,43.9",2013-5-26,15.07,14.3375,72.8,11.75,48.735,79.38749999999999,79.38749999999999
36290,48.22,73.88,6.13,6.11,0.56,103.39,2.39,7.82,295.44,52.63,98958.79,"125.88,43.65",2013-5-26,6.13,7.6375,61.94,14.000000000000002,52.825,66.525,66.525
36300,52.74,56.09,8.52,3.37,0.3,92.32,3.87,6.01,290.85,65.32,92093.71,"127.68,43.38",2013-5-26,8.52,4.2125,53.045,7.5,46.16,72.17500000000001,72.17500000000001
36310,46.72,51.0,8.58,6.01,0.28,81.01,-2.33,1.88,287.81,77.95,96157.47,"129.47,43.08",2013-5-26,8.58,7.512499999999999,50.5,7.000000000000001,40.505,64.65,64.65
36320,7.36,7.65,2.46,1.02,0.16,77.03,3.14,-2.28,274.77,68.02,73893.3,"81.2,43.33",2013-5-26,2.46,1.275,7.65,4.0,38.515,10.514285714285714,38.515
36330,14.52,14.94,2.48,1.79,0.16,81.32,0.96,0.44,283.28,54.21,86625.12,"83.0,43.62",2013-5-26,2.48,2.2375,14.94,4.0,40.66,20.742857142857144,40.66
36340,8.2,8.56,1.96,1.3,0.15,78.82,3.89,-2.31,269.15,91.67,68083.12,"84.81,43.88",2013-5-26,1.96,1.625,8.56,3.75,39.41,11.714285714285714,39.41
36350,12.32,13.62,3.37,3.86,0.17,74.98,4.12,-2.08,288.45,40.31,94060.24,"86.63,44.12",2013-5-26,3.37,4.825,13.62,4.25,37.49,17.6,37.49
36360,13.67,14.99,2.07,2.93,0.16,71.31,6.24,-2.01,289.82,34.92,95600.03,"88.46,44.34",2013-5-26,2.07,3.6625,14.99,4.0,35.655,19.52857142857143,35.655
36370,11.77,12.09,1.61,0.66,0.15,75.37,5.7,-3.35,288.37,37.16,93917.41,"90.31,44.53",2013-5-26,1.61,0.8250000000000001,12.09,3.75,37.685,16.814285714285713,37.685
36380,7.97,8.21,1.29,0.34,0.15,76.09,7.01,-4.45,286.31,35.83,90771.32,"92.16,44.71",2013-5-26,1.29,0.42500000000000004,8.21,3.75,38.045,11.385714285714286,38.045
36390,126.59,127.89,8.97,1.57,0.2,79.1,5.26,6.69,296.54,26.97,88592.38,"112.43,45.07",2013-5-26,8.97,1.9625000000000001,88.945,5.0,39.55,166.55714285714288,166.55714285714288
36400,55.03,57.93,14.74,2.01,0.29,90.99,2.74,4.89,295.87,33.16,90184.97,"115.98,44.85",2013-5-26,14.74,2.5124999999999997,53.965,7.249999999999999,45.495,75.0375,75.0375
36410,46.5,49.38,12.5,2.63,0.31,96.73,2.96,6.87,295.96,28.15,88934.91,"117.84,44.71",2013-5-26,12.5,3.2874999999999996,49.38,7.75,48.365,64.375,64.375
36420,35.3,37.23,9.06,2.89,0.26,87.42,0.66,6.53,296.82,31.22,92438.97,"119.69,44.53",2013-5-26,9.06,3.6125000000000003,37.23,6.5,43.71,50.375,50.375
36430,45.65,48.31,13.4,4.61,0.31,86.97,0.66,10.56,297.78,41.44,98321.52,"121.54,44.34",2013-5-26,13.4,5.7625,48.31,7.75,43.485,63.3125,63.3125
36440,57.05,71.21,14.59,6.31,0.34,95.21,1.22,10.75,295.96,51.49,99124.31,"123.37,44.12",2013-5-26,14.59,7.887499999999999,60.605,8.5,47.605,77.5625,77.5625
36450,55.84,117.84,11.41,23.54,0.62,103.45,2.95,9.03,295.43,52.66,98764.64,"125.19,43.88",2013-5-26,11.41,29.424999999999997,83.92,15.5,52.875,76.05000000000001,83.92
36460,52.75,65.74,8.14,4.02,0.36,95.19,1.32,6.21,294.42,57.23,97593.01,"127.0,43.62",2013-5-26,8.14,5.0249999999999995,57.87,9.0,47.595,72.1875,72.1875
36470,47.49,50.57,6.85,3.39,0.26,85.39,-0.75,2.7,290.37,70.04,94512.27,"128.8,43.33",2013-5-26,6.85,4.2375,50.285,6.5,42.695,65.6125,65.6125
36480,40.77,44.43,5.72,2.79,0.23,86.93,-0.99,1.55,286.44,79.56,96379.11,"130.58,43.02",2013-5-26,5.72,3.4875,44.43,5.75,43.465,57.212500000000006,57.212500000000006
36490,9.91,10.4,3.09,2.19,0.17,75.8,2.13,-1.6,287.68,37.22,92140.46,"81.88,43.58",2013-5-26,3.09,2.7375,10.4,4.25,37.9,14.157142857142858,37.9
36500,12.83,13.09,1.56,1.0,0.15,82.17,2.67,0.98,272.03,94.88,72520.03,"83.68,43.86",2013-5-26,1.56,1.25,13.09,3.75,41.085,18.32857142857143,41.085
36510,12.38,13.29,3.79,2.87,0.16,77.49,3.29,-1.71,285.3,46.06,90460.58,"85.5,44.11",2013-5-26,3.79,3.5875000000000004,13.29,4.0,38.745,17.685714285714287,38.745
36520,15.23,16.64,2.97,3.38,0.17,74.62,3.54,-3.75,290.29,34.35,96419.41,"87.33,44.34",2013-5-26,2.97,4.225,16.64,4.25,37.31,21.75714285714286,37.31
36530,12.64,13.03,1.47,0.87,0.15,74.85,4.21,-2.89,289.38,37.2,95206.45,"89.17,44.55",2013-5-26,1.47,1.0875,13.03,3.75,37.425,18.057142857142857,37.425
36540,7.4,7.68,1.26,0.48,0.14,73.94,6.36,-2.37,287.24,35.87,92012.9,"91.02,44.74",2013-5-26,1.26,0.6,7.68,3.5000000000000004,36.97,10.571428571428573,36.97
36550,9.57,9.8,1.19,0.26,0.14,80.42,5.66,-7.95,287.91,30.22,91907.28,"92.88,44.9",2013-5-26,1.19,0.325,9.8,3.5000000000000004,40.21,13.671428571428573,40.21
36560,54.32,56.59,12.57,1.5,0.25,85.12,2.35,4.65,293.0,37.59,87255.45,"115.44,45.03",2013-5-26,12.57,1.875,53.295,6.25,42.56,74.15,74.15
36570,52.38,55.37,13.46,2.35,0.31,95.55,2.67,6.73,295.85,30.13,89123.57,"117.31,44.88",2013-5-26,13.46,2.9375,52.685,7.75,47.775,71.725,71.725
36580,36.92,39.03,9.25,2.42,0.27,92.09,1.33,7.19,294.09,29.95,86974.1,"119.16,44.72",2013-5-26,9.25,3.025,39.03,6.75,46.045,52.400000000000006,52.400000000000006
36590,40.92,43.35,11.75,3.93,0.31,86.16,0.36,9.14,298.5,37.25,97496.47,"121.01,44.53",2013-5-26,11.75,4.9125000000000005,43.35,7.75,43.08,57.400000000000006,57.400000000000006
36600,54.4,57.33,15.02,5.47,0.3,86.81,0.84,10.76,296.46,48.48,99011.86,"122.85,44.32",2013-5-26,15.02,6.8374999999999995,53.665,7.5,43.405,74.25,74.25
36610,55.43,97.63,11.38,12.58,0.55,104.12,2.9,10.39,295.59,51.01,98543.73,"124.68,44.09",2013-5-26,11.38,15.725,73.815,13.750000000000002,53.43333333333334,75.5375,75.5375
36620,51.92,81.89,9.59,10.01,0.45,97.98,3.0,7.53,295.28,53.8,98344.63,"126.5,43.83",2013-5-26,9.59,12.5125,65.945,11.25,48.99,71.15,71.15
36630,50.88,53.5,7.79,3.55,0.27,85.32,1.66,4.6,293.78,58.79,96390.62,"128.3,43.55",2013-5-26,7.79,4.4375,51.75,6.75,42.66,69.85,69.85
36640,42.59,45.95,6.48,3.05,0.24,86.91,-2.08,3.58,288.13,72.96,93687.37,"130.09,43.25",2013-5-26,6.48,3.8125,45.95,6.0,43.455,59.487500000000004,59.487500000000004
36650,9.74,10.14,3.39,1.74,0.16,75.05,3.89,-1.24,287.59,35.57,91582.73,"81.48,43.65",2013-5-26,3.39,2.175,10.14,4.0,37.525,13.914285714285715,37.525
36660,14.86,15.06,1.1,0.96,0.13,81.71,2.49,-0.61,272.29,83.24,72265.16,"83.28,43.93",2013-5-26,1.1,1.2,15.06,3.25,40.855,21.228571428571428,40.855
36670,13.88,14.94,6.04,4.61,0.16,77.39,4.28,-1.47,284.39,46.47,89944.89,"85.1,44.19",2013-5-26,6.04,5.7625,14.94,4.0,38.695,19.82857142857143,38.695
36680,14.42,15.67,3.56,3.62,0.16,74.33,3.98,-3.09,290.47,34.11,96689.41,"86.93,44.43",2013-5-26,3.56,4.525,15.67,4.0,37.165,20.6,37.165
36690,12.18,12.57,1.42,1.01,0.15,75.29,3.86,-3.4,289.27,36.24,95272.21,"88.77,44.64",2013-5-26,1.42,1.2625,12.57,3.75,37.645,17.4,37.645
36700,7.29,7.57,1.26,0.47,0.14,74.85,3.87,-4.73,286.13,37.39,90908.34,"90.63,44.83",2013-5-26,1.26,0.5874999999999999,7.57,3.5000000000000004,37.425,10.414285714285715,37.425
36710,8.2,8.43,1.21,0.25,0.14,79.63,6.26,-8.94,280.6,44.88,83433.97,"92.49,45.0",2013-5-26,1.21,0.3125,8.43,3.5000000000000004,39.815,11.714285714285714,39.815
36720,52.63,55.02,12.76,1.54,0.26,86.68,2.05,4.39,294.37,34.98,89162.45,"115.83,45.13",2013-5-26,12.76,1.925,52.510000000000005,6.5,43.34,72.0375,72.0375
36730,50.29,52.98,11.93,2.16,0.29,93.25,1.58,5.81,295.71,28.28,89375.68,"117.7,44.98",2013-5-26,11.93,2.7,51.489999999999995,7.249999999999999,46.625,69.1125,69.1125
36740,33.88,35.47,7.92,2.31,0.25,86.36,-0.55,5.07,296.13,29.63,91278.31,"119.56,44.82",2013-5-26,7.92,2.8875,35.47,6.25,43.18,48.400000000000006,48.400000000000006
36750,43.45,45.98,12.33,4.06,0.31,86.59,0.35,9.93,298.24,39.44,98165.02,"121.41,44.62",2013-5-26,12.33,5.074999999999999,45.98,7.75,43.295,60.5625,60.5625
36760,54.78,65.81,13.12,4.73,0.33,94.98,1.29,10.94,296.41,48.8,99040.75,"123.25,44.41",2013-5-26,13.12,5.9125000000000005,57.905,8.25,47.49,74.725,74.725
36770,53.36,94.44,9.58,12.56,0.56,106.71,2.97,9.61,296.07,50.12,99029.07,"125.08,44.17",2013-5-26,9.58,15.700000000000001,72.22,14.000000000000002,55.59166666666666,72.95,72.95
36780,51.73,68.7,9.18,6.13,0.37,98.17,1.36,6.32,294.33,56.94,97135.94,"126.9,43.91",2013-5-26,9.18,7.6625,59.35,9.25,49.085,70.9125,70.9125
36790,47.32,49.95,7.04,2.82,0.26,86.76,1.15,5.79,292.33,62.9,94497.8,"128.7,43.62",2013-5-26,7.04,3.525,49.95,6.5,43.38,65.4,65.4
36800,41.47,45.04,5.8,2.42,0.23,85.25,1.45,5.61,288.09,72.4,92406.73,"130.49,43.32",2013-5-26,5.8,3.025,45.04,5.75,42.625,58.0875,58.0875
36810,14.75,15.54,4.79,3.71,0.18,77.68,1.39,-0.96,289.08,34.77,94016.21,"81.62,43.81",2013-5-26,4.79,4.6375,15.54,4.5,38.84,21.071428571428573,38.84
36820,17.21,17.41,1.08,1.02,0.13,78.18,4.19,0.31,266.46,93.92,64747.32,"83.43,44.09",2013-5-26,1.08,1.275,17.41,3.25,39.09,24.58571428571429,39.09
36830,18.26,20.26,9.89,8.21,0.18,71.84,5.33,-1.97,288.44,39.42,95272.53,"85.25,44.35",2013-5-26,9.89,10.262500000000001,20.26,4.5,35.92,26.08571428571429,35.92
36840,14.68,15.55,2.51,2.2,0.16,75.67,3.7,-3.72,290.27,33.86,96801.26,"87.09,44.58",2013-5-26,2.51,2.75,15.55,4.0,37.835,20.97142857142857,37.835
36850,11.97,12.31,1.36,0.77,0.15,75.35,1.7,-3.75,289.45,33.52,95672.76,"88.93,44.79",2013-5-26,1.36,0.9625,12.31,3.75,37.675,17.1,37.675
36860,5.48,5.74,1.16,0.41,0.14,74.73,4.27,-5.58,284.06,39.14,87949.41,"90.79,44.98",2013-5-26,1.16,0.5125,5.74,3.5000000000000004,37.365,7.828571428571429,37.365
36870,52.42,54.54,11.92,1.43,0.25,84.32,2.16,5.03,293.03,37.28,87571.33,"115.66,45.28",2013-5-26,11.92,1.7874999999999999,52.269999999999996,6.25,42.16,71.775,71.775
36880,51.26,53.92,11.95,1.92,0.29,92.28,1.24,5.72,295.33,30.1,89219.27,"117.54,45.13",2013-5-26,11.95,2.4,51.96,7.249999999999999,46.14,70.32499999999999,70.32499999999999
36890,35.31,36.96,7.98,2.07,0.25,88.77,0.13,6.5,294.9,28.25,88595.22,"119.4,44.96",2013-5-26,7.98,2.5875,36.96,6.25,44.385,50.3875,50.3875
36900,40.98,43.34,11.27,3.68,0.3,85.7,0.03,8.66,298.24,38.24,97632.34,"121.25,44.77",2013-5-26,11.27,4.6000000000000005,43.34,7.5,42.85,57.474999999999994,57.474999999999994
36910,54.57,57.34,14.02,4.82,0.3,87.51,1.22,10.73,296.78,46.89,99065.56,"123.1,44.56",2013-5-26,14.02,6.025,53.67,7.5,43.755,74.4625,74.4625
36920,54.13,93.63,10.93,11.0,0.52,104.65,2.82,9.85,296.27,49.01,98951.36,"124.93,44.32",2013-5-26,10.93,13.75,71.815,13.0,53.87500000000001,73.9125,73.9125
36930,53.74,79.69,12.47,13.77,0.43,94.39,2.36,6.56,295.39,54.2,98389.55,"126.75,44.06",2013-5-26,12.47,17.2125,64.845,10.75,47.195,73.42500000000001,73.42500000000001
36940,48.21,51.17,6.9,3.03,0.26,83.36,2.32,4.42,292.83,64.59,96465.2,"128.56,43.78",2013-5-26,6.9,3.7874999999999996,50.585,6.5,41.68,66.5125,66.5125
36950,41.83,45.31,5.97,2.47,0.24,85.01,2.08,6.82,289.9,66.08,93239.77,"130.36,43.48",2013-5-26,5.97,3.0875000000000004,45.31,6.0,42.505,58.537499999999994,58.537499999999994
36960,17.52,19.2,10.13,8.02,0.2,73.2,1.24,-0.5,289.07,35.55,94083.18,"81.4,43.91",2013-5-26,10.13,10.024999999999999,19.2,5.0,36.6,25.02857142857143,36.6
36970,20.83,21.04,1.09,0.99,0.13,78.8,2.32,-1.12,269.16,82.14,69380.84,"83.21,44.19",2013-5-26,1.09,1.2375,21.04,3.25,39.4,29.757142857142856,39.4
36980,24.93,27.78,16.39,12.86,0.2,67.41,6.09,-1.0,288.94,38.71,96514.78,"85.03,44.45",2013-5-26,16.39,16.075,27.78,5.0,33.705,35.614285714285714,35.614285714285714
36990,13.5,14.28,2.22,1.93,0.16,76.59,3.6,-3.45,290.31,33.28,96928.31,"86.87,44.69",2013-5-26,2.22,2.4125,14.28,4.0,38.295,19.285714285714285,38.295
37000,10.61,10.96,1.38,0.72,0.15,75.16,0.5,-4.17,288.84,33.69,95110.11,"88.72,44.91",2013-5-26,1.38,0.8999999999999999,10.96,3.75,37.58,15.157142857142857,37.58
37010,5.79,6.06,1.23,0.45,0.14,75.69,1.54,-6.26,282.4,43.61,86664.88,"90.58,45.1",2013-5-26,1.23,0.5625,6.06,3.5000000000000004,37.845,8.271428571428572,37.845
37020,52.91,55.54,13.32,1.78,0.29,91.07,1.14,6.12,294.72,34.54,89426.18,"116.81,45.32",2013-5-26,13.32,2.225,52.769999999999996,7.249999999999999,45.535,72.38749999999999,72.38749999999999
37030,45.52,47.61,8.74,2.23,0.26,88.36,0.31,5.63,295.62,26.47,89702.71,"118.68,45.17",2013-5-26,8.74,2.7875,47.61,6.5,44.18,63.150000000000006,63.150000000000006
37040,34.9,36.57,8.11,2.64,0.24,83.72,-0.27,5.78,295.65,36.74,92932.34,"120.54,44.98",2013-5-26,8.11,3.3000000000000003,36.57,6.0,41.86,49.857142857142854,49.857142857142854
37050,48.67,51.36,14.09,6.04,0.3,84.99,0.46,9.79,297.44,43.8,98811.58,"122.39,44.78",2013-5-26,14.09,7.55,50.68,7.5,42.495,67.0875,67.0875
37060,56.28,83.58,14.34,8.39,0.42,98.21,2.36,10.5,296.45,48.54,98879.43,"124.23,44.55",2013-5-26,14.34,10.4875,66.78999999999999,10.5,49.105,76.6,76.6
37070,53.26,90.8,9.43,13.52,0.48,100.7,3.1,8.7,295.59,52.09,98456.98,"126.06,44.3",2013-5-26,9.43,16.9,70.4,12.0,50.583333333333336,72.82499999999999,72.82499999999999
37080,50.33,53.73,7.77,3.13,0.28,90.88,1.54,4.74,290.86,69.02,93226.95,"127.88,44.03",2013-5-26,7.77,3.9124999999999996,51.864999999999995,7.000000000000001,45.44,69.1625,69.1625
37090,45.9,48.98,6.43,3.15,0.25,82.95,0.09,5.56,288.02,76.57,94742.54,"129.68,43.73",2013-5-26,6.43,3.9375,48.98,6.25,41.475,63.625,63.625
37100,13.58,13.99,5.07,1.47,0.16,78.57,5.04,-0.19,290.48,31.13,95074.36,"80.63,43.92",2013-5-26,5.07,1.8375,13.99,4.0,39.285,19.400000000000002,39.285
37110,14.92,15.2,1.35,0.79,0.15,82.96,-3.81,-1.0,276.61,61.22,79617.02,"82.44,44.21",2013-5-26,1.35,0.9875,15.2,3.75,41.48,21.314285714285713,41.48
37120,26.76,27.07,1.34,1.26,0.15,80.0,5.7,-0.31,288.81,36.43,97072.08,"84.27,44.48",2013-5-26,1.34,1.575,27.07,3.75,40.0,38.228571428571435,40.0
37130,11.45,12.2,2.54,2.11,0.16,75.07,2.39,-3.22,290.67,33.45,97412.66,"86.1,44.73",2013-5-26,2.54,2.6374999999999997,12.2,4.0,37.535,16.357142857142858,37.535
37140,11.0,11.4,1.37,0.91,0.15,71.93,0.57,-3.07,288.35,35.79,94674.1,"87.95,44.95",2013-5-26,1.37,1.1375,11.4,3.75,35.965,15.714285714285715,35.965
37150,7.49,7.82,1.39,0.38,0.15,75.28,0.62,-5.88,282.14,45.6,87239.98,"89.8,45.15",2013-5-26,1.39,0.475,7.82,3.75,37.64,10.700000000000001,37.64
37160,50.63,53.15,13.05,1.79,0.28,89.13,0.06,5.53,294.81,34.82,90021.2,"116.64,45.47",2013-5-26,13.05,2.2375,51.575,7.000000000000001,44.565,69.5375,69.5375
37170,45.63,47.73,8.8,2.22,0.25,86.93,-0.37,4.76,295.84,26.21,90243.42,"118.52,45.31",2013-5-26,8.8,2.7750000000000004,47.73,6.25,43.465,63.2875,63.2875
37180,34.07,35.45,6.88,2.14,0.23,83.4,-0.43,5.23,295.2,34.63,92041.27,"120.38,45.14",2013-5-26,6.88,2.6750000000000003,35.45,5.75,41.7,48.67142857142857,48.67142857142857
37190,46.78,49.39,13.02,4.56,0.3,86.25,0.12,9.46,297.76,42.23,98660.38,"122.24,44.93",2013-5-26,13.02,5.699999999999999,49.39,7.5,43.125,64.725,64.725
37200,56.74,76.93,14.17,7.27,0.39,97.1,2.29,10.65,296.3,49.24,99158.16,"124.08,44.71",2013-5-26,14.17,9.087499999999999,63.465,9.75,48.55,77.17500000000001,77.17500000000001
37210,55.43,99.03,11.25,16.76,0.52,99.84,2.9,8.98,296.2,50.1,98805.79,"125.92,44.46",2013-5-26,11.25,20.950000000000003,74.515,13.0,49.92,75.5375,75.5375
37220,51.84,56.52,8.34,3.72,0.3,91.84,1.06,7.38,291.91,65.96,94274.49,"127.74,44.19",2013-5-26,8.34,4.65,53.260000000000005,7.5,45.92,71.05000000000001,71.05000000000001
37230,44.57,47.11,6.36,2.52,0.25,85.23,0.1,6.82,289.4,72.51,93817.55,"129.55,43.89",2013-5-26,6.36,3.15,47.11,6.25,42.615,61.9625,61.9625
37240,11.48,11.9,5.08,1.62,0.16,79.52,3.06,0.23,289.98,33.21,94691.55,"80.59,44.05",2013-5-26,5.08,2.0250000000000004,11.9,4.0,39.76,16.400000000000002,39.76
37250,14.91,15.21,1.38,0.81,0.15,81.46,-4.24,0.88,283.15,43.52,89200.3,"82.4,44.34",2013-5-26,1.38,1.0125000000000002,15.21,3.75,40.73,21.3,40.73
37260,31.74,32.01,1.3,0.98,0.15,80.96,6.9,-0.7,289.59,32.86,97434.03,"84.23,44.61",2013-5-26,1.3,1.225,32.01,3.75,40.48,45.34285714285714,45.34285714285714
37270,11.7,12.38,2.54,1.7,0.15,77.05,2.69,-3.64,290.53,32.99,97375.11,"86.07,44.86",2013-5-26,2.54,2.125,12.38,3.75,38.525,16.714285714285715,38.525
37280,10.58,10.95,1.39,0.83,0.15,72.39,-0.53,-3.29,287.87,35.64,94333.38,"87.92,45.08",2013-5-26,1.39,1.0374999999999999,10.95,3.75,36.195,15.114285714285714,36.195
37290,7.31,7.65,1.39,0.4,0.15,73.9,0.91,-5.39,281.57,47.01,87005.77,"89.78,45.29",2013-5-26,1.39,0.5,7.65,3.75,36.95,10.442857142857143,36.95
37300,49.03,51.51,12.9,2.03,0.27,88.32,-0.27,4.29,294.44,35.37,90076.44,"116.85,45.59",2013-5-26,12.9,2.5374999999999996,50.754999999999995,6.75,44.16,67.5375,67.5375
37310,46.13,48.06,8.15,2.28,0.24,85.4,-1.37,4.94,295.8,25.69,90370.95,"118.73,45.43",2013-5-26,8.15,2.8499999999999996,48.06,6.0,42.7,63.9125,63.9125
37320,33.61,34.92,6.6,2.1,0.23,82.73,-1.33,4.9,295.43,35.1,92859.7,"120.6,45.25",2013-5-26,6.6,2.625,34.92,5.75,41.365,48.01428571428571,48.01428571428571
37330,47.58,50.23,13.38,5.34,0.3,85.05,0.37,9.3,297.72,42.45,98764.8,"122.45,45.04",2013-5-26,13.38,6.675,50.114999999999995,7.5,42.525,65.725,65.725
37340,55.79,76.72,14.32,7.42,0.4,97.18,2.84,10.16,296.86,46.93,99137.83,"124.3,44.81",2013-5-26,14.32,9.275,63.36,10.0,48.59,75.9875,75.9875
37350,54.89,91.02,11.22,15.94,0.51,97.24,3.17,8.97,296.41,49.58,98963.07,"126.14,44.56",2013-5-26,11.22,19.925,70.50999999999999,12.75,48.62,74.8625,74.8625
37360,49.05,53.83,7.51,2.93,0.29,90.21,1.67,7.81,291.93,64.97,93638.12,"127.96,44.29",2013-5-26,7.51,3.6625,51.915,7.249999999999999,45.105,67.5625,67.5625
37370,44.04,46.49,6.33,2.43,0.25,86.28,0.65,6.32,289.88,71.05,94619.09,"129.77,43.99",2013-5-26,6.33,3.0375,46.49,6.25,43.14,61.3,61.3
37380,11.99,12.54,4.27,1.91,0.17,79.28,-0.93,0.26,288.31,38.53,93054.23,"80.73,44.21",2013-5-26,4.27,2.3874999999999997,12.54,4.25,39.64,17.12857142857143,39.64
37390,14.95,15.27,1.47,0.91,0.15,81.25,-1.49,2.11,289.29,31.65,97248.58,"82.55,44.5",2013-5-26,1.47,1.1375,15.27,3.75,40.625,21.357142857142858,40.625
37400,33.88,34.18,1.4,1.04,0.15,77.32,6.14,-0.06,290.34,32.06,97823.48,"84.38,44.77",2013-5-26,1.4,1.3,34.18,3.75,38.66,48.400000000000006,48.400000000000006
37410,14.64,15.23,2.26,1.4,0.15,75.3,2.75,-3.49,290.46,32.48,97500.48,"86.22,45.01",2013-5-26,2.26,1.75,15.23,3.75,37.65,20.914285714285715,37.65
37420,8.84,9.21,1.41,0.61,0.15,73.12,-1.22,-3.52,286.87,37.03,93530.63,"88.07,45.24",2013-5-26,1.41,0.7625,9.21,3.75,36.56,12.628571428571428,36.56
37430,7.42,7.78,1.45,0.44,0.15,73.98,1.23,-5.15,281.93,46.3,87869.09,"89.94,45.44",2013-5-26,1.45,0.55,7.78,3.75,36.99,10.6,36.99
37440,47.21,49.59,11.0,1.56,0.26,87.8,0.42,3.9,293.77,34.89,89241.62,"117.44,45.67",2013-5-26,11.0,1.9500000000000002,49.59,6.5,43.9,65.2625,65.2625
37450,44.15,45.85,8.2,3.36,0.23,82.99,-2.93,5.27,294.67,27.69,89686.11,"119.31,45.51",2013-5-26,8.2,4.2,45.85,5.75,41.495,61.4375,61.4375
37460,35.37,37.05,8.19,3.01,0.24,81.27,-1.74,4.56,297.23,34.81,96140.77,"121.18,45.32",2013-5-26,8.19,3.7624999999999997,37.05,6.0,40.635,50.4625,50.4625
37470,50.71,53.45,13.88,4.86,0.3,85.72,0.96,9.33,297.43,43.6,99058.23,"123.04,45.11",2013-5-26,13.88,6.075,51.725,7.5,42.86,69.6375,69.6375
37480,55.67,82.48,13.86,9.06,0.47,97.36,2.87,9.91,296.74,46.44,98527.95,"124.89,44.87",2013-5-26,13.86,11.325000000000001,66.24000000000001,11.75,48.68,75.8375,75.8375
37490,54.54,79.13,10.4,14.11,0.5,92.83,3.05,8.49,296.13,51.27,98857.65,"126.72,44.61",2013-5-26,10.4,17.6375,64.565,12.5,46.415,74.425,74.425
37500,44.98,47.04,7.2,2.02,0.25,93.32,5.58,4.96,292.35,57.06,91530.56,"128.55,44.33",2013-5-26,7.2,2.525,47.04,6.25,46.66,62.474999999999994,62.474999999999994
37510,42.1,44.63,6.05,2.31,0.24,85.71,2.7,4.96,289.94,68.25,93409.11,"130.35,44.03",2013-5-26,6.05,2.8875,44.63,6.0,42.855,58.875,58.875
37520,12.97,13.29,1.83,0.69,0.15,74.65,-1.52,1.36,274.87,74.39,75781.59,"81.41,44.46",2013-5-26,1.83,0.8624999999999999,13.29,3.75,37.325,18.52857142857143,37.325
37530,45.31,45.61,1.52,0.84,0.15,78.7,9.06,-3.18,291.01,28.18,99598.77,"83.24,44.74",2013-5-26,1.52,1.05,45.61,3.75,39.35,62.8875,62.8875
37540,15.86,17.18,7.0,4.46,0.17,72.64,0.83,-2.07,291.29,31.99,98008.59,"85.08,45.0",2013-5-26,7.0,5.575,17.18,4.25,36.32,22.65714285714286,36.32
37550,12.78,13.18,1.46,0.94,0.15,73.83,-1.36,-2.38,289.22,32.71,96433.31,"86.93,45.24",2013-5-26,1.46,1.1749999999999998,13.18,3.75,36.915,18.257142857142856,36.915
37560,8.11,8.5,1.45,0.47,0.15,73.57,-1.37,-5.15,284.59,40.27,91280.48,"88.79,45.45",2013-5-26,1.45,0.5874999999999999,8.5,3.75,36.785,11.585714285714285,36.785
37570,7.12,7.49,1.54,0.52,0.15,76.58,3.92,-4.06,281.98,45.94,88055.24,"90.66,45.64",2013-5-26,1.54,0.65,7.49,3.75,38.29,10.171428571428573,38.29
37580,44.84,47.04,9.41,1.54,0.25,87.59,-0.53,3.64,294.94,30.69,90226.13,"118.02,45.76",2013-5-26,9.41,1.925,47.04,6.25,43.795,62.300000000000004,62.300000000000004
37590,37.54,38.66,5.45,1.54,0.21,80.51,-3.54,3.68,293.84,31.47,90024.02,"119.9,45.59",2013-5-26,5.45,1.925,38.66,5.25,40.255,53.175,53.175
37600,39.28,41.39,9.97,3.57,0.27,82.42,-0.4,6.34,297.63,38.01,97439.61,"121.77,45.39",2013-5-26,9.97,4.4624999999999995,41.39,6.75,41.21,55.35,55.35
37610,52.09,59.39,12.84,4.16,0.31,91.63,1.75,9.44,297.4,43.76,99179.02,"123.63,45.17",2013-5-26,12.84,5.2,54.695,7.75,45.815,71.36250000000001,71.36250000000001
37620,55.64,86.21,13.3,12.93,0.54,96.9,2.97,9.25,296.91,46.36,98848.54,"125.48,44.93",2013-5-26,13.3,16.1625,68.10499999999999,13.5,48.45,75.8,75.8
37630,51.93,67.67,9.97,10.2,0.44,93.03,2.57,7.47,295.64,54.6,98381.99,"127.31,44.66",2013-5-26,9.97,12.75,58.835,11.0,46.515,71.1625,71.1625
37640,43.57,45.87,6.58,2.9,0.25,83.02,1.43,6.88,294.58,58.34,97601.59,"129.13,44.37",2013-5-26,6.58,3.625,45.87,6.25,41.51,60.7125,60.7125
37650,39.46,41.82,5.71,2.43,0.23,85.53,1.68,3.8,292.8,59.12,97219.73,"130.94,44.06",2013-5-26,5.71,3.0375,41.82,5.75,42.765,55.575,55.575
37660,9.47,9.78,1.53,0.72,0.15,75.38,-3.51,2.9,284.21,45.05,89578.07,"81.92,44.68",2013-5-26,1.53,0.8999999999999999,9.78,3.75,37.69,13.52857142857143,37.69
37670,32.81,33.09,1.37,0.61,0.15,78.07,6.17,0.8,291.77,26.05,98541.9,"83.75,44.95",2013-5-26,1.37,0.7625,33.09,3.75,39.035,46.871428571428574,46.871428571428574
37680,14.97,15.67,3.36,1.66,0.15,77.12,1.57,-4.82,290.48,31.43,97819.95,"85.6,45.2",2013-5-26,3.36,2.0749999999999997,15.67,3.75,38.56,21.385714285714286,38.56
37690,10.03,10.41,1.47,0.67,0.15,74.26,-2.03,-3.19,288.03,34.25,95645.48,"87.45,45.43",2013-5-26,1.47,0.8375,10.41,3.75,37.13,14.328571428571427,37.13
37700,8.38,8.77,1.53,0.46,0.15,74.47,0.52,-5.62,283.39,43.06,90647.83,"89.32,45.64",2013-5-26,1.53,0.5750000000000001,8.77,3.75,37.235,11.971428571428573,37.235
37710,43.37,45.47,11.34,1.29,0.25,86.86,-1.11,5.11,292.95,39.92,88978.34,"116.72,46.0",2013-5-26,11.34,1.6125,45.47,6.25,43.43,60.4625,60.4625
37720,43.04,44.92,7.79,1.53,0.23,86.56,-1.09,3.92,295.25,27.43,90120.88,"118.61,45.84",2013-5-26,7.79,1.9125,44.92,5.75,43.28,60.05,60.05
37730,33.01,34.07,4.97,1.6,0.21,79.41,-3.82,2.57,294.93,32.15,92450.94,"120.49,45.66",2013-5-26,4.97,2.0,34.07,5.25,39.705,47.15714285714286,47.15714285714286
37740,43.07,45.45,11.07,3.75,0.29,84.06,-0.11,7.7,298.32,39.15,98766.33,"122.36,45.46",2013-5-26,11.07,4.6875,45.45,7.249999999999999,42.03,60.0875,60.0875
37750,54.38,66.27,14.06,6.04,0.35,92.95,2.33,9.31,297.4,44.2,99302.51,"124.22,45.23",2013-5-26,14.06,7.55,58.135,8.75,46.475,74.225,74.225
37760,57.39,95.35,14.38,22.55,0.67,93.82,3.34,9.1,296.94,46.89,98879.4,"126.06,44.98",2013-5-26,14.38,28.1875,72.675,16.75,46.91,77.9875,77.9875
37770,48.59,56.6,8.57,4.93,0.36,94.43,2.07,7.43,295.35,56.52,97874.85,"127.9,44.71",2013-5-26,8.57,6.1625,53.3,9.0,47.215,66.98750000000001,66.98750000000001
37780,41.39,43.36,6.37,1.98,0.24,89.02,1.02,7.3,292.38,62.43,95185.71,"129.72,44.41",2013-5-26,6.37,2.475,43.36,6.0,44.51,57.9875,57.9875
37790,5.0,5.3,1.75,0.59,0.15,85.88,0.81,0.84,270.95,83.6,69850.05,"80.6,44.6",2013-5-26,1.75,0.7374999999999999,5.3,3.75,42.94,7.142857142857143,42.94
37800,9.39,9.8,2.15,0.87,0.16,77.2,-0.41,-6.4,290.01,30.35,97892.31,"82.43,44.89",2013-5-26,2.15,1.0875,9.8,4.0,38.6,13.414285714285715,38.6
37810,15.2,15.52,1.45,0.67,0.15,78.1,0.67,-1.11,291.19,27.97,97314.45,"84.27,45.16",2013-5-26,1.45,0.8375,15.52,3.75,39.05,21.714285714285715,39.05
37820,20.51,20.95,2.1,1.16,0.15,76.95,1.41,-3.96,290.54,28.44,97887.4,"86.12,45.41",2013-5-26,2.1,1.45,20.95,3.75,38.475,29.300000000000004,38.475
37830,7.61,7.98,1.49,0.52,0.15,74.56,-2.72,-4.66,286.24,37.94,94088.28,"87.98,45.63",2013-5-26,1.49,0.65,7.98,3.75,37.28,10.871428571428572,37.28
37840,8.5,8.89,1.55,0.53,0.15,73.47,1.77,-5.69,281.65,47.73,88723.74,"89.86,45.83",2013-5-26,1.55,0.6625000000000001,8.89,3.75,36.735,12.142857142857142,36.735
37850,42.8,44.9,10.45,1.29,0.25,85.98,-0.35,4.03,293.1,38.49,89309.36,"117.31,46.08",2013-5-26,10.45,1.6125,44.9,6.25,42.99,59.75,59.75
37860,43.92,45.27,6.04,1.51,0.22,83.41,-3.04,4.42,294.68,27.06,89971.45,"119.2,45.92",2013-5-26,6.04,1.8875,45.27,5.5,41.705,61.150000000000006,61.150000000000006
37870,32.39,33.39,5.5,2.07,0.21,80.18,-2.56,2.49,294.56,35.23,93323.23,"121.08,45.73",2013-5-26,5.5,2.5875,33.39,5.25,40.09,46.27142857142857,46.27142857142857
37880,48.32,51.21,14.07,6.05,0.31,83.34,0.69,8.3,298.01,41.24,99061.77,"122.95,45.52",2013-5-26,14.07,7.5625,50.605000000000004,7.75,41.67,66.65,66.65
37890,58.52,81.65,18.4,19.49,0.51,88.92,3.26,8.85,297.58,43.44,99282.79,"124.81,45.29",2013-5-26,18.4,24.362499999999997,65.825,12.75,44.46,79.4,79.4
37900,56.52,90.2,12.78,23.13,0.7,91.11,3.29,8.57,297.01,47.47,99069.72,"126.65,45.03",2013-5-26,12.78,28.912499999999998,70.1,17.5,45.555,76.9,76.9
37910,43.94,47.4,7.79,2.34,0.29,95.39,5.39,5.36,295.2,50.72,95464.45,"128.49,44.75",2013-5-26,7.79,2.925,47.4,7.249999999999999,47.695,61.175,61.175
37920,40.16,42.01,6.17,2.06,0.24,87.62,3.17,5.97,292.52,61.95,95161.41,"130.3,44.45",2013-5-26,6.17,2.575,42.01,6.0,43.81,56.449999999999996,56.449999999999996
37930,5.74,6.08,2.02,0.96,0.15,83.32,-1.49,-1.54,279.75,53.11,82442.61,"81.11,44.82",2013-5-26,2.02,1.2,6.08,3.75,41.66,8.200000000000001,41.66
37940,59.38,59.7,1.52,0.52,0.14,81.03,5.55,-9.41,290.13,25.19,96515.77,"82.94,45.11",2013-5-26,1.52,0.65,54.85,3.5000000000000004,40.515,80.475,80.475
37950,10.0,10.93,6.0,3.77,0.16,74.94,1.22,-3.29,290.93,29.26,97786.91,"84.79,45.37",2013-5-26,6.0,4.7125,10.93,4.0,37.47,14.285714285714286,37.47
37960,12.47,12.82,1.52,0.6,0.15,77.65,-1.19,-1.04,289.53,31.32,97412.88,"86.65,45.61",2013-5-26,1.52,0.75,12.82,3.75,38.825,17.814285714285717,38.825
37970,9.03,9.41,1.54,0.5,0.15,73.95,-1.05,-5.55,284.15,41.92,92185.58,"88.52,45.82",2013-5-26,1.54,0.625,9.41,3.75,36.975,12.899999999999999,36.975
37980,7.92,8.3,1.63,0.56,0.15,75.53,4.53,-4.83,281.45,47.55,88557.86,"90.4,46.01",2013-5-26,1.63,0.7000000000000001,8.3,3.75,37.765,11.314285714285715,37.765
37990,40.51,42.51,9.4,1.28,0.24,84.72,-0.96,3.27,293.6,37.0,90095.17,"117.71,46.18",2013-5-26,9.4,1.6,42.51,6.0,42.36,56.887499999999996,56.887499999999996
38000,38.65,39.76,5.83,2.42,0.21,79.84,-4.54,3.77,292.99,30.88,89220.7,"119.6,46.01",2013-5-26,5.83,3.025,39.76,5.25,39.92,54.5625,54.5625
38010,32.86,34.2,6.2,2.84,0.22,77.35,-2.31,2.01,295.3,35.31,94934.95,"121.48,45.82",2013-5-26,6.2,3.55,34.2,5.5,38.675,46.94285714285714,46.94285714285714
38020,48.91,51.62,12.71,4.31,0.3,85.18,1.3,8.37,297.79,41.8,99070.74,"123.35,45.61",2013-5-26,12.71,5.387499999999999,50.81,7.5,42.59,67.38749999999999,67.38749999999999
38030,58.75,84.79,16.18,20.77,0.64,89.73,3.29,8.55,297.76,42.75,99251.31,"125.21,45.37",2013-5-26,16.18,25.9625,67.39500000000001,16.0,44.865,79.6875,79.6875
38040,56.11,88.11,13.69,33.14,0.8,88.56,3.01,8.08,296.69,49.11,98938.28,"127.06,45.11",2013-5-26,13.69,41.425,69.055,20.0,44.28,76.3875,76.3875
38050,40.52,42.98,7.57,2.97,0.28,88.44,2.69,3.47,293.48,56.38,94188.98,"128.89,44.82",2013-5-26,7.57,3.7125000000000004,42.98,7.000000000000001,44.22,56.900000000000006,56.900000000000006
38060,39.73,41.95,6.05,2.64,0.24,85.14,2.06,4.76,291.79,64.32,95095.33,"130.71,44.51",2013-5-26,6.05,3.3000000000000003,41.95,6.0,42.57,55.912499999999994,55.912499999999994
38070,6.31,6.69,1.95,0.75,0.15,80.12,-0.67,1.21,286.23,40.19,92154.35,"81.62,45.04",2013-5-26,1.95,0.9375,6.69,3.75,40.06,9.014285714285714,40.06
38080,2.15,2.43,1.29,0.4,0.14,81.2,0.29,-5.33,281.78,37.04,84410.0,"83.45,45.32",2013-5-26,1.29,0.5,2.43,3.5000000000000004,40.6,3.071428571428571,40.6
38090,12.8,13.66,4.83,2.77,0.16,77.0,2.51,-6.92,291.12,27.66,98616.16,"85.31,45.57",2013-5-26,4.83,3.4625,13.66,4.0,38.5,18.28571428571429,38.5
38100,10.77,11.12,1.55,0.48,0.15,76.15,-3.99,-2.85,287.71,35.05,96110.64,"87.17,45.8",2013-5-26,1.55,0.6,11.12,3.75,38.075,15.385714285714286,38.075
38110,9.99,10.39,1.6,0.54,0.15,73.7,0.89,-6.04,283.51,42.74,91912.75,"89.05,46.01",2013-5-26,1.6,0.675,10.39,3.75,36.85,14.271428571428572,36.85
38120,6.58,6.9,1.54,0.51,0.14,78.5,6.31,-5.09,278.1,54.16,84334.89,"90.94,46.2",2013-5-26,1.54,0.6375,6.9,3.5000000000000004,39.25,9.4,39.25
38130,43.75,45.04,5.31,1.03,0.21,83.25,-3.17,4.11,293.63,29.17,89137.59,"119.06,46.2",2013-5-26,5.31,1.2875,45.04,5.25,41.625,60.9375,60.9375
38140,29.98,30.81,4.77,1.69,0.2,80.09,-3.66,2.71,293.84,33.99,92470.34,"120.95,46.01",2013-5-26,4.77,2.1125,30.81,5.0,40.045,42.82857142857143,42.82857142857143
38150,38.79,41.08,10.03,5.26,0.26,80.17,-0.05,5.76,297.93,36.73,98783.95,"122.83,45.8",2013-5-26,10.03,6.574999999999999,41.08,6.5,40.085,54.7375,54.7375
38160,55.38,68.43,14.33,8.6,0.44,88.83,2.99,8.68,297.73,42.07,99313.42,"124.69,45.57",2013-5-26,14.33,10.75,59.215,11.0,44.415,75.475,75.475
38170,59.56,96.99,15.7,58.33,0.94,90.52,3.23,8.5,297.34,45.6,99077.19,"126.55,45.32",2013-5-26,15.7,72.9125,73.495,23.5,45.26,80.7,80.7
38180,45.13,51.91,8.11,4.42,0.35,92.57,4.16,6.52,295.95,53.57,97934.32,"128.38,45.04",2013-5-26,8.11,5.525,50.955,8.75,46.285,62.6625,62.6625
38190,39.98,41.76,7.0,3.01,0.24,87.42,4.04,5.44,293.62,58.81,95313.85,"130.21,44.74",2013-5-26,7.0,3.7624999999999997,41.76,6.0,43.71,56.224999999999994,56.224999999999994
38200,2.88,3.16,1.7,0.5,0.14,91.23,1.02,-3.86,274.53,56.34,75773.59,"80.66,45.02",2013-5-26,1.7,0.625,3.16,3.5000000000000004,45.615,4.114285714285714,45.615
38210,2.07,2.36,1.35,0.42,0.14,82.21,1.84,-7.02,276.86,45.74,79247.81,"83.05,45.39",2013-5-26,1.35,0.525,2.36,3.5000000000000004,41.105,2.957142857142857,41.105
38220,23.56,25.4,12.89,8.02,0.19,72.73,4.57,-8.15,288.57,31.61,95197.33,"84.9,45.65",2013-5-26,12.89,10.024999999999999,25.4,4.75,36.365,33.65714285714286,36.365
38230,16.16,16.5,1.54,0.44,0.15,77.02,-1.93,-0.69,288.5,32.67,96612.06,"86.77,45.89",2013-5-26,1.54,0.55,16.5,3.75,38.51,23.085714285714285,38.51
38240,10.5,10.9,1.63,0.56,0.15,74.81,0.28,-6.27,283.33,42.91,92000.08,"88.64,46.1",2013-5-26,1.63,0.7000000000000001,10.9,3.75,37.405,15.0,37.405
38250,7.55,7.92,1.69,0.69,0.15,77.3,4.9,-4.63,280.17,49.57,87180.16,"90.53,46.29",2013-5-26,1.69,0.8624999999999999,7.92,3.75,38.65,10.785714285714286,38.65
38260,41.6,42.97,5.62,0.98,0.21,82.74,-3.06,3.85,293.61,31.08,89532.73,"118.9,46.35",2013-5-26,5.62,1.225,42.97,5.25,41.37,58.25,58.25
38270,28.49,29.4,4.3,1.47,0.2,78.83,-3.69,3.09,294.04,33.37,93129.4,"120.79,46.16",2013-5-26,4.3,1.8375,29.4,5.0,39.415,40.699999999999996,40.699999999999996
38280,34.69,36.47,7.2,3.2,0.23,79.58,-0.59,4.27,297.2,35.42,97936.06,"122.67,45.96",2013-5-26,7.2,4.0,36.47,5.75,39.79,49.55714285714286,49.55714285714286
38290,53.83,64.84,14.13,8.12,0.41,87.23,2.72,8.31,297.77,41.58,99256.01,"124.54,45.73",2013-5-26,14.13,10.149999999999999,57.42,10.25,43.615,73.5375,73.5375
38300,60.83,98.94,16.15,72.87,1.0,90.67,3.33,8.6,297.35,44.52,98864.78,"126.4,45.47",2013-5-26,16.15,91.0875,74.47,25.0,45.335,82.2875,91.0875
38310,46.73,57.15,9.27,7.98,0.43,93.79,3.79,6.67,295.91,54.25,98300.94,"128.24,45.2",2013-5-26,9.27,9.975000000000001,53.575,10.75,46.895,64.6625,64.6625
38320,40.2,42.03,7.7,3.91,0.24,86.35,3.7,6.29,293.78,59.49,96509.98,"130.07,44.9",2013-5-26,7.7,4.8875,42.03,6.0,43.175,56.5,56.5
38330,2.11,2.41,1.43,0.55,0.14,78.57,1.58,-7.41,276.67,50.81,80594.31,"82.82,45.49",2013-5-26,1.43,0.6875,2.41,3.5000000000000004,39.285,3.0142857142857142,39.285
38340,7.31,7.85,3.66,1.99,0.15,77.36,5.61,-8.0,284.08,40.68,90380.12,"84.68,45.76",2013-5-26,3.66,2.4875,7.85,3.75,38.68,10.442857142857143,38.68
38350,20.01,20.35,1.52,0.4,0.15,76.28,-0.49,-0.03,289.46,29.77,97565.2,"86.55,46.0",2013-5-26,1.52,0.5,20.35,3.75,38.14,28.58571428571429,38.14
38360,11.27,11.66,1.65,0.54,0.15,75.56,0.23,-6.45,283.37,42.48,92328.02,"88.43,46.21",2013-5-26,1.65,0.675,11.66,3.75,37.78,16.1,37.78
38370,8.14,8.54,1.79,0.78,0.15,77.33,4.53,-4.7,279.78,50.75,87059.78,"90.32,46.41",2013-5-26,1.79,0.9750000000000001,8.54,3.75,38.665,11.62857142857143,38.665
38380,39.24,40.59,5.43,0.97,0.21,81.69,-2.92,3.0,293.25,32.79,89771.39,"118.92,46.48",2013-5-26,5.43,1.2125,40.59,5.25,40.845,55.300000000000004,55.300000000000004
38390,26.97,27.87,4.11,1.35,0.2,78.69,-4.01,1.99,293.74,33.69,92848.66,"120.82,46.29",2013-5-26,4.11,1.6875,27.87,5.0,39.345,38.528571428571425,39.345
38400,33.09,34.74,6.59,2.98,0.22,78.77,-0.45,3.64,297.19,35.04,98004.26,"122.7,46.09",2013-5-26,6.59,3.725,34.74,5.5,39.385,47.27142857142858,47.27142857142858
38410,52.22,63.51,13.38,7.64,0.41,86.88,2.75,8.04,297.79,41.42,99214.17,"124.58,45.86",2013-5-26,13.38,9.549999999999999,56.754999999999995,10.25,43.44,71.525,71.525
38420,60.24,100.54,16.24,68.55,1.0,90.3,3.37,8.59,297.58,43.48,98977.77,"126.44,45.6",2013-5-26,16.24,85.6875,75.27000000000001,25.0,45.15,81.55000000000001,85.6875
38430,46.92,58.73,9.34,9.12,0.45,90.55,4.05,6.91,296.11,54.14,98894.62,"128.28,45.33",2013-5-26,9.34,11.399999999999999,54.364999999999995,11.25,45.275,64.9,64.9
38440,40.08,42.14,7.61,4.06,0.24,83.76,3.93,6.45,293.36,61.87,96572.3,"130.12,45.03",2013-5-26,7.61,5.074999999999999,42.14,6.0,41.88,56.349999999999994,56.349999999999994
38450,2.25,2.59,1.48,0.6,0.14,76.7,3.07,-5.78,277.8,50.09,82328.95,"83.34,45.71",2013-5-26,1.48,0.75,2.59,3.5000000000000004,38.35,3.2142857142857144,38.35
38460,10.54,10.93,1.83,0.6,0.15,76.48,4.51,-6.99,287.45,33.85,95012.5,"85.2,45.96",2013-5-26,1.83,0.75,10.93,3.75,38.24,15.057142857142857,38.24
38470,8.96,9.32,1.61,0.39,0.15,74.87,-5.68,-1.81,286.37,36.68,95084.79,"87.08,46.19",2013-5-26,1.61,0.48750000000000004,9.32,3.75,37.435,12.8,37.435
38480,11.58,11.99,1.72,0.62,0.15,75.79,2.82,-5.77,283.44,41.65,92455.49,"88.96,46.4",2013-5-26,1.72,0.775,11.99,3.75,37.895,16.542857142857144,37.895
38490,5.3,5.6,1.43,0.38,0.14,83.26,6.03,-5.19,273.64,61.9,78996.97,"90.86,46.59",2013-5-26,1.43,0.475,5.6,3.5000000000000004,41.63,7.571428571428571,41.63
38500,28.83,29.72,4.38,1.45,0.2,78.51,-4.21,3.39,290.31,35.86,87592.7,"119.9,46.52",2013-5-26,4.38,1.8125,29.72,5.0,39.255,41.18571428571428,41.18571428571428
38510,28.56,29.75,5.16,2.32,0.2,77.43,-2.93,1.46,295.57,33.03,95975.91,"121.79,46.32",2013-5-26,5.16,2.9,29.75,5.0,38.715,40.8,40.8
38520,37.81,39.84,8.1,3.67,0.24,81.16,0.77,5.61,297.72,37.53,99101.48,"123.67,46.1",2013-5-26,8.1,4.5875,39.84,6.0,40.58,53.5125,53.5125
38530,56.26,88.55,14.62,25.62,0.78,90.01,3.71,8.23,297.38,42.37,98536.84,"125.54,45.86",2013-5-26,14.62,32.025,69.275,19.5,45.005,76.57499999999999,76.57499999999999
38540,52.52,84.01,15.47,39.76,0.89,94.78,3.33,8.69,295.24,50.79,96491.07,"127.4,45.6",2013-5-26,15.47,49.699999999999996,67.005,22.25,47.39,71.9,71.9
38550,40.03,41.87,6.59,1.97,0.23,87.34,7.31,6.38,292.39,58.5,92476.34,"129.24,45.31",2013-5-26,6.59,2.4625,41.87,5.75,43.67,56.2875,56.2875
38560,37.68,39.54,7.04,4.16,0.25,86.36,4.36,6.23,294.18,56.32,95685.41,"131.07,45.0",2013-5-26,7.04,5.2,39.54,6.25,43.18,53.35,53.35
38570,2.84,3.22,1.8,1.04,0.15,74.71,5.9,-5.54,277.89,58.82,84608.93,"83.86,45.91",2013-5-26,1.8,1.3,3.22,3.75,37.355,4.057142857142857,37.355
38580,11.96,12.36,1.67,0.64,0.15,77.76,3.09,-3.88,289.07,28.7,97095.39,"85.73,46.16",2013-5-26,1.67,0.8,12.36,3.75,38.88,17.08571428571429,38.88
38590,9.18,9.54,1.73,0.46,0.15,77.32,-2.42,-6.45,285.32,39.03,95396.68,"87.61,46.39",2013-5-26,1.73,0.5750000000000001,9.54,3.75,38.66,13.114285714285714,38.66
38600,11.12,11.53,1.8,0.64,0.15,76.41,3.37,-5.17,282.51,43.76,91294.23,"89.5,46.59",2013-5-26,1.8,0.8,11.53,3.75,38.205,15.885714285714284,38.205
38610,25.59,26.44,4.0,1.17,0.2,79.4,-3.38,3.3,290.96,35.38,88976.18,"120.12,46.63",2013-5-26,4.0,1.4625,26.44,5.0,39.7,36.55714285714286,39.7
38620,27.73,28.87,4.82,2.18,0.2,76.73,-2.46,1.08,295.08,33.88,95790.29,"122.01,46.43",2013-5-26,4.82,2.725,28.87,5.0,38.365,39.614285714285714,39.614285714285714
38630,36.71,38.68,7.65,3.47,0.24,81.02,1.09,5.26,297.7,37.11,99158.27,"123.89,46.21",2013-5-26,7.65,4.3375,38.68,6.0,40.51,52.1375,52.1375
38640,55.02,88.13,13.5,26.87,0.81,90.97,3.95,8.16,297.72,41.49,98830.98,"125.77,45.97",2013-5-26,13.5,33.5875,69.065,20.25,45.485,75.025,75.025
38650,50.6,79.36,14.53,30.69,0.79,95.1,4.34,8.42,296.24,47.55,97421.23,"127.63,45.7",2013-5-26,14.53,38.362500000000004,64.68,19.75,47.55,69.5,69.5
38660,38.64,40.04,6.59,2.05,0.23,87.1,5.67,5.2,294.28,53.73,94953.67,"129.47,45.41",2013-5-26,6.59,2.5625,40.04,5.75,43.55,54.55,54.55
38670,36.97,39.02,7.07,4.8,0.25,82.69,2.89,5.22,294.85,55.73,97179.45,"131.3,45.09",2013-5-26,7.07,6.0,39.02,6.25,41.345,52.4625,52.4625
38680,3.04,3.44,1.71,1.05,0.15,74.02,6.16,-3.88,280.52,54.47,88452.32,"84.01,46.07",2013-5-26,1.71,1.3125,3.44,3.75,37.01,4.342857142857143,37.01
38690,19.61,19.98,1.52,0.51,0.14,77.63,3.79,-3.64,287.07,30.14,94090.47,"85.88,46.32",2013-5-26,1.52,0.6375,19.98,3.5000000000000004,38.815,28.014285714285712,38.815
38700,12.64,13.01,1.77,0.55,0.15,78.81,-0.16,-8.07,284.73,39.08,94830.63,"87.77,46.54",2013-5-26,1.77,0.6875,13.01,3.75,39.405,18.057142857142857,39.405
38710,10.61,11.08,2.48,1.19,0.15,77.9,3.11,-4.46,281.25,45.95,90056.26,"89.67,46.74",2013-5-26,2.48,1.4874999999999998,11.08,3.75,38.95,15.157142857142857,38.95
38720,22.11,22.79,3.82,1.1,0.19,80.97,-3.69,2.03,292.32,33.31,91056.77,"120.52,46.72",2013-5-26,3.82,1.375,22.79,4.75,40.485,31.585714285714285,40.485
38730,27.17,28.35,4.55,2.1,0.2,76.4,-1.95,0.91,296.11,32.68,97263.69,"122.42,46.52",2013-5-26,4.55,2.625,28.35,5.0,38.2,38.81428571428572,38.81428571428572
38740,37.74,39.97,7.73,3.72,0.24,82.38,1.73,4.83,296.42,41.63,99210.46,"124.3,46.29",2013-5-26,7.73,4.65,39.97,6.0,41.19,53.425000000000004,53.425000000000004
38750,54.34,88.66,12.92,34.09,0.85,91.28,3.66,7.86,298.06,40.57,99245.03,"126.18,46.04",2013-5-26,12.92,42.612500000000004,69.33,21.25,45.64,74.17500000000001,74.17500000000001
38760,48.62,69.68,11.74,17.3,0.63,89.98,3.17,7.2,296.81,47.17,98514.04,"128.04,45.77",2013-5-26,11.74,21.625,59.84,15.75,44.99,67.025,67.025
38770,37.61,39.06,7.27,3.06,0.23,86.19,3.33,5.74,294.63,56.34,96714.48,"129.88,45.48",2013-5-26,7.27,3.825,39.06,5.75,43.095,53.2625,53.2625
38780,2.52,2.94,1.78,0.63,0.15,76.61,3.08,0.48,282.09,49.41,90877.17,"82.48,45.98",2013-5-26,1.78,0.7875,2.94,3.75,38.305,3.6,38.305
38790,2.79,3.22,1.93,0.73,0.14,74.35,6.62,-4.74,282.2,46.59,89082.09,"84.35,46.25",2013-5-26,1.93,0.9125,3.22,3.5000000000000004,37.175,3.9857142857142858,37.175
38800,7.69,8.08,1.62,0.48,0.15,74.85,1.52,-0.83,285.4,33.99,91716.19,"86.23,46.49",2013-5-26,1.62,0.6,8.08,3.75,37.425,10.985714285714286,37.425
38810,14.24,14.63,1.84,0.59,0.15,79.2,3.04,-7.27,283.99,39.44,93891.21,"88.12,46.71",2013-5-26,1.84,0.7374999999999999,14.63,3.75,39.6,20.342857142857145,39.6
38820,8.35,8.73,1.82,0.74,0.15,80.53,4.32,-4.12,276.22,59.48,83697.62,"90.02,46.91",2013-5-26,1.82,0.925,8.73,3.75,40.265,11.928571428571429,40.265
38830,21.88,22.57,3.76,1.18,0.19,80.75,-3.44,0.97,292.45,34.34,91808.97,"120.93,46.82",2013-5-26,3.76,1.4749999999999999,22.57,4.75,40.375,31.257142857142856,40.375
38840,27.41,28.79,5.72,3.01,0.21,76.15,-0.95,0.98,296.7,31.75,98185.7,"122.83,46.61",2013-5-26,5.72,3.7624999999999997,28.79,5.25,38.075,39.15714285714286,39.15714285714286
38850,42.08,52.91,13.06,12.03,0.35,79.54,2.29,5.58,297.75,38.11,99257.35,"124.72,46.38",2013-5-26,13.06,15.0375,51.455,8.75,39.77,58.849999999999994,58.849999999999994
38860,55.53,99.66,17.58,38.36,0.87,87.93,3.82,7.99,298.1,40.52,99287.05,"126.59,46.12",2013-5-26,17.58,47.95,74.83,21.75,43.965,75.6625,75.6625
38870,46.18,57.95,9.87,8.72,0.43,90.71,3.11,7.14,296.52,49.57,98816.05,"128.45,45.84",2013-5-26,9.87,10.9,53.975,10.75,45.355,63.975,63.975
38880,37.58,39.23,7.21,3.5,0.24,84.08,2.19,5.21,292.61,64.38,95412.12,"130.29,45.54",2013-5-26,7.21,4.375,39.23,6.0,42.04,53.224999999999994,53.224999999999994
38890,34.95,36.73,4.8,1.5,0.22,76.23,1.27,13.04,286.37,83.08,100594.45,"132.67,45.12",2013-5-26,4.8,1.875,36.73,5.5,38.115,49.92857142857143,49.92857142857143
38900,2.88,3.33,1.83,0.63,0.14,73.34,4.69,-7.32,275.67,67.73,81781.67,"84.12,46.35",2013-5-26,1.83,0.7875,3.33,3.5000000000000004,36.67,4.114285714285714,36.67
38910,4.83,5.24,1.75,0.63,0.14,76.35,3.9,-2.41,283.73,34.66,89836.15,"86.0,46.6",2013-5-26,1.75,0.7875,5.24,3.5000000000000004,38.175,6.9,38.175
38920,16.35,16.73,1.9,0.52,0.15,80.23,3.33,-7.29,284.66,37.86,94901.62,"87.9,46.82",2013-5-26,1.9,0.65,16.73,3.75,40.115,23.35714285714286,40.115
38930,9.36,9.78,2.0,0.92,0.15,81.72,3.09,-2.22,278.21,53.2,86329.5,"89.8,47.02",2013-5-26,2.0,1.1500000000000001,9.78,3.75,40.86,13.37142857142857,40.86
38940,20.8,21.5,3.62,1.13,0.19,80.28,-3.01,1.37,290.6,36.78,89685.41,"120.77,46.97",2013-5-26,3.62,1.4124999999999999,21.5,4.75,40.14,29.714285714285715,40.14
38950,24.8,25.99,4.5,2.32,0.2,76.64,-1.55,0.3,295.98,31.4,97472.99,"122.67,46.76",2013-5-26,4.5,2.9,25.99,5.0,38.32,35.42857142857143,38.32
38960,34.44,39.99,7.37,4.73,0.27,80.09,2.07,4.35,297.51,37.01,99117.3,"124.56,46.53",2013-5-26,7.37,5.9125000000000005,39.99,6.75,40.045,49.199999999999996,49.199999999999996
38970,51.53,86.05,12.95,28.16,0.78,90.16,3.89,7.51,298.27,39.73,99347.59,"126.44,46.28",2013-5-26,12.95,35.2,68.025,19.5,45.08,70.6625,70.6625
38980,46.7,61.76,10.67,11.72,0.49,88.43,3.61,6.08,297.47,45.49,99501.94,"128.3,46.0",2013-5-26,10.67,14.65,55.879999999999995,12.25,44.215,64.625,64.625
38990,37.03,38.56,7.12,3.12,0.24,85.8,2.07,5.92,294.09,57.6,96352.44,"130.15,45.7",2013-5-26,7.12,3.9000000000000004,38.56,6.0,42.9,52.5375,52.5375
39000,34.01,36.03,5.14,2.4,0.23,79.52,-1.42,5.26,291.92,68.26,99823.4,"131.99,45.38",2013-5-26,5.14,3.0,36.03,5.75,39.76,48.58571428571428,48.58571428571428
39010,3.07,3.59,2.04,0.99,0.15,72.71,2.44,-1.81,287.09,41.02,97126.98,"83.33,46.38",2013-5-26,2.04,1.2375,3.59,3.75,36.355,4.385714285714285,36.355
39020,2.16,2.49,1.63,0.29,0.14,78.6,3.39,-10.27,276.13,55.34,83157.64,"85.21,46.63",2013-5-26,1.63,0.3625,2.49,3.5000000000000004,39.3,3.085714285714286,39.3
39030,10.72,11.06,1.66,0.27,0.15,81.31,2.76,-8.37,283.74,39.14,93149.24,"87.11,46.87",2013-5-26,1.66,0.3375,11.06,3.75,40.655,15.314285714285715,40.655
39040,11.95,12.38,1.94,0.64,0.15,76.88,4.64,-4.5,282.76,42.67,92494.63,"89.01,47.08",2013-5-26,1.94,0.8,12.38,3.75,38.44,17.07142857142857,38.44
39050,27.05,27.91,3.78,1.3,0.19,77.82,-5.3,3.75,288.87,39.64,86887.37,"120.03,47.17",2013-5-26,3.78,1.625,27.91,4.75,38.91,38.642857142857146,38.91
39060,21.02,21.95,3.78,1.63,0.19,78.38,-2.91,0.29,294.14,33.29,95069.12,"121.94,46.97",2013-5-26,3.78,2.0374999999999996,21.95,4.75,39.19,30.02857142857143,39.19
39070,28.85,30.56,5.9,4.19,0.21,75.86,0.39,1.81,297.29,33.61,99067.15,"123.84,46.75",2013-5-26,5.9,5.237500000000001,30.56,5.25,37.93,41.214285714285715,41.214285714285715
39080,45.25,68.8,14.06,18.15,0.6,83.25,3.69,6.23,297.7,39.55,98874.41,"125.73,46.51",2013-5-26,14.06,22.6875,59.4,15.0,41.625,62.8125,62.8125
39090,51.74,83.6,15.25,28.94,0.75,90.28,3.61,7.01,297.47,43.31,98947.33,"127.6,46.24",2013-5-26,15.25,36.175000000000004,66.8,18.75,45.14,70.92500000000001,70.92500000000001
39100,39.97,41.36,8.01,2.53,0.25,91.97,5.84,5.29,296.85,48.14,98844.45,"129.46,45.95",2013-5-26,8.01,3.1624999999999996,41.36,6.25,45.985,56.2125,56.2125
39110,37.4,39.42,8.33,5.95,0.25,82.55,3.62,5.93,294.42,56.35,97232.38,"131.3,45.64",2013-5-26,8.33,7.4375,39.42,6.25,41.275,53.0,53.0
39120,3.55,4.08,1.92,0.75,0.16,74.44,4.14,-1.61,286.76,40.54,96598.02,"82.73,46.43",2013-5-26,1.92,0.9375,4.08,4.0,37.22,5.071428571428571,37.22
39130,2.55,3.01,1.94,0.55,0.15,77.42,3.41,-8.88,272.65,79.39,80740.16,"84.61,46.69",2013-5-26,1.94,0.6875,3.01,3.75,38.71,3.642857142857143,38.71
39140,3.93,4.32,1.61,0.32,0.15,80.8,3.19,-4.12,280.5,41.31,86822.77,"86.5,46.93",2013-5-26,1.61,0.4,4.32,3.75,40.4,5.614285714285715,40.4
39150,13.98,14.42,2.16,0.72,0.16,78.25,5.4,-5.6,283.74,40.33,93981.26,"88.41,47.15",2013-5-26,2.16,0.8999999999999999,14.42,4.0,39.125,19.97142857142857,39.125
39160,4.68,4.92,1.43,0.36,0.14,86.32,7.37,-0.14,266.07,88.94,71338.83,"90.32,47.34",2013-5-26,1.43,0.44999999999999996,4.92,3.5000000000000004,43.16,6.685714285714285,43.16
39170,19.69,20.43,3.59,1.28,0.19,78.49,-3.07,0.83,291.52,37.62,92151.66,"121.21,47.19",2013-5-26,3.59,1.6,20.43,4.75,39.245,28.12857142857143,39.245
39180,23.61,24.92,4.43,2.72,0.2,75.64,-1.17,-0.41,296.51,30.43,98572.25,"123.12,46.97",2013-5-26,4.43,3.4000000000000004,24.92,5.0,37.82,33.72857142857143,37.82
39190,43.91,59.68,31.13,41.26,0.42,59.91,2.49,4.06,297.56,36.0,99012.57,"125.01,46.74",2013-5-26,31.13,51.574999999999996,54.84,10.5,29.955,61.137499999999996,61.137499999999996
39200,51.22,88.83,16.5,29.2,0.76,86.09,4.26,7.36,297.98,39.7,98924.59,"126.89,46.48",2013-5-26,16.5,36.5,69.41499999999999,19.0,43.045,70.275,70.275
39210,43.78,50.58,9.31,5.51,0.32,87.3,2.93,5.63,295.25,52.25,98123.8,"128.76,46.2",2013-5-26,9.31,6.887499999999999,50.29,8.0,43.65,60.975,60.975
39220,36.32,38.2,7.39,3.75,0.24,83.27,3.82,5.46,297.06,48.27,99194.36,"130.61,45.9",2013-5-26,7.39,4.6875,38.2,6.0,41.635,51.65,51.65
39230,34.39,36.33,4.39,1.76,0.22,75.65,-1.05,9.12,288.17,78.76,100185.55,"132.45,45.57",2013-5-26,4.39,2.2,36.33,5.5,37.825,49.12857142857143,49.12857142857143
39240,2.76,3.44,2.34,0.8,0.16,74.97,-4.46,0.02,283.34,49.2,94074.05,"84.01,46.74",2013-5-26,2.34,1.0,3.44,4.0,37.485,3.9428571428571426,37.485
39250,2.12,2.52,1.68,0.3,0.14,80.38,3.7,-5.81,272.92,54.02,77833.04,"85.9,46.99",2013-5-26,1.68,0.375,2.52,3.5000000000000004,40.19,3.028571428571429,40.19
39260,13.22,13.62,2.24,0.61,0.16,79.37,5.65,-6.46,284.87,37.42,95497.19,"87.8,47.21",2013-5-26,2.24,0.7625,13.62,4.0,39.685,18.885714285714286,39.685
39270,6.94,7.28,1.54,0.48,0.15,85.66,5.14,-1.62,271.13,75.99,77631.96,"89.72,47.41",2013-5-26,1.54,0.6,7.28,3.75,42.83,9.914285714285715,42.83
39280,25.8,26.78,4.24,1.58,0.19,77.46,-4.58,2.49,289.49,41.49,88516.73,"119.9,47.45",2013-5-26,4.24,1.975,26.78,4.75,38.73,36.85714285714286,38.73
39290,18.43,19.2,3.46,1.49,0.19,78.89,-2.41,-0.96,291.6,36.91,92563.7,"121.81,47.25",2013-5-26,3.46,1.8625,19.2,4.75,39.445,26.32857142857143,39.445
39300,25.42,27.41,6.97,6.16,0.21,72.3,-0.32,0.13,296.78,31.37,99038.29,"123.72,47.04",2013-5-26,6.97,7.7,27.41,5.25,36.15,36.31428571428572,36.31428571428572
39310,37.63,50.19,12.44,16.23,0.4,78.33,2.97,5.04,297.24,37.77,98536.3,"125.61,46.79",2013-5-26,12.44,20.2875,50.095,10.0,39.165,53.2875,53.2875
39320,50.76,79.11,15.48,25.95,0.7,86.42,3.71,6.97,297.13,41.58,98161.62,"127.49,46.53",2013-5-26,15.48,32.4375,64.555,17.5,43.21,69.69999999999999,69.69999999999999
39330,41.68,43.93,8.68,3.67,0.27,87.52,4.96,6.28,296.37,50.76,99766.25,"129.36,46.24",2013-5-26,8.68,4.5875,43.93,6.75,43.76,58.35,58.35
39340,37.15,39.29,9.29,7.52,0.25,80.3,2.95,4.9,295.51,54.99,98672.14,"131.21,45.93",2013-5-26,9.29,9.399999999999999,39.29,6.25,40.15,52.6875,52.6875
39350,34.97,37.12,5.18,2.2,0.23,83.03,1.7,8.45,289.98,69.3,100527.52,"133.05,45.6",2013-5-26,5.18,2.75,37.12,5.75,41.515,49.957142857142856,49.957142857142856
39360,2.52,3.03,2.14,0.45,0.16,80.34,-0.57,-5.61,278.62,60.35,88662.44,"84.35,46.92",2013-5-26,2.14,0.5625,3.03,4.0,40.17,3.6,40.17
39370,4.92,5.26,1.73,0.25,0.15,82.56,9.6,-7.79,277.1,53.1,86362.31,"86.44,47.19",2013-5-26,1.73,0.3125,5.26,3.75,41.28,7.0285714285714285,41.28
39380,13.44,13.9,2.4,0.7,0.16,77.54,6.97,-4.54,283.0,42.28,93471.01,"88.35,47.4",2013-5-26,2.4,0.875,13.9,4.0,38.77,19.2,38.77
39390,4.74,5.04,1.42,0.26,0.14,90.25,8.55,1.27,266.72,84.5,71832.3,"90.27,47.6",2013-5-26,1.42,0.325,5.04,3.5000000000000004,45.125,6.771428571428572,45.125
39400,25.79,26.86,4.14,1.51,0.19,78.23,-4.54,3.07,290.28,40.92,89609.87,"119.54,47.62",2013-5-26,4.14,1.8875,26.86,4.75,39.115,36.84285714285714,39.115
39410,17.27,17.97,3.37,1.49,0.18,78.23,-3.23,0.57,291.14,38.14,92414.11,"121.46,47.43",2013-5-26,3.37,1.8625,17.97,4.5,39.115,24.67142857142857,39.115
39420,22.27,23.84,5.4,4.31,0.2,72.58,-1.12,-1.24,296.37,30.2,98832.48,"123.37,47.21",2013-5-26,5.4,5.387499999999999,23.84,5.0,36.29,31.814285714285713,36.29
39430,33.4,42.13,15.33,19.44,0.3,72.13,2.71,3.71,297.52,34.45,98778.46,"125.27,46.97",2013-5-26,15.33,24.3,42.13,7.5,36.065,47.714285714285715,47.714285714285715
39440,47.81,74.33,14.88,23.79,0.66,83.0,4.13,6.86,297.89,39.27,98857.98,"127.16,46.71",2013-5-26,14.88,29.737499999999997,62.165,16.5,41.5,66.0125,66.0125
39450,42.97,46.32,9.74,4.01,0.29,89.3,5.2,5.95,294.97,50.66,96648.34,"129.03,46.43",2013-5-26,9.74,5.012499999999999,46.32,7.249999999999999,44.65,59.9625,59.9625
39460,37.27,39.26,8.71,4.98,0.25,82.71,2.57,3.83,295.19,53.81,97719.51,"130.89,46.12",2013-5-26,8.71,6.2250000000000005,39.26,6.25,41.355,52.837500000000006,52.837500000000006
39470,34.53,36.65,4.87,1.79,0.22,79.12,-0.11,8.93,289.19,74.05,100227.72,"132.73,45.79",2013-5-26,4.87,2.2375,36.65,5.5,39.56,49.32857142857143,49.32857142857143
39480,3.39,3.79,1.82,0.26,0.15,80.31,8.52,-5.67,275.77,58.84,85491.84,"86.02,47.27",2013-5-26,1.82,0.325,3.79,3.75,40.155,4.842857142857143,40.155
39490,14.95,15.41,2.59,0.71,0.16,78.36,7.33,-5.32,284.24,39.28,95338.04,"87.93,47.49",2013-5-26,2.59,0.8875,15.41,4.0,39.18,21.357142857142858,39.18
39500,4.92,5.17,1.62,0.36,0.14,86.89,6.9,1.78,267.43,87.23,73092.12,"89.86,47.69",2013-5-26,1.62,0.44999999999999996,5.17,3.5000000000000004,43.445,7.0285714285714285,43.445
39510,11.81,12.65,1.91,0.92,0.17,66.74,-4.01,-3.72,290.44,42.69,93619.87,"117.24,47.94",2013-5-26,1.91,1.1500000000000001,12.65,4.25,33.37,16.871428571428574,33.37
39520,22.84,23.79,3.78,1.59,0.19,76.94,-4.47,2.84,288.09,44.33,87477.87,"120.14,47.69",2013-5-26,3.78,1.9875,23.79,4.75,38.47,32.628571428571426,38.47
39530,14.66,15.35,2.73,1.75,0.17,75.02,-2.25,-1.09,291.82,34.81,93860.38,"122.07,47.49",2013-5-26,2.73,2.1875,15.35,4.25,37.51,20.942857142857143,37.51
39540,23.81,25.44,6.04,5.05,0.2,72.42,0.01,-0.56,296.81,29.53,99042.2,"123.98,47.27",2013-5-26,6.04,6.3125,25.44,5.0,36.21,34.01428571428571,36.21
39550,33.4,42.19,9.46,10.43,0.32,79.54,3.45,4.68,296.97,36.44,97957.5,"125.88,47.03",2013-5-26,9.46,13.0375,42.19,8.0,39.77,47.714285714285715,47.714285714285715
39560,47.0,63.07,12.99,15.34,0.49,83.52,3.25,6.61,296.88,42.9,98473.59,"127.76,46.76",2013-5-26,12.99,19.175,56.535,12.25,41.76,65.0,65.0
39570,40.97,42.73,8.89,3.77,0.26,86.71,5.54,6.33,295.96,49.76,99136.48,"129.63,46.47",2013-5-26,8.89,4.7125,42.73,6.5,43.355,57.4625,57.4625
39580,36.22,38.39,7.27,4.48,0.25,79.82,0.38,5.24,293.37,62.34,97667.29,"131.49,46.15",2013-5-26,7.27,5.6000000000000005,38.39,6.25,39.91,51.525,51.525
39590,34.27,36.46,4.9,1.98,0.23,80.81,1.5,8.92,291.17,66.86,100616.19,"133.33,45.82",2013-5-26,4.9,2.475,36.46,5.75,40.405,48.95714285714286,48.95714285714286
39600,9.69,10.07,2.26,0.33,0.15,80.45,11.24,-6.24,280.81,46.28,91650.26,"86.75,47.49",2013-5-26,2.26,0.41250000000000003,10.07,3.75,40.225,13.842857142857142,40.225
39610,9.83,10.28,2.26,0.76,0.16,76.64,5.48,-0.1,276.78,61.98,85792.36,"88.67,47.7",2013-5-26,2.26,0.95,10.28,4.0,38.32,14.042857142857143,38.32
39620,9.62,10.49,1.53,0.7,0.17,64.18,-4.44,-3.58,287.43,54.15,92551.32,"116.1,48.16",2013-5-26,1.53,0.875,10.49,4.25,32.09,13.742857142857142,32.09
39630,20.4,21.8,4.81,1.37,0.2,73.01,-3.65,-0.13,290.79,44.45,92217.69,"118.62,47.96",2013-5-26,4.81,1.7125000000000001,21.8,5.0,36.505,29.142857142857142,36.505
39640,18.96,19.89,3.55,1.71,0.18,75.21,-4.19,2.63,286.99,46.12,86955.94,"120.56,47.78",2013-5-26,3.55,2.1375,19.89,4.5,37.605,27.08571428571429,37.605
39650,13.88,14.63,2.45,1.87,0.17,70.62,-2.53,-2.12,293.45,30.79,96393.96,"122.48,47.58",2013-5-26,2.45,2.3375000000000004,14.63,4.25,35.31,19.82857142857143,35.31
39660,23.13,24.34,4.18,2.87,0.2,74.75,0.77,0.27,296.95,29.17,98966.12,"124.39,47.35",2013-5-26,4.18,3.5875000000000004,24.34,5.0,37.375,33.042857142857144,37.375
39670,33.1,41.67,8.33,8.45,0.32,80.02,3.43,4.75,297.75,35.69,98869.72,"126.29,47.1",2013-5-26,8.33,10.5625,41.67,8.0,40.01,47.28571428571429,47.28571428571429
39680,44.71,54.14,11.94,8.68,0.37,84.99,2.6,6.49,295.84,47.24,97835.7,"128.18,46.83",2013-5-26,11.94,10.85,52.07,9.25,42.495,62.1375,62.1375
39690,39.71,41.63,8.2,3.71,0.26,83.08,3.31,6.0,295.89,50.59,99426.3,"130.05,46.53",2013-5-26,8.2,4.6375,41.63,6.5,41.54,55.8875,55.8875
39700,35.09,36.79,6.66,3.42,0.24,81.19,2.58,6.3,292.55,65.02,97299.81,"131.91,46.22",2013-5-26,6.66,4.275,36.79,6.0,40.595,50.112500000000004,50.112500000000004
39710,2.36,3.0,1.6,0.45,0.16,81.35,-1.85,-7.11,273.57,72.57,81676.43,"83.1,47.15",2013-5-26,1.6,0.5625,3.0,4.0,40.675,3.3714285714285714,40.675
39720,17.06,17.51,2.78,0.49,0.16,79.0,8.68,-5.39,283.66,40.39,95036.11,"87.49,47.71",2013-5-26,2.78,0.6125,17.51,4.0,39.5,24.37142857142857,39.5
39730,5.69,6.08,1.81,0.45,0.15,84.31,6.25,4.08,268.7,89.78,75101.95,"89.41,47.91",2013-5-26,1.81,0.5625,6.08,3.75,42.155,8.12857142857143,42.155
39740,11.23,12.13,1.89,1.02,0.17,64.88,-3.76,-4.18,289.92,44.96,93786.73,"117.48,48.19",2013-5-26,1.89,1.275,12.13,4.25,32.44,16.042857142857144,32.44
39750,22.7,23.94,4.57,2.03,0.2,75.93,-3.72,2.86,290.92,41.21,91563.81,"119.42,48.02",2013-5-26,4.57,2.5374999999999996,23.94,5.0,37.965,32.42857142857143,37.965
39760,12.99,13.62,2.59,1.65,0.17,74.56,-3.21,0.2,288.52,39.47,90029.61,"121.36,47.83",2013-5-26,2.59,2.0625,13.62,4.25,37.28,18.557142857142857,37.28
39770,14.94,15.72,2.43,1.86,0.17,68.87,-1.04,-3.9,294.72,30.35,98339.43,"123.28,47.62",2013-5-26,2.43,2.325,15.72,4.25,34.435,21.34285714285714,34.435
39780,25.55,28.17,7.27,6.49,0.22,74.04,2.07,1.48,297.35,30.3,98900.2,"125.19,47.39",2013-5-26,7.27,8.1125,28.17,5.5,37.02,36.5,37.02
39790,36.42,44.9,9.61,9.19,0.36,79.51,2.71,4.97,297.15,40.12,98764.98,"127.09,47.13",2013-5-26,9.61,11.487499999999999,44.9,9.0,39.755,51.775000000000006,51.775000000000006
39800,42.7,45.62,10.69,4.21,0.29,89.32,4.76,5.59,293.4,53.65,94420.45,"128.97,46.84",2013-5-26,10.69,5.2625,45.62,7.249999999999999,44.66,59.625,59.625
39810,37.87,39.52,8.05,3.41,0.25,85.56,3.69,5.53,294.14,56.76,97094.27,"130.84,46.54",2013-5-26,8.05,4.2625,39.52,6.25,42.78,53.5875,53.5875
39820,33.71,35.63,4.69,1.89,0.22,77.75,-1.32,8.43,290.61,72.29,99589.92,"132.69,46.21",2013-5-26,4.69,2.3625,35.63,5.5,38.875,48.15714285714286,48.15714285714286
39830,18.75,19.32,2.9,0.36,0.16,79.78,11.93,-2.86,282.53,43.66,94356.23,"86.49,47.73",2013-5-26,2.9,0.44999999999999996,19.32,4.0,39.89,26.785714285714285,39.89
39840,5.24,5.61,2.44,0.46,0.15,85.51,5.89,-0.41,271.52,74.67,77901.35,"88.42,47.94",2013-5-26,2.44,0.5750000000000001,5.61,3.75,42.755,7.485714285714286,42.755
39850,10.98,11.95,1.84,1.01,0.17,62.35,-4.41,-4.74,287.82,53.19,93253.88,"116.92,48.36",2013-5-26,1.84,1.2625,11.95,4.25,31.175,15.685714285714287,31.175
39860,18.62,19.95,4.27,1.59,0.19,69.28,-3.28,-0.12,289.99,46.42,92134.73,"118.87,48.2",2013-5-26,4.27,1.9875,19.95,4.75,34.64,26.6,34.64
39870,14.72,15.61,3.2,1.94,0.17,72.49,-3.67,2.13,286.89,44.99,87612.98,"120.81,48.02",2013-5-26,3.2,2.425,15.61,4.25,36.245,21.02857142857143,36.245
39880,14.1,14.86,3.13,2.34,0.18,67.9,-2.27,-2.9,292.86,33.36,96934.73,"122.74,47.82",2013-5-26,3.13,2.925,14.86,4.5,33.95,20.142857142857142,33.95
39890,21.37,22.5,3.47,2.28,0.19,73.38,1.02,-0.66,296.49,29.58,98797.83,"124.66,47.59",2013-5-26,3.47,2.8499999999999996,22.5,4.75,36.69,30.528571428571432,36.69
39900,29.05,33.3,6.66,5.23,0.27,77.7,2.17,3.69,297.11,36.35,98545.8,"126.56,47.33",2013-5-26,6.66,6.5375000000000005,33.3,6.75,38.85,41.5,41.5
39910,40.65,44.25,10.84,5.08,0.3,86.71,2.84,5.32,294.18,51.43,96233.74,"128.45,47.06",2013-5-26,10.84,6.35,44.25,7.5,43.355,57.0625,57.0625
39920,38.07,40.15,9.45,5.36,0.27,81.03,2.82,5.97,295.89,52.21,99689.77,"130.33,46.76",2013-5-26,9.45,6.7,40.15,6.75,40.515,53.8375,53.8375
39930,34.17,36.19,6.57,3.46,0.24,78.12,1.38,7.38,294.36,60.24,99995.96,"132.19,46.44",2013-5-26,6.57,4.325,36.19,6.0,39.06,48.81428571428572,48.81428571428572
39940,7.61,8.19,3.19,0.36,0.16,78.39,10.83,-2.5,282.67,43.91,95084.97,"85.88,47.79",2013-5-26,3.19,0.44999999999999996,8.19,4.0,39.195,10.871428571428572,39.195
39950,7.42,7.88,2.78,0.51,0.16,81.24,5.77,-4.56,275.45,63.0,84114.83,"87.81,48.01",2013-5-26,2.78,0.6375,7.88,4.0,40.62,10.6,40.62
39960,11.5,12.64,2.69,1.51,0.18,61.9,-4.87,-4.47,287.32,58.21,93606.69,"116.75,48.51",2013-5-26,2.69,1.8875,12.64,4.5,30.95,16.42857142857143,30.95
39970,16.22,17.48,3.76,1.53,0.18,66.88,-4.11,-1.42,289.41,48.35,92550.1,"118.7,48.35",2013-5-26,3.76,1.9125,17.48,4.5,33.44,23.17142857142857,33.44
39980,16.29,17.26,3.41,2.12,0.18,72.0,-4.24,2.74,287.56,44.6,88721.98,"120.64,48.17",2013-5-26,3.41,2.6500000000000004,17.26,4.5,36.0,23.271428571428572,36.0
39990,14.08,14.77,3.49,2.31,0.18,68.92,-1.77,-2.4,291.38,36.93,95801.58,"122.58,47.97",2013-5-26,3.49,2.8875,14.77,4.5,34.46,20.114285714285714,34.46
40000,18.72,19.69,2.98,2.17,0.19,70.31,0.55,-2.22,295.64,32.96,98926.18,"124.5,47.74",2013-5-26,2.98,2.7125,19.69,4.75,35.155,26.74285714285714,35.155
40010,25.65,27.69,5.71,4.1,0.23,75.52,2.03,2.67,296.68,35.38,98153.17,"126.41,47.49",2013-5-26,5.71,5.125,27.69,5.75,37.76,36.64285714285714,37.76
40020,37.25,39.29,10.07,4.72,0.27,83.78,1.55,4.8,293.99,51.65,96457.22,"128.31,47.22",2013-5-26,10.07,5.8999999999999995,39.29,6.75,41.89,52.8125,52.8125
40030,35.88,37.94,9.75,6.22,0.27,78.55,2.7,4.1,296.01,48.94,100088.09,"130.19,46.92",2013-5-26,9.75,7.7749999999999995,37.94,6.75,39.275,51.1,51.1
40040,34.57,36.64,7.32,3.97,0.24,78.87,2.23,5.84,295.84,54.02,100315.48,"132.05,46.6",2013-5-26,7.32,4.9625,36.64,6.0,39.435,49.385714285714286,49.385714285714286
40050,33.01,34.86,4.61,1.66,0.22,82.73,2.24,7.21,290.76,71.33,100571.65,"133.9,46.26",2013-5-26,4.61,2.0749999999999997,34.86,5.5,41.365,47.15714285714286,47.15714285714286
40060,7.36,7.88,3.09,0.56,0.16,82.2,7.27,-1.94,277.04,58.31,86860.85,"87.39,48.1",2013-5-26,3.09,0.7000000000000001,7.88,4.0,41.1,10.514285714285714,41.1
40070,11.55,12.75,2.58,1.5,0.18,62.44,-4.83,-4.31,286.89,60.88,93511.76,"116.57,48.65",2013-5-26,2.58,1.875,12.75,4.5,31.22,16.5,31.22
40080,14.61,15.84,3.32,1.49,0.18,65.16,-4.49,-1.92,288.87,49.1,92439.66,"118.53,48.5",2013-5-26,3.32,1.8625,15.84,4.5,32.58,20.87142857142857,32.58
40090,17.43,18.46,3.7,2.31,0.18,71.65,-4.24,2.92,288.58,43.27,90399.16,"120.48,48.32",2013-5-26,3.7,2.8875,18.46,4.5,35.825,24.9,35.825
40100,14.05,14.75,3.22,2.02,0.18,67.14,-1.88,-2.13,290.71,39.57,95545.54,"122.42,48.12",2013-5-26,3.22,2.525,14.75,4.5,33.57,20.071428571428573,33.57
40110,16.07,16.9,2.64,2.22,0.18,68.07,-0.03,-3.57,294.73,35.39,98869.1,"124.34,47.89",2013-5-26,2.64,2.7750000000000004,16.9,4.5,34.035,22.95714285714286,34.035
40120,22.23,23.58,4.74,3.29,0.21,74.21,1.83,1.31,295.98,34.09,97536.57,"126.26,47.64",2013-5-26,4.74,4.1125,23.58,5.25,37.105,31.75714285714286,37.105
40130,32.45,34.01,8.84,4.2,0.26,82.31,0.95,4.7,294.13,49.6,96381.79,"128.16,47.37",2013-5-26,8.84,5.25,34.01,6.5,41.155,46.35714285714286,46.35714285714286
40140,32.14,33.59,8.56,4.26,0.25,81.49,3.19,3.06,295.42,48.45,98731.85,"130.04,47.08",2013-5-26,8.56,5.324999999999999,33.59,6.25,40.745,45.91428571428572,45.91428571428572
40150,34.72,36.82,8.05,4.6,0.25,78.24,2.54,4.6,295.73,54.73,100210.05,"131.91,46.76",2013-5-26,8.05,5.75,36.82,6.25,39.12,49.6,49.6
40160,33.16,34.76,5.19,2.25,0.23,82.16,1.78,6.83,291.54,67.21,100210.17,"133.77,46.42",2013-5-26,5.19,2.8125,34.76,5.75,41.08,47.37142857142857,47.37142857142857
40170,6.03,6.57,3.16,0.59,0.16,84.11,5.77,-0.33,276.67,60.31,86303.16,"87.36,48.23",2013-5-26,3.16,0.7374999999999999,6.57,4.0,42.055,8.614285714285716,42.055
40180,12.45,13.74,2.68,1.62,0.18,62.34,-4.73,-4.49,287.07,61.97,93894.09,"116.79,48.77",2013-5-26,2.68,2.0250000000000004,13.74,4.5,31.17,17.785714285714285,31.17
40190,14.47,15.77,3.78,2.07,0.18,64.04,-4.18,-2.02,288.44,50.96,92701.41,"118.75,48.61",2013-5-26,3.78,2.5875,15.77,4.5,32.02,20.671428571428574,32.02
40200,15.79,16.71,3.1,1.89,0.17,70.62,-4.09,2.43,287.72,43.7,89898.34,"120.7,48.43",2013-5-26,3.1,2.3625,16.71,4.25,35.31,22.557142857142857,35.31
40210,14.04,14.67,3.3,1.96,0.17,68.63,-1.71,-2.83,290.07,41.61,95035.38,"122.64,48.23",2013-5-26,3.3,2.45,14.67,4.25,34.315,20.057142857142857,34.315
40220,15.27,15.98,2.05,1.98,0.18,67.3,0.06,-3.54,294.42,35.6,98634.83,"124.57,48.0",2013-5-26,2.05,2.475,15.98,4.5,33.65,21.814285714285713,33.65
40230,19.07,20.12,3.7,2.78,0.2,71.87,1.58,1.04,295.98,33.45,97955.86,"126.49,47.75",2013-5-26,3.7,3.4749999999999996,20.12,5.0,35.935,27.242857142857144,35.935
40240,29.58,30.94,8.19,3.61,0.24,82.94,2.09,5.42,293.3,50.66,95106.61,"128.39,47.47",2013-5-26,8.19,4.5125,30.94,6.0,41.47,42.25714285714285,42.25714285714285
40250,30.38,32.18,8.55,6.76,0.25,74.83,2.91,3.71,295.54,47.82,99657.0,"130.28,47.17",2013-5-26,8.55,8.45,32.18,6.25,37.415,43.4,43.4
40260,33.8,35.86,6.95,3.44,0.24,77.47,1.36,4.99,294.92,58.07,100187.4,"132.15,46.85",2013-5-26,6.95,4.3,35.86,6.0,38.735,48.285714285714285,48.285714285714285
40270,5.41,6.02,4.37,0.3,0.16,79.62,9.16,-2.43,283.85,38.1,96662.67,"85.59,48.15",2013-5-26,4.37,0.375,6.02,4.0,39.81,7.728571428571429,39.81
40280,4.54,5.06,2.9,0.5,0.16,86.35,4.26,0.1,273.65,74.26,82797.89,"87.52,48.38",2013-5-26,2.9,0.625,5.06,4.0,43.175,6.485714285714286,43.175
40290,13.51,14.69,2.13,1.24,0.18,61.61,-5.61,-7.59,287.06,67.92,94363.59,"117.2,48.87",2013-5-26,2.13,1.55,14.69,4.5,30.805,19.3,30.805
40300,15.78,17.3,5.19,3.42,0.18,62.82,-4.13,-1.5,288.01,51.35,92461.2,"119.17,48.71",2013-5-26,5.19,4.275,17.3,4.5,31.41,22.54285714285714,31.41
40310,13.45,14.24,2.48,1.51,0.17,68.85,-3.32,1.3,285.45,50.61,87975.1,"121.12,48.52",2013-5-26,2.48,1.8875,14.24,4.25,34.425,19.214285714285715,34.425
40320,13.86,14.41,2.16,1.5,0.17,67.27,-1.34,-3.19,290.61,42.93,96475.27,"123.06,48.31",2013-5-26,2.16,1.875,14.41,4.25,33.635,19.8,33.635
40330,15.15,15.81,1.79,1.61,0.17,68.87,-0.02,-2.91,294.15,34.56,97906.55,"124.99,48.08",2013-5-26,1.79,2.0125,15.81,4.25,34.435,21.642857142857142,34.435
40340,16.91,17.77,3.08,2.6,0.19,71.09,1.09,1.29,295.97,33.46,98248.14,"126.91,47.82",2013-5-26,3.08,3.25,17.77,4.75,35.545,24.15714285714286,35.545
40350,26.92,28.14,8.17,3.59,0.23,83.55,4.23,5.86,292.53,51.46,93770.8,"128.81,47.54",2013-5-26,8.17,4.4875,28.14,5.75,41.775,38.45714285714286,41.775
40360,28.77,30.6,7.58,5.45,0.24,73.91,2.82,3.98,295.67,49.79,100117.09,"130.7,47.24",2013-5-26,7.58,6.8125,30.6,6.0,36.955,41.1,41.1
40370,34.0,35.88,5.88,2.4,0.23,78.44,0.37,6.68,293.77,62.35,100344.38,"132.57,46.91",2013-5-26,5.88,3.0,35.88,5.75,39.22,48.57142857142857,48.57142857142857
40380,3.34,3.86,3.46,0.37,0.16,82.69,6.84,-0.34,280.46,43.96,91074.53,"86.13,48.35",2013-5-26,3.46,0.4625,3.86,4.0,41.345,4.771428571428571,41.345
40390,11.4,12.75,1.9,1.37,0.18,61.25,-4.2,-2.66,284.65,64.5,92300.64,"116.24,49.07",2013-5-26,1.9,1.7125000000000001,12.75,4.5,30.625,16.28571428571429,30.625
40400,13.99,15.3,2.44,1.57,0.18,60.16,-3.91,-3.91,287.97,50.75,93869.63,"118.21,48.92",2013-5-26,2.44,1.9625000000000001,15.3,4.5,30.08,19.985714285714288,30.08
40410,18.58,19.77,4.0,2.41,0.19,66.73,-3.64,1.74,288.18,45.78,91427.6,"120.17,48.74",2013-5-26,4.0,3.0125,19.77,4.75,33.365,26.54285714285714,33.365
40420,13.77,14.29,1.92,1.05,0.17,67.63,-1.47,-1.69,288.67,45.05,93585.56,"122.12,48.55",2013-5-26,1.92,1.3125,14.29,4.25,33.815,19.67142857142857,33.815
40430,14.38,15.0,1.85,1.58,0.17,66.32,-0.8,-3.66,292.22,40.87,98325.6,"124.06,48.33",2013-5-26,1.85,1.975,15.0,4.25,33.16,20.542857142857144,33.16
40440,15.51,16.21,2.48,2.44,0.18,68.66,0.13,-1.18,294.32,33.33,97604.52,"125.99,48.08",2013-5-26,2.48,3.05,16.21,4.5,34.33,22.15714285714286,34.33
40450,17.73,18.51,4.14,2.79,0.2,74.86,1.18,3.13,294.21,40.48,96565.88,"127.9,47.81",2013-5-26,4.14,3.4875,18.51,5.0,37.43,25.32857142857143,37.43
40460,22.94,23.77,5.93,2.24,0.21,80.89,4.84,3.13,293.05,47.95,95211.48,"129.8,47.52",2013-5-26,5.93,2.8000000000000003,23.77,5.25,40.445,32.77142857142857,40.445
40470,29.08,30.84,7.1,4.56,0.24,74.29,1.82,4.07,295.05,56.0,100149.72,"131.68,47.21",2013-5-26,7.1,5.699999999999999,30.84,6.0,37.145,41.542857142857144,41.542857142857144
40480,33.03,34.47,5.44,2.22,0.23,83.56,0.79,7.79,291.27,68.2,97907.84,"133.55,46.87",2013-5-26,5.44,2.7750000000000004,34.47,5.75,41.78,47.18571428571429,47.18571428571429
40490,2.42,2.86,2.24,0.28,0.15,90.65,6.15,-0.26,266.44,84.67,73278.17,"88.04,48.7",2013-5-26,2.24,0.35000000000000003,2.86,3.75,45.325,3.4571428571428573,45.325
40500,14.99,16.35,2.38,1.49,0.18,59.7,-3.92,-4.12,287.13,53.33,93634.93,"118.24,49.05",2013-5-26,2.38,1.8625,16.35,4.5,29.85,21.414285714285715,29.85
40510,17.77,18.95,3.77,2.12,0.18,65.75,-3.38,0.88,288.07,46.72,91834.4,"120.2,48.87",2013-5-26,3.77,2.6500000000000004,18.95,4.5,32.875,25.385714285714286,32.875
40520,13.91,14.42,1.88,0.98,0.17,67.24,-1.8,-1.92,287.4,49.01,92499.71,"122.16,48.68",2013-5-26,1.88,1.225,14.42,4.25,33.62,19.871428571428574,33.62
40530,14.18,14.79,1.87,1.46,0.17,66.48,-0.85,-3.35,291.61,42.63,98005.34,"124.1,48.45",2013-5-26,1.87,1.825,14.79,4.25,33.24,20.257142857142856,33.24
40540,15.27,15.92,2.34,2.19,0.18,69.3,0.01,-1.38,293.46,35.25,97142.18,"126.03,48.21",2013-5-26,2.34,2.7375,15.92,4.5,34.65,21.814285714285713,34.65
40550,16.1,16.75,3.55,2.4,0.19,73.94,1.24,2.54,293.45,39.87,95992.72,"127.95,47.94",2013-5-26,3.55,3.0,16.75,4.75,36.97,23.000000000000004,36.97
40560,20.01,20.8,4.98,2.0,0.2,78.37,4.99,2.61,292.94,45.51,94925.56,"129.85,47.65",2013-5-26,4.98,2.5,20.8,5.0,39.185,28.58571428571429,39.185
40570,27.28,28.97,6.65,4.43,0.23,73.13,1.54,4.06,294.89,55.93,100186.35,"131.73,47.33",2013-5-26,6.65,5.5375,28.97,5.75,36.565,38.971428571428575,38.971428571428575
40580,32.78,34.18,5.53,2.21,0.23,84.26,1.65,8.14,291.71,66.86,97740.2,"133.6,47.0",2013-5-26,5.53,2.7625,34.18,5.75,42.13,46.82857142857143,46.82857142857143
40590,13.24,14.93,2.52,1.9,0.19,60.69,-5.13,-3.62,283.56,68.33,91542.05,"116.68,49.3",2013-5-26,2.52,2.375,14.93,4.75,30.345,18.914285714285715,30.345
40600,16.22,17.65,3.11,1.92,0.18,60.16,-3.92,-2.87,286.85,56.29,93315.84,"118.66,49.14",2013-5-26,3.11,2.4,17.65,4.5,30.08,23.17142857142857,30.08
40610,16.22,17.38,3.91,2.14,0.18,64.04,-3.95,0.94,286.88,50.34,91101.49,"120.62,48.96",2013-5-26,3.91,2.6750000000000003,17.38,4.5,32.02,23.17142857142857,32.02
40620,13.88,14.36,1.75,0.87,0.17,67.02,-1.36,-1.99,287.36,51.79,93357.98,"122.58,48.76",2013-5-26,1.75,1.0875,14.36,4.25,33.51,19.82857142857143,33.51
40630,14.35,14.96,1.85,1.43,0.17,66.77,-0.81,-3.09,291.67,43.24,98296.12,"124.52,48.54",2013-5-26,1.85,1.7874999999999999,14.96,4.25,33.385,20.5,33.385
40640,15.42,16.06,2.47,2.34,0.18,68.61,0.38,-1.0,293.58,35.58,97665.32,"126.45,48.29",2013-5-26,2.47,2.925,16.06,4.5,34.305,22.02857142857143,34.305
40650,15.85,16.45,3.64,2.11,0.19,75.67,2.5,2.54,293.51,40.58,96244.8,"128.37,48.01",2013-5-26,3.64,2.6374999999999997,16.45,4.75,37.835,22.642857142857142,37.835
40660,18.85,19.65,4.83,3.11,0.2,75.22,1.79,1.11,294.03,43.43,97898.24,"130.27,47.72",2013-5-26,4.83,3.8874999999999997,19.65,5.0,37.61,26.92857142857143,37.61
40670,27.17,28.87,6.13,3.96,0.23,72.82,1.37,4.74,294.37,57.59,100254.88,"132.16,47.4",2013-5-26,6.13,4.95,28.87,5.75,36.41,38.81428571428572,38.81428571428572
40680,32.18,33.76,5.37,2.46,0.23,81.29,0.06,8.06,292.36,66.27,100137.43,"134.02,47.05",2013-5-26,5.37,3.075,33.76,5.75,40.645,45.971428571428575,45.971428571428575
40690,16.68,19.03,4.17,3.47,0.21,58.6,-3.78,-4.94,283.6,68.89,92112.54,"117.3,49.38",2013-5-26,4.17,4.3375,19.03,5.25,29.3,23.82857142857143,29.3
40700,17.38,18.9,4.76,3.1,0.19,59.65,-4.23,-2.2,286.84,56.48,93333.24,"119.27,49.22",2013-5-26,4.76,3.875,18.9,4.75,29.825,24.82857142857143,29.825
40710,15.14,16.01,2.46,1.4,0.17,61.73,-3.42,0.1,286.05,54.71,91455.59,"121.24,49.04",2013-5-26,2.46,1.75,16.01,4.25,30.865,21.62857142857143,30.865
40720,13.57,14.03,1.67,0.79,0.17,68.09,-0.72,-2.95,288.14,52.14,94984.48,"123.2,48.83",2013-5-26,1.67,0.9875,14.03,4.25,34.045,19.385714285714286,34.045
40730,14.65,15.26,1.68,1.38,0.17,67.76,-0.42,-2.47,291.71,42.38,97856.94,"125.14,48.59",2013-5-26,1.68,1.7249999999999999,15.26,4.25,33.88,20.92857142857143,33.88
40740,15.31,15.85,2.29,1.67,0.17,71.05,0.1,-0.32,293.02,36.39,96897.26,"127.07,48.33",2013-5-26,2.29,2.0875,15.85,4.25,35.525,21.871428571428574,35.525
40750,16.12,16.73,3.85,2.21,0.19,76.75,1.57,1.61,293.34,41.57,96573.75,"128.99,48.05",2013-5-26,3.85,2.7625,16.73,4.75,38.375,23.028571428571432,38.375
40760,20.41,21.86,5.47,5.11,0.22,68.43,2.03,1.78,294.49,47.38,99797.32,"130.88,47.75",2013-5-26,5.47,6.3875,21.86,5.5,34.215,29.15714285714286,34.215
40770,29.56,31.23,5.27,2.39,0.22,76.96,0.95,6.22,293.08,62.87,100332.2,"132.96,47.39",2013-5-26,5.27,2.9875000000000003,31.23,5.5,38.48,42.22857142857143,42.22857142857143
40780,2.86,3.46,2.32,0.36,0.16,89.31,2.6,-1.94,268.18,78.15,77190.65,"87.36,49.02",2013-5-26,2.32,0.44999999999999996,3.46,4.0,44.655,4.085714285714285,44.655
40790,16.85,18.43,1.79,1.42,0.19,59.56,-3.09,-4.76,286.12,61.16,94226.84,"118.11,49.45",2013-5-26,1.79,1.775,18.43,4.75,29.78,24.071428571428573,29.78
40800,16.68,17.91,3.35,1.95,0.18,60.47,-4.41,-0.68,286.76,56.15,93140.39,"120.09,49.28",2013-5-26,3.35,2.4375,17.91,4.5,30.235,23.82857142857143,30.235
40810,14.33,14.85,1.66,0.77,0.17,64.92,-1.62,-1.48,285.23,60.17,91651.41,"122.06,49.08",2013-5-26,1.66,0.9625,14.85,4.25,32.46,20.47142857142857,32.46
40820,13.35,13.86,1.65,0.93,0.17,67.73,-0.85,-3.23,289.87,48.89,97145.55,"124.01,48.86",2013-5-26,1.65,1.1625,13.86,4.25,33.865,19.071428571428573,33.865
40830,16.62,17.19,1.8,1.37,0.17,68.69,0.47,-1.74,291.58,41.6,97225.2,"125.95,48.62",2013-5-26,1.8,1.7125000000000001,17.19,4.25,34.345,23.742857142857144,34.345
40840,15.97,16.54,2.85,1.78,0.18,71.02,1.22,0.41,291.84,40.13,95586.77,"127.88,48.35",2013-5-26,2.85,2.225,16.54,4.5,35.51,22.814285714285717,35.51
40850,16.51,17.08,3.94,1.78,0.19,78.04,3.96,1.75,292.74,43.32,95469.49,"129.79,48.06",2013-5-26,3.94,2.225,17.08,4.75,39.02,23.58571428571429,39.02
40860,26.64,28.16,5.25,3.39,0.22,75.44,0.89,4.56,293.15,59.91,100330.41,"132.82,47.55",2013-5-26,5.25,4.2375,28.16,5.5,37.72,38.05714285714286,38.05714285714286
40870,15.29,17.54,3.03,2.47,0.2,61.8,-5.0,-1.71,283.6,69.31,92364.27,"116.74,49.68",2013-5-26,3.03,3.0875000000000004,17.54,5.0,30.9,21.84285714285714,30.9
40880,16.66,17.99,3.39,2.02,0.18,59.98,-4.28,-1.99,286.29,59.71,93052.56,"119.33,49.48",2013-5-26,3.39,2.525,17.99,4.5,29.99,23.8,29.99
40890,15.22,15.97,1.92,0.99,0.17,61.78,-4.42,0.13,284.55,62.34,90698.13,"121.3,49.29",2013-5-26,1.92,1.2375,15.97,4.25,30.89,21.742857142857144,30.89
40900,13.53,13.97,1.59,0.66,0.16,68.73,-0.58,-3.25,287.73,54.09,95283.42,"123.26,49.08",2013-5-26,1.59,0.8250000000000001,13.97,4.0,34.365,19.32857142857143,34.365
40910,13.99,14.58,1.71,1.26,0.17,69.55,-0.16,-2.25,290.86,45.05,97295.2,"125.21,48.85",2013-5-26,1.71,1.575,14.58,4.25,34.775,19.985714285714288,34.775
40920,14.97,15.52,2.22,1.46,0.17,71.81,-0.14,-0.69,291.65,39.64,96559.14,"127.15,48.59",2013-5-26,2.22,1.825,15.52,4.25,35.905,21.385714285714286,35.905
40930,15.71,16.27,3.29,1.83,0.18,75.1,2.63,1.35,291.76,42.78,95182.34,"129.07,48.31",2013-5-26,3.29,2.2875,16.27,4.5,37.55,22.442857142857143,37.55
40940,25.53,27.18,4.98,3.49,0.22,73.1,1.23,3.99,293.04,59.38,100362.55,"132.87,47.67",2013-5-26,4.98,4.362500000000001,27.18,5.5,36.55,36.471428571428575,36.55
40950,16.96,18.43,1.8,1.21,0.19,59.7,-3.91,-3.93,285.71,62.31,93491.84,"118.56,49.68",2013-5-26,1.8,1.5125,18.43,4.75,29.85,24.22857142857143,29.85
40960,16.19,17.18,3.04,1.48,0.18,60.03,-4.54,-0.76,285.11,62.28,91863.73,"120.54,49.5",2013-5-26,3.04,1.85,17.18,4.5,30.015,23.12857142857143,30.015
40970,14.09,14.53,1.53,0.59,0.16,67.15,-1.55,-2.21,285.69,61.42,93244.84,"122.51,49.3",2013-5-26,1.53,0.7374999999999999,14.53,4.0,33.575,20.12857142857143,33.575
40980,12.95,13.43,1.71,0.83,0.17,71.25,-0.28,-3.16,289.69,49.59,97133.7,"124.47,49.07",2013-5-26,1.71,1.0374999999999999,13.43,4.25,35.625,18.5,35.625
40990,14.51,15.06,1.9,1.33,0.17,70.55,0.28,-1.4,291.24,41.32,96808.38,"126.42,48.82",2013-5-26,1.9,1.6625,15.06,4.25,35.275,20.728571428571428,35.275
41000,15.49,16.12,2.74,1.51,0.18,70.86,1.71,0.2,290.85,41.93,95187.12,"128.35,48.55",2013-5-26,2.74,1.8875,16.12,4.5,35.43,22.12857142857143,35.43
41010,16.07,16.67,3.53,1.98,0.19,74.66,2.0,0.99,292.74,44.04,97351.2,"130.26,48.25",2013-5-26,3.53,2.475,16.67,4.75,37.33,22.95714285714286,37.33
41020,27.77,29.18,5.12,2.29,0.22,79.21,1.87,6.67,293.22,62.0,100295.77,"134.05,47.59",2013-5-26,5.12,2.8625,29.18,5.5,39.605,39.67142857142857,39.67142857142857
41030,16.0,17.04,1.9,1.06,0.18,60.22,-4.18,-1.54,285.19,64.52,92289.67,"119.78,49.7",2013-5-26,1.9,1.3250000000000002,17.04,4.5,30.11,22.857142857142858,30.11
41040,14.92,15.49,1.63,0.69,0.17,64.35,-3.48,-0.34,282.98,71.61,89938.91,"121.76,49.51",2013-5-26,1.63,0.8624999999999999,15.49,4.25,32.175,21.314285714285713,32.175
41050,13.17,13.61,1.64,0.68,0.16,69.86,-0.87,-3.34,288.1,54.53,96380.13,"123.72,49.29",2013-5-26,1.64,0.8500000000000001,13.61,4.0,34.93,18.814285714285713,34.93
41060,14.2,14.78,1.65,1.1,0.17,70.85,0.35,-1.88,290.64,45.13,97023.38,"125.68,49.05",2013-5-26,1.65,1.375,14.78,4.25,35.425,20.285714285714285,35.425
41070,14.47,15.03,2.37,1.33,0.17,72.48,0.62,-0.31,290.41,43.81,95959.86,"127.62,48.79",2013-5-26,2.37,1.6625,15.03,4.25,36.24,20.671428571428574,36.24
41080,15.31,15.87,3.14,1.66,0.18,74.83,2.97,0.88,291.48,43.44,95702.69,"129.55,48.5",2013-5-26,3.14,2.0749999999999997,15.87,4.5,37.415,21.871428571428574,37.415
41090,24.79,26.08,4.45,2.0,0.21,76.27,2.13,4.72,293.17,57.9,100348.65,"133.53,47.82",2013-5-26,4.45,2.5,26.08,5.25,38.135,35.41428571428571,38.135
41100,16.3,17.53,1.75,1.04,0.18,60.22,-3.41,-1.85,285.63,64.26,93957.73,"119.21,49.88",2013-5-26,1.75,1.3,17.53,4.5,30.11,23.28571428571429,30.11
41110,15.71,16.39,2.09,0.93,0.17,62.1,-4.35,-0.72,284.03,68.66,91529.07,"121.19,49.7",2013-5-26,2.09,1.1625,16.39,4.25,31.05,22.442857142857143,31.05
41120,13.8,14.23,1.51,0.58,0.16,67.0,-0.72,-2.73,285.72,62.83,94292.43,"123.17,49.49",2013-5-26,1.51,0.725,14.23,4.0,33.5,19.714285714285715,33.5
41130,13.22,13.81,1.82,1.12,0.17,70.5,0.01,-3.22,289.94,49.28,97620.02,"125.13,49.26",2013-5-26,1.82,1.4000000000000001,13.81,4.25,35.25,18.885714285714286,35.25
41140,13.9,14.45,2.15,1.26,0.17,74.1,0.44,-1.23,290.37,43.28,96222.91,"127.08,49.0",2013-5-26,2.15,1.575,14.45,4.25,37.05,19.857142857142858,37.05
41150,14.72,15.32,2.79,1.47,0.18,74.25,2.77,0.87,291.11,42.08,95918.76,"129.01,48.72",2013-5-26,2.79,1.8375,15.32,4.5,37.125,21.02857142857143,37.125
41160,23.38,24.51,4.18,2.08,0.21,74.74,2.03,3.87,292.3,59.78,99971.47,"133.21,48.02",2013-5-26,4.18,2.6,24.51,5.25,37.37,33.4,37.37
41170,16.05,17.19,1.74,1.03,0.18,61.54,-3.81,-1.44,285.71,64.12,94186.67,"119.43,49.99",2013-5-26,1.74,1.2875,17.19,4.5,30.77,22.92857142857143,30.77
41180,15.51,16.08,1.84,0.82,0.17,63.75,-4.36,-0.74,283.38,70.22,90517.09,"121.42,49.81",2013-5-26,1.84,1.025,16.08,4.25,31.875,22.15714285714286,31.875
41190,13.33,13.74,1.57,0.64,0.16,69.27,-0.65,-2.98,286.44,61.69,95422.46,"123.4,49.59",2013-5-26,1.57,0.8,13.74,4.0,34.635,19.042857142857144,34.635
41200,13.19,13.75,1.61,0.94,0.17,71.24,0.11,-2.86,290.26,47.5,97930.12,"125.36,49.36",2013-5-26,1.61,1.1749999999999998,13.75,4.25,35.62,18.84285714285714,35.62
41210,13.68,14.26,2.2,1.27,0.17,74.47,0.65,-1.05,290.38,44.57,96822.05,"127.32,49.1",2013-5-26,2.2,1.5875,14.26,4.25,37.235,19.542857142857144,37.235
41220,14.35,14.96,2.76,1.45,0.18,74.76,3.14,0.62,291.52,41.34,96615.56,"129.25,48.82",2013-5-26,2.76,1.8125,14.96,4.5,37.38,20.5,37.38
41230,24.59,25.73,4.7,2.35,0.21,78.12,1.99,5.36,292.81,59.4,100259.12,"134.2,47.97",2013-5-26,4.7,2.9375,25.73,5.25,39.06,35.128571428571426,39.06
41240,15.99,16.61,1.48,0.59,0.17,62.92,-4.57,0.15,283.49,71.9,90852.6,"120.86,49.99",2013-5-26,1.48,0.7374999999999999,16.61,4.25,31.46,22.842857142857145,31.46
41250,14.06,14.44,1.48,0.54,0.16,68.18,-1.34,-2.51,284.26,66.41,92397.09,"122.84,49.79",2013-5-26,1.48,0.675,14.44,4.0,34.09,20.085714285714285,34.09
41260,13.1,13.62,2.17,1.14,0.17,71.51,-0.09,-3.06,288.5,54.76,97322.29,"124.81,49.56",2013-5-26,2.17,1.4249999999999998,13.62,4.25,35.755,18.714285714285715,35.755
41270,13.53,14.06,1.97,1.09,0.17,74.49,0.27,-1.51,288.86,47.17,95104.49,"126.77,49.31",2013-5-26,1.97,1.3625,14.06,4.25,37.245,19.32857142857143,37.245
41280,13.87,14.53,2.63,1.46,0.18,74.45,2.25,0.17,291.01,42.49,97173.41,"128.72,49.03",2013-5-26,2.63,1.825,14.53,4.5,37.225,19.814285714285713,37.225
41290,22.44,23.44,4.26,2.21,0.2,76.89,2.46,4.22,292.97,56.15,100402.2,"133.88,48.17",2013-5-26,4.26,2.7625,23.44,5.0,38.445,32.05714285714286,38.445
41300,16.25,16.89,1.49,0.57,0.17,63.75,-3.95,-0.0,283.89,70.7,91413.83,"120.69,50.14",2013-5-26,1.49,0.7124999999999999,16.89,4.25,31.875,23.214285714285715,31.875
41310,14.41,14.78,1.48,0.57,0.16,67.15,-1.16,-1.74,283.86,68.61,92076.61,"122.68,49.94",2013-5-26,1.48,0.7124999999999999,14.78,4.0,33.575,20.585714285714285,33.575
41320,13.03,13.59,2.08,1.21,0.17,68.39,-0.42,-3.13,288.11,56.8,97421.91,"124.65,49.71",2013-5-26,2.08,1.5125,13.59,4.25,34.195,18.614285714285714,34.195
41330,13.5,14.02,1.88,1.04,0.17,74.38,0.13,-1.6,287.79,50.58,94260.02,"126.62,49.46",2013-5-26,1.88,1.3,14.02,4.25,37.19,19.285714285714285,37.19
41340,13.52,14.22,2.58,1.48,0.18,74.35,2.4,0.09,291.07,42.52,97644.62,"128.57,49.19",2013-5-26,2.58,1.85,14.22,4.5,37.175,19.314285714285713,37.175
41350,23.17,24.21,4.6,2.2,0.21,77.77,2.17,5.15,292.63,58.06,100341.59,"134.5,48.19",2013-5-26,4.6,2.75,24.21,5.25,38.885,33.1,38.885
41360,16.21,16.67,1.44,0.58,0.16,66.27,-4.58,0.0,283.8,69.74,90991.7,"121.12,50.23",2013-5-26,1.44,0.725,16.67,4.0,33.135,23.15714285714286,33.135
41370,13.65,14.03,1.51,0.65,0.16,67.63,-0.81,-1.31,284.93,67.82,93634.35,"123.11,50.02",2013-5-26,1.51,0.8125,14.03,4.0,33.815,19.5,33.815
41380,12.81,13.33,1.6,0.81,0.17,69.69,-0.32,-2.75,288.28,54.5,97135.09,"125.09,49.79",2013-5-26,1.6,1.0125000000000002,13.33,4.25,34.845,18.3,34.845
41390,13.4,14.08,2.23,1.71,0.18,74.31,1.01,-1.29,289.45,47.23,96723.01,"127.05,49.53",2013-5-26,2.23,2.1375,14.08,4.5,37.155,19.142857142857142,37.155
41400,13.45,14.22,2.59,1.53,0.18,73.94,2.69,0.35,291.25,42.71,98130.09,"129.0,49.26",2013-5-26,2.59,1.9125,14.22,4.5,36.97,19.214285714285715,36.97
41410,16.46,17.51,2.13,0.91,0.18,65.35,-3.94,-1.0,284.95,66.15,92977.11,"119.95,50.47",2013-5-26,2.13,1.1375,17.51,4.5,32.675,23.514285714285716,32.675
41420,15.45,15.85,1.6,0.74,0.16,66.54,-2.72,-0.51,283.19,71.73,90873.08,"121.95,50.28",2013-5-26,1.6,0.925,15.85,4.0,33.27,22.07142857142857,33.27
41430,12.69,13.12,1.63,0.71,0.16,70.5,-1.04,-2.29,286.31,63.46,95369.27,"123.94,50.06",2013-5-26,1.63,0.8875,13.12,4.0,35.25,18.12857142857143,35.25
41440,12.95,13.43,1.64,0.81,0.17,73.89,-0.47,-2.12,287.93,51.82,95587.04,"125.91,49.82",2013-5-26,1.64,1.0125000000000002,13.43,4.25,36.945,18.5,36.945
41450,12.97,13.83,2.29,1.63,0.18,72.87,1.75,-0.6,291.31,43.68,99340.19,"127.87,49.55",2013-5-26,2.29,2.0374999999999996,13.83,4.5,36.435,18.52857142857143,36.435
41460,17.39,19.03,2.13,1.24,0.19,64.37,-2.14,-2.0,284.38,69.97,93604.14,"119.37,50.65",2013-5-26,2.13,1.55,19.03,4.75,32.185,24.842857142857145,32.185
41470,16.14,16.6,1.69,0.81,0.16,66.08,-4.15,0.32,283.65,69.09,90970.07,"121.38,50.46",2013-5-26,1.69,1.0125000000000002,16.6,4.0,33.04,23.057142857142857,33.04
41480,13.09,13.47,1.53,0.63,0.16,69.37,-1.26,-2.35,284.67,68.69,92791.91,"123.38,50.25",2013-5-26,1.53,0.7875,13.47,4.0,34.685,18.7,34.685
41490,12.44,12.93,1.56,0.81,0.17,72.18,-0.92,-2.33,288.0,54.17,96733.16,"125.36,50.02",2013-5-26,1.56,1.0125000000000002,12.93,4.25,36.09,17.771428571428572,36.09
41500,13.1,13.99,2.39,2.03,0.18,73.34,1.32,-1.37,289.82,46.77,97813.66,"127.33,49.76",2013-5-26,2.39,2.5374999999999996,13.99,4.5,36.67,18.714285714285715,36.67
41510,16.73,17.29,1.54,0.54,0.16,68.25,-3.21,-0.66,284.02,67.74,91310.63,"120.81,50.65",2013-5-26,1.54,0.675,17.29,4.0,34.125,23.900000000000002,34.125
41520,14.03,14.38,1.4,0.59,0.16,67.42,-2.34,-1.63,283.85,69.93,91629.15,"122.81,50.45",2013-5-26,1.4,0.7374999999999999,14.38,4.0,33.71,20.04285714285714,33.71
41530,11.99,12.48,1.5,0.88,0.16,69.8,-1.43,-2.78,287.15,58.75,96532.68,"124.8,50.22",2013-5-26,1.5,1.1,12.48,4.0,34.9,17.12857142857143,34.9
41540,12.96,13.6,1.95,1.38,0.17,73.58,0.51,-1.61,288.22,49.59,95811.39,"126.78,49.97",2013-5-26,1.95,1.7249999999999999,13.6,4.25,36.79,18.514285714285716,36.79
41550,16.74,17.32,1.55,0.6,0.16,68.13,-3.23,-0.56,284.26,66.65,91688.57,"120.84,50.78",2013-5-26,1.55,0.75,17.32,4.0,34.065,23.91428571428571,34.065
41560,14.08,14.46,1.44,0.64,0.16,67.5,-2.25,-1.58,283.86,70.06,91869.3,"122.85,50.57",2013-5-26,1.44,0.8,14.46,4.0,33.75,20.114285714285714,33.75
41570,11.57,12.06,1.44,0.86,0.16,70.55,-2.05,-3.03,287.23,57.49,96465.81,"124.84,50.35",2013-5-26,1.44,1.075,12.06,4.0,35.275,16.52857142857143,35.275
41580,12.77,13.45,2.08,1.56,0.17,73.63,0.68,-1.8,288.04,50.1,95788.73,"126.82,50.09",2013-5-26,2.08,1.9500000000000002,13.45,4.25,36.815,18.242857142857144,36.815
41590,16.65,17.23,1.79,0.8,0.16,67.93,-3.26,-0.7,283.67,67.8,90735.04,"121.07,50.88",2013-5-26,1.79,1.0,17.23,4.0,33.965,23.785714285714285,33.965
41600,13.6,14.03,1.75,0.79,0.16,67.26,-2.44,-1.32,284.98,65.9,93425.01,"123.08,50.68",2013-5-26,1.75,0.9875,14.03,4.0,33.63,19.428571428571427,33.63
41610,11.21,11.66,1.44,0.69,0.16,74.14,-2.51,-3.61,287.16,56.2,96079.52,"125.08,50.45",2013-5-26,1.44,0.8624999999999999,11.66,4.0,37.07,16.014285714285716,37.07
41620,12.61,13.42,2.38,2.09,0.18,73.6,1.04,-1.87,288.55,49.41,96721.04,"127.06,50.19",2013-5-26,2.38,2.6125,13.42,4.5,36.8,18.014285714285712,36.8
41630,16.15,16.69,1.48,0.72,0.16,67.68,-2.88,-0.95,282.86,70.31,89678.05,"121.3,50.99",2013-5-26,1.48,0.8999999999999999,16.69,4.0,33.84,23.07142857142857,33.84
41640,12.92,13.28,1.27,0.55,0.16,69.61,-2.34,-1.52,284.19,67.87,92365.35,"123.31,50.78",2013-5-26,1.27,0.6875,13.28,4.0,34.805,18.45714285714286,34.805
41650,11.06,11.53,1.4,0.78,0.16,73.48,-2.56,-3.82,287.22,55.61,96196.78,"125.31,50.55",2013-5-26,1.4,0.9750000000000001,11.53,4.0,36.74,15.8,36.74
41660,12.23,13.07,2.61,2.3,0.18,73.16,1.39,-2.16,289.62,47.19,98343.16,"127.3,50.29",2013-5-26,2.61,2.875,13.07,4.5,36.58,17.47142857142857,36.58
41670,15.61,16.12,1.13,0.52,0.16,65.18,-2.79,-0.74,282.91,69.65,90200.16,"121.74,51.08",2013-5-26,1.13,0.65,16.12,4.0,32.59,22.3,32.59
41680,11.86,12.22,1.19,0.6,0.16,71.14,-2.62,-1.79,284.68,64.97,93179.38,"123.75,50.87",2013-5-26,1.19,0.75,12.22,4.0,35.57,16.942857142857143,35.57
41690,10.97,11.44,1.44,0.73,0.16,74.54,-2.25,-3.41,287.48,54.38,96458.51,"125.75,50.63",2013-5-26,1.44,0.9125,11.44,4.0,37.27,15.671428571428573,37.27
41700,16.54,17.49,3.05,0.62,0.18,67.66,-1.86,-0.08,284.71,66.81,93356.82,"120.15,51.36",2013-5-26,3.05,0.775,17.49,4.5,33.83,23.628571428571426,33.83
41710,14.85,15.3,1.06,0.45,0.16,66.85,-3.01,-0.81,282.38,69.03,89262.85,"122.17,51.17",2013-5-26,1.06,0.5625,15.3,4.0,33.425,21.214285714285715,33.425
41720,11.29,11.67,1.27,0.76,0.16,71.86,-2.11,-1.73,285.01,63.61,93771.51,"124.19,50.95",2013-5-26,1.27,0.95,11.67,4.0,35.93,16.128571428571426,35.93
41730,11.01,11.51,1.5,0.66,0.17,75.26,-2.4,-3.09,286.51,56.92,95395.66,"126.19,50.7",2013-5-26,1.5,0.8250000000000001,11.51,4.25,37.63,15.728571428571428,37.63
41740,16.49,17.19,1.24,0.63,0.17,66.16,-2.26,0.22,283.83,66.87,91506.08,"120.99,51.41",2013-5-26,1.24,0.7875,17.19,4.25,33.08,23.557142857142857,33.08
41750,13.3,13.7,1.02,0.46,0.16,68.14,-2.4,-0.98,283.55,64.86,90719.46,"123.02,51.21",2013-5-26,1.02,0.5750000000000001,13.7,4.0,34.07,19.0,34.07
41760,10.66,11.09,1.22,0.53,0.16,74.06,-2.55,-2.67,285.89,60.64,94902.92,"125.03,50.98",2013-5-26,1.22,0.6625000000000001,11.09,4.0,37.03,15.22857142857143,37.03
41770,10.96,11.6,1.73,1.26,0.17,74.92,-0.71,-3.53,287.56,53.22,97019.77,"127.03,50.73",2013-5-26,1.73,1.575,11.6,4.25,37.46,15.657142857142858,37.46
41780,15.41,15.96,0.99,0.5,0.16,65.45,-2.57,0.91,283.07,67.34,90328.16,"121.83,51.46",2013-5-26,0.99,0.625,15.96,4.0,32.725,22.014285714285716,32.725
41790,11.69,12.07,1.06,0.62,0.16,71.14,-2.04,-1.38,285.18,59.74,93332.49,"123.86,51.25",2013-5-26,1.06,0.775,12.07,4.0,35.57,16.7,35.57
41800,10.39,10.87,1.28,0.57,0.16,74.0,-2.59,-3.45,286.66,57.68,95896.64,"125.87,51.01",2013-5-26,1.28,0.7124999999999999,10.87,4.0,37.0,14.842857142857143,37.0
41810,16.22,16.95,1.03,0.58,0.17,66.37,-1.73,0.82,285.06,62.21,93563.1,"121.05,51.67",2013-5-26,1.03,0.725,16.95,4.25,33.185,23.17142857142857,33.185
41820,13.22,13.62,0.95,0.49,0.16,67.82,-2.31,-0.35,283.12,64.64,90420.55,"123.09,51.46",2013-5-26,0.95,0.6125,13.62,4.0,33.91,18.885714285714286,33.91
41830,10.46,10.9,1.14,0.56,0.16,72.73,-2.35,-2.19,286.14,59.54,95162.7,"125.11,51.23",2013-5-26,1.14,0.7000000000000001,10.9,4.0,36.365,14.942857142857145,36.365
41840,16.11,16.96,1.09,0.67,0.18,66.53,-1.61,1.15,284.38,62.79,92848.89,"120.67,51.83",2013-5-26,1.09,0.8375,16.96,4.5,33.265,23.014285714285712,33.265
41850,13.34,13.74,0.93,0.44,0.16,70.0,-2.18,-0.52,282.79,61.75,89073.77,"122.71,51.63",2013-5-26,0.93,0.55,13.74,4.0,35.0,19.057142857142857,35.0
41860,10.53,10.96,1.1,0.62,0.16,71.96,-1.79,-1.47,284.94,61.64,93396.59,"124.74,51.41",2013-5-26,1.1,0.775,10.96,4.0,35.98,15.042857142857143,35.98
41870,10.09,10.63,1.4,0.65,0.16,75.65,-1.41,-3.24,287.83,56.02,97819.56,"126.75,51.16",2013-5-26,1.4,0.8125,10.63,4.0,37.825,14.414285714285715,37.825
41880,13.6,14.02,0.91,0.45,0.16,70.04,-2.53,0.49,282.08,64.88,88604.69,"122.54,51.78",2013-5-26,0.91,0.5625,14.02,4.0,35.02,19.428571428571427,35.02
41890,10.73,11.16,1.1,0.81,0.16,70.81,-1.5,-0.58,285.08,60.99,93765.59,"124.58,51.55",2013-5-26,1.1,1.0125000000000002,11.16,4.0,35.405,15.32857142857143,35.405
41900,10.02,10.55,1.32,0.65,0.16,75.19,-1.33,-3.38,287.49,57.45,97566.86,"126.59,51.31",2013-5-26,1.32,0.8125,10.55,4.0,37.595,14.314285714285713,37.595
41910,13.51,13.92,0.9,0.47,0.16,70.99,-2.42,0.85,282.47,63.3,89022.55,"122.58,51.9",2013-5-26,0.9,0.5874999999999999,13.92,4.0,35.495,19.3,35.495
41920,10.54,10.98,1.03,0.84,0.16,70.42,-1.46,-0.48,285.51,59.03,94323.85,"124.61,51.68",2013-5-26,1.03,1.05,10.98,4.0,35.21,15.057142857142857,35.21
41930,9.96,10.5,1.28,0.64,0.16,75.02,-1.09,-3.37,287.43,58.56,97672.75,"126.64,51.43",2013-5-26,1.28,0.8,10.5,4.0,37.51,14.22857142857143,37.51
41940,13.97,14.39,0.87,0.54,0.16,71.07,-2.54,0.96,283.5,59.29,90375.85,"122.41,52.05",2013-5-26,0.87,0.675,14.39,4.0,35.535,19.95714285714286,35.535
41950,10.71,11.14,1.01,0.89,0.16,69.71,-0.91,-0.32,285.55,56.85,93777.27,"124.45,51.83",2013-5-26,1.01,1.1125,11.14,4.0,34.855,15.3,34.855
41960,9.71,10.25,1.21,0.69,0.16,74.36,-1.3,-2.53,287.56,58.75,97753.32,"126.48,51.59",2013-5-26,1.21,0.8624999999999999,10.25,4.0,37.18,13.871428571428574,37.18
41970,14.24,14.66,0.82,0.58,0.16,71.31,-2.48,0.87,283.65,56.9,90381.64,"122.44,52.18",2013-5-26,0.82,0.725,14.66,4.0,35.655,20.342857142857145,35.655
41980,10.67,11.1,0.96,0.91,0.16,69.2,-0.6,-0.02,285.46,56.8,93698.61,"124.49,51.96",2013-5-26,0.96,1.1375,11.1,4.0,34.6,15.242857142857144,34.6
41990,9.39,9.93,1.17,0.72,0.16,73.99,-0.97,-1.87,287.91,58.1,98343.05,"126.52,51.71",2013-5-26,1.17,0.8999999999999999,9.93,4.0,36.995,13.414285714285715,36.995
42000,13.71,14.13,0.79,0.67,0.16,70.91,-1.88,0.91,283.81,54.53,90374.09,"122.68,52.28",2013-5-26,0.79,0.8375,14.13,4.0,35.455,19.58571428571429,35.455
42010,10.36,10.79,0.93,0.91,0.16,68.7,-0.36,0.69,286.19,56.27,95091.85,"124.73,52.06",2013-5-26,0.93,1.1375,10.79,4.0,34.35,14.799999999999999,34.35
42020,13.51,14.22,0.97,0.45,0.17,67.32,-1.42,0.75,285.43,51.88,94355.84,"120.24,52.64",2013-5-26,0.97,0.5625,14.22,4.25,33.66,19.3,33.66
42030,13.12,13.57,0.76,0.79,0.16,70.34,-1.77,0.76,284.82,52.55,92341.91,"122.51,52.43",2013-5-26,0.76,0.9875,13.57,4.0,35.17,18.742857142857144,35.17
42040,10.65,11.08,0.93,1.02,0.16,69.1,0.15,1.04,286.11,54.89,94838.4,"124.56,52.21",2013-5-26,0.93,1.275,11.08,4.0,34.55,15.214285714285715,34.55
42050,12.74,13.42,0.9,0.59,0.17,68.24,-1.8,0.29,285.49,50.17,94581.91,"120.27,52.77",2013-5-26,0.9,0.7374999999999999,13.42,4.25,34.12,18.2,34.12
42060,12.11,12.58,0.76,0.82,0.16,70.21,-1.52,-0.01,284.93,48.25,91795.23,"122.34,52.57",2013-5-26,0.76,1.025,12.58,4.0,35.105,17.3,35.105
42070,10.77,11.2,0.89,0.94,0.16,69.76,-0.16,0.65,286.19,52.21,94692.37,"124.4,52.35",2013-5-26,0.89,1.1749999999999998,11.2,4.0,34.88,15.385714285714286,34.88
42080,8.35,8.94,0.95,0.8,0.16,71.0,0.27,-0.13,287.97,58.48,98240.31,"126.44,52.11",2013-5-26,0.95,1.0,8.94,4.0,35.5,11.928571428571429,35.5
42090,11.02,11.52,0.8,0.95,0.16,70.01,-1.76,0.22,285.42,47.8,93303.98,"122.17,52.72",2013-5-26,0.8,1.1875,11.52,4.0,35.005,15.742857142857142,35.005
42100,10.89,11.31,0.82,0.98,0.16,69.56,-0.01,0.0,285.23,51.16,92925.42,"124.23,52.5",2013-5-26,0.82,1.225,11.31,4.0,34.78,15.557142857142859,34.78
42110,8.09,8.62,0.87,0.88,0.16,70.31,1.11,0.32,287.76,57.91,97925.1,"126.28,52.26",2013-5-26,0.87,1.1,8.62,4.0,35.155,11.557142857142857,35.155
42120,9.74,10.26,0.9,1.25,0.16,69.75,-1.26,-0.09,285.78,45.29,94064.7,"122.41,52.82",2013-5-26,0.9,1.5625,10.26,4.0,34.875,13.914285714285715,34.875
42130,10.0,10.41,0.81,1.04,0.16,69.3,0.83,0.31,285.95,49.37,94107.44,"124.47,52.61",2013-5-26,0.81,1.3,10.41,4.0,34.65,14.285714285714286,34.65
42140,9.35,9.94,0.81,0.56,0.16,69.9,-2.74,-0.34,285.93,43.61,94232.47,"120.78,53.11",2013-5-26,0.81,0.7000000000000001,9.94,4.0,34.95,13.357142857142858,34.95
42150,8.82,9.34,0.98,1.31,0.16,70.16,-1.84,0.29,285.93,43.58,94394.0,"122.86,52.91",2013-5-26,0.98,1.6375000000000002,9.34,4.0,35.08,12.600000000000001,35.08
42160,8.31,8.66,0.72,0.99,0.16,69.75,0.97,-0.35,286.56,47.79,95021.45,"124.92,52.68",2013-5-26,0.72,1.2375,8.66,4.0,34.875,11.871428571428572,34.875
42170,8.46,9.02,0.93,0.77,0.16,70.22,-1.88,-0.12,286.19,42.67,94586.36,"121.43,53.18",2013-5-26,0.93,0.9625,9.02,4.0,35.11,12.085714285714287,35.11
42180,7.71,8.16,0.7,0.96,0.16,70.57,-1.04,-0.08,286.21,41.9,94451.1,"123.51,52.97",2013-5-26,0.7,1.2,8.16,4.0,35.285,11.014285714285714,35.285
42190,7.32,7.66,0.71,0.94,0.16,69.08,1.74,-0.07,287.29,48.23,96824.8,"125.58,52.74",2013-5-26,0.71,1.1749999999999998,7.66,4.0,34.54,10.457142857142857,34.54
42200,6.59,7.06,0.91,1.12,0.16,69.54,-2.29,-0.4,286.68,38.51,94844.7,"122.93,53.16",2013-5-26,0.91,1.4000000000000001,7.06,4.0,34.77,9.414285714285715,34.77
42210,6.67,6.97,0.61,0.92,0.16,69.34,1.19,-0.13,287.17,45.14,96568.03,"125.0,52.93",2013-5-26,0.61,1.1500000000000001,6.97,4.0,34.67,9.528571428571428,34.67
42220,5.65,6.07,0.98,1.09,0.16,69.52,-2.15,-0.7,287.06,37.83,95522.54,"122.96,53.28",2013-5-26,0.98,1.3625,6.07,4.0,34.76,8.071428571428573,34.76
42230,5.43,5.74,0.55,0.7,0.16,69.34,0.41,-0.22,287.66,41.84,97240.88,"125.04,53.06",2013-5-26,0.55,0.875,5.74,4.0,34.67,7.757142857142857,34.67
